PreSens Measurement Studio 2,1.1.2.0,,,,,,,,,,,,,,,,,,,,,,,,,,,,,,,,,,,,,,,,,,,,,,,,,,,,,
Date,Time,Channel,User,SensorID,Sensor_Name,delta_t,Time_Unit,Value,O2_Unit,Mode,Phase,Phase_Unit,Amplitude,Amplitude_Unit,Temp,Temp_Unit,Pressure,Pressure_Unit,Salinity,Salinity_Unit,Error,Cal0,Cal0_Unit,T0,T0_Unit,O2Cal2nd,O2_Unit,Cal2nd,Cal2nd_Unit,T2nd,T2nd_Unit,CalPressure,CalPressure_Unit,f1,dPhi1,dkSv1,dPhi2,dkSv2,m,Cal_Mode,SignalLEDCurrent,User_Signal_Intensity,ReferenceLEDCurrent,Reference_Amplitude,Device_Serial,FwVersion,SwVersion,Sensor_Type,BatchID,Calibration_Date,Sensor_Lot,PreSens_Calibr,Battery_Voltage,Battery_Voltage_Unit
4/18/22,11:49:36,9,default,199182947,OXY-CH9,0,min,249.386,µmol/L,Humid,18.362,deg,93302,µV,28.876,°C,1017,hPa,35.3,pmil,0,55.4,deg,20,°C,100,%a.s.,22.63,deg,20,°C,972,hPa,0.816,-0.01371,0.000397,-0.00013,0,10.11,Humid,22.75,0,51,240818.66,SABD0000000001,AAV1.0.0.11,1.1.2.0,PSt7-10,191107-136,2/17/22 12:14,0000-00,0,no battery,V
4/18/22,11:49:37,9,default,199182947,OXY-CH9,0.018,min,249.203,µmol/L,Humid,18.364,deg,93277,µV,28.894,°C,1017,hPa,35.3,pmil,0,55.4,deg,20,°C,100,%a.s.,22.63,deg,20,°C,972,hPa,0.816,-0.01371,0.000397,-0.00013,0,10.11,Humid,22.75,0,51,240773.15,SABD0000000001,AAV1.0.0.11,1.1.2.0,PSt7-10,191107-136,2/17/22 12:14,0000-00,0,no battery,V
4/18/22,11:49:38,9,default,199182947,OXY-CH9,0.034,min,249.191,µmol/L,Humid,18.367,deg,93264,µV,28.886,°C,1017,hPa,35.3,pmil,0,55.4,deg,20,°C,100,%a.s.,22.63,deg,20,°C,972,hPa,0.816,-0.01371,0.000397,-0.00013,0,10.11,Humid,22.75,0,51,240768.41,SABD0000000001,AAV1.0.0.11,1.1.2.0,PSt7-10,191107-136,2/17/22 12:14,0000-00,0,no battery,V
4/18/22,11:49:39,9,default,199182947,OXY-CH9,0.051,min,249.367,µmol/L,Humid,18.364,deg,93265,µV,28.872,°C,1017,hPa,35.3,pmil,0,55.4,deg,20,°C,100,%a.s.,22.63,deg,20,°C,972,hPa,0.816,-0.01371,0.000397,-0.00013,0,10.11,Humid,22.75,0,51,240749.09,SABD0000000001,AAV1.0.0.11,1.1.2.0,PSt7-10,191107-136,2/17/22 12:14,0000-00,0,no battery,V
4/18/22,11:49:40,9,default,199182947,OXY-CH9,0.068,min,249.384,µmol/L,Humid,18.364,deg,93259,µV,28.87,°C,1017,hPa,35.3,pmil,0,55.4,deg,20,°C,100,%a.s.,22.63,deg,20,°C,972,hPa,0.816,-0.01371,0.000397,-0.00013,0,10.11,Humid,22.75,0,51,240727.04,SABD0000000001,AAV1.0.0.11,1.1.2.0,PSt7-10,191107-136,2/17/22 12:14,0000-00,0,no battery,V
4/18/22,11:49:41,9,default,199182947,OXY-CH9,0.084,min,249.397,µmol/L,Humid,18.363,deg,93250,µV,28.872,°C,1017,hPa,35.3,pmil,0,55.4,deg,20,°C,100,%a.s.,22.63,deg,20,°C,972,hPa,0.816,-0.01371,0.000397,-0.00013,0,10.11,Humid,22.75,0,51,240731.76,SABD0000000001,AAV1.0.0.11,1.1.2.0,PSt7-10,191107-136,2/17/22 12:14,0000-00,0,no battery,V
4/18/22,11:49:42,9,default,199182947,OXY-CH9,0.101,min,249.229,µmol/L,Humid,18.362,deg,93241,µV,28.897,°C,1017,hPa,35.3,pmil,0,55.4,deg,20,°C,100,%a.s.,22.63,deg,20,°C,972,hPa,0.816,-0.01371,0.000397,-0.00013,0,10.11,Humid,22.75,0,51,240718.44,SABD0000000001,AAV1.0.0.11,1.1.2.0,PSt7-10,191107-136,2/17/22 12:14,0000-00,0,no battery,V
4/18/22,11:49:43,9,default,199182947,OXY-CH9,0.118,min,249.138,µmol/L,Humid,18.364,deg,93229,µV,28.902,°C,1017,hPa,35.3,pmil,0,55.4,deg,20,°C,100,%a.s.,22.63,deg,20,°C,972,hPa,0.816,-0.01371,0.000397,-0.00013,0,10.11,Humid,22.75,0,51,240725.56,SABD0000000001,AAV1.0.0.11,1.1.2.0,PSt7-10,191107-136,2/17/22 12:14,0000-00,0,no battery,V
4/18/22,11:49:44,9,default,199182947,OXY-CH9,0.134,min,249.284,µmol/L,Humid,18.361,deg,93226,µV,28.893,°C,1017,hPa,35.3,pmil,0,55.4,deg,20,°C,100,%a.s.,22.63,deg,20,°C,972,hPa,0.816,-0.01371,0.000397,-0.00013,0,10.11,Humid,22.75,0,51,240710.77,SABD0000000001,AAV1.0.0.11,1.1.2.0,PSt7-10,191107-136,2/17/22 12:14,0000-00,0,no battery,V
4/18/22,11:49:45,9,default,199182947,OXY-CH9,0.151,min,249.207,µmol/L,Humid,18.358,deg,93218,µV,28.912,°C,1017,hPa,35.3,pmil,0,55.4,deg,20,°C,100,%a.s.,22.63,deg,20,°C,972,hPa,0.816,-0.01371,0.000397,-0.00013,0,10.11,Humid,22.75,0,51,240701.33,SABD0000000001,AAV1.0.0.11,1.1.2.0,PSt7-10,191107-136,2/17/22 12:14,0000-00,0,no battery,V
4/18/22,11:49:46,9,default,199182947,OXY-CH9,0.167,min,249.335,µmol/L,Humid,18.361,deg,93216,µV,28.886,°C,1017,hPa,35.3,pmil,0,55.4,deg,20,°C,100,%a.s.,22.63,deg,20,°C,972,hPa,0.816,-0.01371,0.000397,-0.00013,0,10.11,Humid,22.75,0,51,240701.96,SABD0000000001,AAV1.0.0.11,1.1.2.0,PSt7-10,191107-136,2/17/22 12:14,0000-00,0,no battery,V
4/18/22,11:49:47,9,default,199182947,OXY-CH9,0.184,min,249.228,µmol/L,Humid,18.363,deg,93202,µV,28.894,°C,1017,hPa,35.3,pmil,0,55.4,deg,20,°C,100,%a.s.,22.63,deg,20,°C,972,hPa,0.816,-0.01371,0.000397,-0.00013,0,10.11,Humid,22.75,0,51,240702.64,SABD0000000001,AAV1.0.0.11,1.1.2.0,PSt7-10,191107-136,2/17/22 12:14,0000-00,0,no battery,V
4/18/22,11:49:48,9,default,199182947,OXY-CH9,0.201,min,249.359,µmol/L,Humid,18.363,deg,93200,µV,28.877,°C,1017,hPa,35.3,pmil,0,55.4,deg,20,°C,100,%a.s.,22.63,deg,20,°C,972,hPa,0.816,-0.01371,0.000397,-0.00013,0,10.11,Humid,22.75,0,51,240692.88,SABD0000000001,AAV1.0.0.11,1.1.2.0,PSt7-10,191107-136,2/17/22 12:14,0000-00,0,no battery,V
4/18/22,11:49:49,9,default,199182947,OXY-CH9,0.217,min,249.338,µmol/L,Humid,18.362,deg,93199,µV,28.882,°C,1017,hPa,35.3,pmil,0,55.4,deg,20,°C,100,%a.s.,22.63,deg,20,°C,972,hPa,0.816,-0.01371,0.000397,-0.00013,0,10.11,Humid,22.75,0,51,240692.24,SABD0000000001,AAV1.0.0.11,1.1.2.0,PSt7-10,191107-136,2/17/22 12:14,0000-00,0,no battery,V
4/18/22,11:49:50,9,default,199182947,OXY-CH9,0.234,min,249.28,µmol/L,Humid,18.361,deg,93191,µV,28.893,°C,1017,hPa,35.3,pmil,0,55.4,deg,20,°C,100,%a.s.,22.63,deg,20,°C,972,hPa,0.816,-0.01371,0.000397,-0.00013,0,10.11,Humid,22.75,0,51,240679.56,SABD0000000001,AAV1.0.0.11,1.1.2.0,PSt7-10,191107-136,2/17/22 12:14,0000-00,0,no battery,V
4/18/22,11:49:51,9,default,199182947,OXY-CH9,0.251,min,249.343,µmol/L,Humid,18.36,deg,93179,µV,28.888,°C,1017,hPa,35.3,pmil,0,55.4,deg,20,°C,100,%a.s.,22.63,deg,20,°C,972,hPa,0.816,-0.01371,0.000397,-0.00013,0,10.11,Humid,22.75,0,51,240683.41,SABD0000000001,AAV1.0.0.11,1.1.2.0,PSt7-10,191107-136,2/17/22 12:14,0000-00,0,no battery,V
4/18/22,11:49:52,9,default,199182947,OXY-CH9,0.268,min,249.507,µmol/L,Humid,18.356,deg,93177,µV,28.879,°C,1017,hPa,35.3,pmil,0,55.4,deg,20,°C,100,%a.s.,22.63,deg,20,°C,972,hPa,0.816,-0.01371,0.000397,-0.00013,0,10.11,Humid,22.75,0,51,240678.48,SABD0000000001,AAV1.0.0.11,1.1.2.0,PSt7-10,191107-136,2/17/22 12:14,0000-00,0,no battery,V
4/18/22,11:49:53,9,default,199182947,OXY-CH9,0.285,min,249.411,µmol/L,Humid,18.359,deg,93170,µV,28.882,°C,1017,hPa,35.3,pmil,0,55.4,deg,20,°C,100,%a.s.,22.63,deg,20,°C,972,hPa,0.816,-0.01371,0.000397,-0.00013,0,10.11,Humid,22.75,0,51,240680.87,SABD0000000001,AAV1.0.0.11,1.1.2.0,PSt7-10,191107-136,2/17/22 12:14,0000-00,0,no battery,V
4/18/22,11:49:54,9,default,199182947,OXY-CH9,0.301,min,249.364,µmol/L,Humid,18.359,deg,93166,µV,28.888,°C,1017,hPa,35.3,pmil,0,55.4,deg,20,°C,100,%a.s.,22.63,deg,20,°C,972,hPa,0.816,-0.01371,0.000397,-0.00013,0,10.11,Humid,22.75,0,51,240677.49,SABD0000000001,AAV1.0.0.11,1.1.2.0,PSt7-10,191107-136,2/17/22 12:14,0000-00,0,no battery,V
4/18/22,11:49:55,9,default,199182947,OXY-CH9,0.317,min,249.275,µmol/L,Humid,18.36,deg,93156,µV,28.897,°C,1017,hPa,35.3,pmil,0,55.4,deg,20,°C,100,%a.s.,22.63,deg,20,°C,972,hPa,0.816,-0.01371,0.000397,-0.00013,0,10.11,Humid,22.75,0,51,240677.87,SABD0000000001,AAV1.0.0.11,1.1.2.0,PSt7-10,191107-136,2/17/22 12:14,0000-00,0,no battery,V
4/18/22,11:49:56,9,default,199182947,OXY-CH9,0.334,min,249.275,µmol/L,Humid,18.361,deg,93151,µV,28.894,°C,1017,hPa,35.3,pmil,0,55.4,deg,20,°C,100,%a.s.,22.63,deg,20,°C,972,hPa,0.816,-0.01371,0.000397,-0.00013,0,10.11,Humid,22.75,0,51,240675.57,SABD0000000001,AAV1.0.0.11,1.1.2.0,PSt7-10,191107-136,2/17/22 12:14,0000-00,0,no battery,V
4/18/22,11:49:57,9,default,199182947,OXY-CH9,0.351,min,249.349,µmol/L,Humid,18.361,deg,93144,µV,28.884,°C,1017,hPa,35.3,pmil,0,55.4,deg,20,°C,100,%a.s.,22.63,deg,20,°C,972,hPa,0.816,-0.01371,0.000397,-0.00013,0,10.11,Humid,22.75,0,51,240670,SABD0000000001,AAV1.0.0.11,1.1.2.0,PSt7-10,191107-136,2/17/22 12:14,0000-00,0,no battery,V
4/18/22,11:49:58,9,default,199182947,OXY-CH9,0.367,min,249.352,µmol/L,Humid,18.361,deg,93144,µV,28.884,°C,1017,hPa,35.3,pmil,0,55.4,deg,20,°C,100,%a.s.,22.63,deg,20,°C,972,hPa,0.816,-0.01371,0.000397,-0.00013,0,10.11,Humid,22.75,0,51,240668.05,SABD0000000001,AAV1.0.0.11,1.1.2.0,PSt7-10,191107-136,2/17/22 12:14,0000-00,0,no battery,V
4/18/22,11:49:59,9,default,199182947,OXY-CH9,0.384,min,249.55,µmol/L,Humid,18.354,deg,93132,µV,28.879,°C,1017,hPa,35.3,pmil,0,55.4,deg,20,°C,100,%a.s.,22.63,deg,20,°C,972,hPa,0.816,-0.01371,0.000397,-0.00013,0,10.11,Humid,22.75,0,51,240662.19,SABD0000000001,AAV1.0.0.11,1.1.2.0,PSt7-10,191107-136,2/17/22 12:14,0000-00,0,no battery,V
4/18/22,11:50:00,9,default,199182947,OXY-CH9,0.401,min,249.536,µmol/L,Humid,18.356,deg,93132,µV,28.875,°C,1017,hPa,35.3,pmil,0,55.4,deg,20,°C,100,%a.s.,22.63,deg,20,°C,972,hPa,0.816,-0.01371,0.000397,-0.00013,0,10.11,Humid,22.75,0,51,240670.71,SABD0000000001,AAV1.0.0.11,1.1.2.0,PSt7-10,191107-136,2/17/22 12:14,0000-00,0,no battery,V
4/18/22,11:50:01,9,default,199182947,OXY-CH9,0.418,min,249.479,µmol/L,Humid,18.352,deg,93128,µV,28.895,°C,1017,hPa,35.3,pmil,0,55.4,deg,20,°C,100,%a.s.,22.63,deg,20,°C,972,hPa,0.816,-0.01371,0.000397,-0.00013,0,10.11,Humid,22.75,0,51,240657.52,SABD0000000001,AAV1.0.0.11,1.1.2.0,PSt7-10,191107-136,2/17/22 12:14,0000-00,0,no battery,V
4/18/22,11:50:02,9,default,199182947,OXY-CH9,0.434,min,249.547,µmol/L,Humid,18.348,deg,93120,µV,28.898,°C,1017,hPa,35.3,pmil,0,55.4,deg,20,°C,100,%a.s.,22.63,deg,20,°C,972,hPa,0.816,-0.01371,0.000397,-0.00013,0,10.11,Humid,22.75,0,51,240661.09,SABD0000000001,AAV1.0.0.11,1.1.2.0,PSt7-10,191107-136,2/17/22 12:14,0000-00,0,no battery,V
4/18/22,11:50:03,9,default,199182947,OXY-CH9,0.451,min,249.25,µmol/L,Humid,18.36,deg,93114,µV,28.9,°C,1017,hPa,35.3,pmil,0,55.4,deg,20,°C,100,%a.s.,22.63,deg,20,°C,972,hPa,0.816,-0.01371,0.000397,-0.00013,0,10.11,Humid,22.75,0,51,240655.09,SABD0000000001,AAV1.0.0.11,1.1.2.0,PSt7-10,191107-136,2/17/22 12:14,0000-00,0,no battery,V
4/18/22,11:50:04,9,default,199182947,OXY-CH9,0.468,min,249.416,µmol/L,Humid,18.353,deg,93108,µV,28.9,°C,1017,hPa,35.3,pmil,0,55.4,deg,20,°C,100,%a.s.,22.63,deg,20,°C,972,hPa,0.816,-0.01371,0.000397,-0.00013,0,10.11,Humid,22.75,0,51,240659.28,SABD0000000001,AAV1.0.0.11,1.1.2.0,PSt7-10,191107-136,2/17/22 12:14,0000-00,0,no battery,V
4/18/22,11:50:05,9,default,199182947,OXY-CH9,0.484,min,249.45,µmol/L,Humid,18.354,deg,93102,µV,28.893,°C,1017,hPa,35.3,pmil,0,55.4,deg,20,°C,100,%a.s.,22.63,deg,20,°C,972,hPa,0.816,-0.01371,0.000397,-0.00013,0,10.11,Humid,22.75,0,51,240654.94,SABD0000000001,AAV1.0.0.11,1.1.2.0,PSt7-10,191107-136,2/17/22 12:14,0000-00,0,no battery,V
4/18/22,11:50:06,9,default,199182947,OXY-CH9,0.5,min,249.521,µmol/L,Humid,18.351,deg,93096,µV,28.893,°C,1017,hPa,35.3,pmil,0,55.4,deg,20,°C,100,%a.s.,22.63,deg,20,°C,972,hPa,0.816,-0.01371,0.000397,-0.00013,0,10.11,Humid,22.75,0,51,240654.37,SABD0000000001,AAV1.0.0.11,1.1.2.0,PSt7-10,191107-136,2/17/22 12:14,0000-00,0,no battery,V
4/18/22,11:50:07,9,default,199182947,OXY-CH9,0.517,min,249.456,µmol/L,Humid,18.353,deg,93097,µV,28.895,°C,1017,hPa,35.3,pmil,0,55.4,deg,20,°C,100,%a.s.,22.63,deg,20,°C,972,hPa,0.816,-0.01371,0.000397,-0.00013,0,10.11,Humid,22.75,0,51,240653.08,SABD0000000001,AAV1.0.0.11,1.1.2.0,PSt7-10,191107-136,2/17/22 12:14,0000-00,0,no battery,V
4/18/22,11:50:08,9,default,199182947,OXY-CH9,0.534,min,249.606,µmol/L,Humid,18.352,deg,93077,µV,28.878,°C,1017,hPa,35.3,pmil,0,55.4,deg,20,°C,100,%a.s.,22.63,deg,20,°C,972,hPa,0.816,-0.01371,0.000397,-0.00013,0,10.11,Humid,22.75,0,51,240642.73,SABD0000000001,AAV1.0.0.11,1.1.2.0,PSt7-10,191107-136,2/17/22 12:14,0000-00,0,no battery,V
4/18/22,11:50:09,9,default,199182947,OXY-CH9,0.551,min,249.661,µmol/L,Humid,18.351,deg,93078,µV,28.874,°C,1017,hPa,35.3,pmil,0,55.4,deg,20,°C,100,%a.s.,22.63,deg,20,°C,972,hPa,0.816,-0.01371,0.000397,-0.00013,0,10.11,Humid,22.75,0,51,240640.93,SABD0000000001,AAV1.0.0.11,1.1.2.0,PSt7-10,191107-136,2/17/22 12:14,0000-00,0,no battery,V
4/18/22,11:50:10,9,default,199182947,OXY-CH9,0.567,min,249.603,µmol/L,Humid,18.348,deg,93067,µV,28.891,°C,1017,hPa,35.3,pmil,0,55.4,deg,20,°C,100,%a.s.,22.63,deg,20,°C,972,hPa,0.816,-0.01371,0.000397,-0.00013,0,10.11,Humid,22.75,0,51,240642.12,SABD0000000001,AAV1.0.0.11,1.1.2.0,PSt7-10,191107-136,2/17/22 12:14,0000-00,0,no battery,V
4/18/22,11:50:11,9,default,199182947,OXY-CH9,0.584,min,249.571,µmol/L,Humid,18.35,deg,93065,µV,28.889,°C,1017,hPa,35.3,pmil,0,55.4,deg,20,°C,100,%a.s.,22.63,deg,20,°C,972,hPa,0.816,-0.01371,0.000397,-0.00013,0,10.11,Humid,22.75,0,51,240644.23,SABD0000000001,AAV1.0.0.11,1.1.2.0,PSt7-10,191107-136,2/17/22 12:14,0000-00,0,no battery,V
4/18/22,11:50:12,9,default,199182947,OXY-CH9,0.601,min,249.649,µmol/L,Humid,18.346,deg,93056,µV,28.891,°C,1017,hPa,35.3,pmil,0,55.4,deg,20,°C,100,%a.s.,22.63,deg,20,°C,972,hPa,0.816,-0.01371,0.000397,-0.00013,0,10.11,Humid,22.75,0,51,240640.53,SABD0000000001,AAV1.0.0.11,1.1.2.0,PSt7-10,191107-136,2/17/22 12:14,0000-00,0,no battery,V
4/18/22,11:50:13,9,default,199182947,OXY-CH9,0.618,min,249.715,µmol/L,Humid,18.347,deg,93050,µV,28.879,°C,1017,hPa,35.3,pmil,0,55.4,deg,20,°C,100,%a.s.,22.63,deg,20,°C,972,hPa,0.816,-0.01371,0.000397,-0.00013,0,10.11,Humid,22.75,0,51,240633.04,SABD0000000001,AAV1.0.0.11,1.1.2.0,PSt7-10,191107-136,2/17/22 12:14,0000-00,0,no battery,V
4/18/22,11:50:14,9,default,199182947,OXY-CH9,0.634,min,249.81,µmol/L,Humid,18.344,deg,93039,µV,28.876,°C,1017,hPa,35.3,pmil,0,55.4,deg,20,°C,100,%a.s.,22.63,deg,20,°C,972,hPa,0.816,-0.01371,0.000397,-0.00013,0,10.11,Humid,22.75,0,51,240628.65,SABD0000000001,AAV1.0.0.11,1.1.2.0,PSt7-10,191107-136,2/17/22 12:14,0000-00,0,no battery,V
4/18/22,11:50:15,9,default,199182947,OXY-CH9,0.651,min,249.703,µmol/L,Humid,18.344,deg,93037,µV,28.89,°C,1017,hPa,35.3,pmil,0,55.4,deg,20,°C,100,%a.s.,22.63,deg,20,°C,972,hPa,0.816,-0.01371,0.000397,-0.00013,0,10.11,Humid,22.75,0,51,240630.49,SABD0000000001,AAV1.0.0.11,1.1.2.0,PSt7-10,191107-136,2/17/22 12:14,0000-00,0,no battery,V
4/18/22,11:50:16,9,default,199182947,OXY-CH9,0.668,min,249.689,µmol/L,Humid,18.346,deg,93037,µV,28.886,°C,1017,hPa,35.3,pmil,0,55.4,deg,20,°C,100,%a.s.,22.63,deg,20,°C,972,hPa,0.816,-0.01371,0.000397,-0.00013,0,10.11,Humid,22.75,0,51,240624.14,SABD0000000001,AAV1.0.0.11,1.1.2.0,PSt7-10,191107-136,2/17/22 12:14,0000-00,0,no battery,V
4/18/22,11:50:17,9,default,199182947,OXY-CH9,0.685,min,249.854,µmol/L,Humid,18.344,deg,93037,µV,28.871,°C,1017,hPa,35.3,pmil,0,55.4,deg,20,°C,100,%a.s.,22.63,deg,20,°C,972,hPa,0.816,-0.01371,0.000397,-0.00013,0,10.11,Humid,22.75,0,51,240609.87,SABD0000000001,AAV1.0.0.11,1.1.2.0,PSt7-10,191107-136,2/17/22 12:14,0000-00,0,no battery,V
4/18/22,11:50:18,9,default,199182947,OXY-CH9,0.701,min,249.816,µmol/L,Humid,18.342,deg,93025,µV,28.882,°C,1017,hPa,35.3,pmil,0,55.4,deg,20,°C,100,%a.s.,22.63,deg,20,°C,972,hPa,0.816,-0.01371,0.000397,-0.00013,0,10.11,Humid,22.75,0,51,240619.63,SABD0000000001,AAV1.0.0.11,1.1.2.0,PSt7-10,191107-136,2/17/22 12:14,0000-00,0,no battery,V
4/18/22,11:50:19,9,default,199182947,OXY-CH9,0.717,min,249.612,µmol/L,Humid,18.347,deg,93016,µV,28.893,°C,1017,hPa,35.3,pmil,0,55.4,deg,20,°C,100,%a.s.,22.63,deg,20,°C,972,hPa,0.816,-0.01371,0.000397,-0.00013,0,10.11,Humid,22.75,0,51,240618.55,SABD0000000001,AAV1.0.0.11,1.1.2.0,PSt7-10,191107-136,2/17/22 12:14,0000-00,0,no battery,V
4/18/22,11:50:20,9,default,199182947,OXY-CH9,0.734,min,249.707,µmol/L,Humid,18.345,deg,93008,µV,28.887,°C,1017,hPa,35.3,pmil,0,55.4,deg,20,°C,100,%a.s.,22.63,deg,20,°C,972,hPa,0.816,-0.01371,0.000397,-0.00013,0,10.11,Humid,22.75,0,51,240622.8,SABD0000000001,AAV1.0.0.11,1.1.2.0,PSt7-10,191107-136,2/17/22 12:14,0000-00,0,no battery,V
4/18/22,11:50:21,9,default,199182947,OXY-CH9,0.751,min,249.691,µmol/L,Humid,18.341,deg,93004,µV,28.901,°C,1017,hPa,35.3,pmil,0,55.4,deg,20,°C,100,%a.s.,22.63,deg,20,°C,972,hPa,0.816,-0.01371,0.000397,-0.00013,0,10.11,Humid,22.75,0,51,240613.04,SABD0000000001,AAV1.0.0.11,1.1.2.0,PSt7-10,191107-136,2/17/22 12:14,0000-00,0,no battery,V
4/18/22,11:50:22,9,default,199182947,OXY-CH9,0.767,min,249.742,µmol/L,Humid,18.342,deg,92996,µV,28.891,°C,1017,hPa,35.3,pmil,0,55.4,deg,20,°C,100,%a.s.,22.63,deg,20,°C,972,hPa,0.816,-0.01371,0.000397,-0.00013,0,10.11,Humid,22.75,0,51,240618.99,SABD0000000001,AAV1.0.0.11,1.1.2.0,PSt7-10,191107-136,2/17/22 12:14,0000-00,0,no battery,V
4/18/22,11:50:23,9,default,199182947,OXY-CH9,0.784,min,249.806,µmol/L,Humid,18.343,deg,92992,µV,28.88,°C,1017,hPa,35.3,pmil,0,55.4,deg,20,°C,100,%a.s.,22.63,deg,20,°C,972,hPa,0.816,-0.01371,0.000397,-0.00013,0,10.11,Humid,22.75,0,51,240603.98,SABD0000000001,AAV1.0.0.11,1.1.2.0,PSt7-10,191107-136,2/17/22 12:14,0000-00,0,no battery,V
4/18/22,11:50:24,9,default,199182947,OXY-CH9,0.801,min,249.829,µmol/L,Humid,18.336,deg,92989,µV,28.899,°C,1017,hPa,35.3,pmil,0,55.4,deg,20,°C,100,%a.s.,22.63,deg,20,°C,972,hPa,0.816,-0.01371,0.000397,-0.00013,0,10.11,Humid,22.75,0,51,240601.03,SABD0000000001,AAV1.0.0.11,1.1.2.0,PSt7-10,191107-136,2/17/22 12:14,0000-00,0,no battery,V
4/18/22,11:50:25,9,default,199182947,OXY-CH9,0.818,min,249.643,µmol/L,Humid,18.341,deg,92981,µV,28.907,°C,1017,hPa,35.3,pmil,0,55.4,deg,20,°C,100,%a.s.,22.63,deg,20,°C,972,hPa,0.816,-0.01371,0.000397,-0.00013,0,10.11,Humid,22.75,0,51,240615.07,SABD0000000001,AAV1.0.0.11,1.1.2.0,PSt7-10,191107-136,2/17/22 12:14,0000-00,0,no battery,V
4/18/22,11:50:26,9,default,199182947,OXY-CH9,0.835,min,249.688,µmol/L,Humid,18.34,deg,92976,µV,28.905,°C,1017,hPa,35.3,pmil,0,55.4,deg,20,°C,100,%a.s.,22.63,deg,20,°C,972,hPa,0.816,-0.01371,0.000397,-0.00013,0,10.11,Humid,22.75,0,51,240613.29,SABD0000000001,AAV1.0.0.11,1.1.2.0,PSt7-10,191107-136,2/17/22 12:14,0000-00,0,no battery,V
4/18/22,11:50:27,9,default,199182947,OXY-CH9,0.851,min,249.841,µmol/L,Humid,18.339,deg,92970,µV,28.888,°C,1017,hPa,35.3,pmil,0,55.4,deg,20,°C,100,%a.s.,22.63,deg,20,°C,972,hPa,0.816,-0.01371,0.000397,-0.00013,0,10.11,Humid,22.75,0,51,240606.37,SABD0000000001,AAV1.0.0.11,1.1.2.0,PSt7-10,191107-136,2/17/22 12:14,0000-00,0,no battery,V
4/18/22,11:50:28,9,default,199182947,OXY-CH9,0.868,min,249.908,µmol/L,Humid,18.337,deg,92957,µV,28.885,°C,1017,hPa,35.3,pmil,0,55.4,deg,20,°C,100,%a.s.,22.63,deg,20,°C,972,hPa,0.816,-0.01371,0.000397,-0.00013,0,10.11,Humid,22.75,0,51,240604.42,SABD0000000001,AAV1.0.0.11,1.1.2.0,PSt7-10,191107-136,2/17/22 12:14,0000-00,0,no battery,V
4/18/22,11:50:29,9,default,199182947,OXY-CH9,0.884,min,249.806,µmol/L,Humid,18.339,deg,92968,µV,28.892,°C,1017,hPa,35.3,pmil,0,55.4,deg,20,°C,100,%a.s.,22.63,deg,20,°C,972,hPa,0.816,-0.01371,0.000397,-0.00013,0,10.11,Humid,22.75,0,51,240609.56,SABD0000000001,AAV1.0.0.11,1.1.2.0,PSt7-10,191107-136,2/17/22 12:14,0000-00,0,no battery,V
4/18/22,11:50:30,9,default,199182947,OXY-CH9,0.9,min,249.927,µmol/L,Humid,18.335,deg,92953,µV,28.889,°C,1017,hPa,35.3,pmil,0,55.4,deg,20,°C,100,%a.s.,22.63,deg,20,°C,972,hPa,0.816,-0.01371,0.000397,-0.00013,0,10.11,Humid,22.75,0,51,240601.97,SABD0000000001,AAV1.0.0.11,1.1.2.0,PSt7-10,191107-136,2/17/22 12:14,0000-00,0,no battery,V
4/18/22,11:50:31,9,default,199182947,OXY-CH9,0.917,min,250.046,µmol/L,Humid,18.332,deg,92955,µV,28.883,°C,1017,hPa,35.3,pmil,0,55.4,deg,20,°C,100,%a.s.,22.63,deg,20,°C,972,hPa,0.816,-0.01371,0.000397,-0.00013,0,10.11,Humid,22.75,0,51,240600.78,SABD0000000001,AAV1.0.0.11,1.1.2.0,PSt7-10,191107-136,2/17/22 12:14,0000-00,0,no battery,V
4/18/22,11:50:32,9,default,199182947,OXY-CH9,0.934,min,249.978,µmol/L,Humid,18.334,deg,92946,µV,28.885,°C,1017,hPa,35.3,pmil,0,55.4,deg,20,°C,100,%a.s.,22.63,deg,20,°C,972,hPa,0.816,-0.01371,0.000397,-0.00013,0,10.11,Humid,22.75,0,51,240597.24,SABD0000000001,AAV1.0.0.11,1.1.2.0,PSt7-10,191107-136,2/17/22 12:14,0000-00,0,no battery,V
4/18/22,11:50:33,9,default,199182947,OXY-CH9,0.951,min,250.085,µmol/L,Humid,18.331,deg,92944,µV,28.881,°C,1017,hPa,35.3,pmil,0,55.4,deg,20,°C,100,%a.s.,22.63,deg,20,°C,972,hPa,0.816,-0.01371,0.000397,-0.00013,0,10.11,Humid,22.75,0,51,240596.79,SABD0000000001,AAV1.0.0.11,1.1.2.0,PSt7-10,191107-136,2/17/22 12:14,0000-00,0,no battery,V
4/18/22,11:50:34,9,default,199182947,OXY-CH9,0.967,min,250.004,µmol/L,Humid,18.332,deg,92933,µV,28.888,°C,1017,hPa,35.3,pmil,0,55.4,deg,20,°C,100,%a.s.,22.63,deg,20,°C,972,hPa,0.816,-0.01371,0.000397,-0.00013,0,10.11,Humid,22.75,0,51,240594.27,SABD0000000001,AAV1.0.0.11,1.1.2.0,PSt7-10,191107-136,2/17/22 12:14,0000-00,0,no battery,V
4/18/22,11:50:35,9,default,199182947,OXY-CH9,0.984,min,250.031,µmol/L,Humid,18.334,deg,92921,µV,28.878,°C,1017,hPa,35.3,pmil,0,55.4,deg,20,°C,100,%a.s.,22.63,deg,20,°C,972,hPa,0.816,-0.01371,0.000397,-0.00013,0,10.11,Humid,22.75,0,51,240590.01,SABD0000000001,AAV1.0.0.11,1.1.2.0,PSt7-10,191107-136,2/17/22 12:14,0000-00,0,no battery,V
4/18/22,11:50:36,9,default,199182947,OXY-CH9,1.001,min,250.033,µmol/L,Humid,18.331,deg,92920,µV,28.887,°C,1017,hPa,35.3,pmil,0,55.4,deg,20,°C,100,%a.s.,22.63,deg,20,°C,972,hPa,0.816,-0.01371,0.000397,-0.00013,0,10.11,Humid,22.75,0,51,240590.69,SABD0000000001,AAV1.0.0.11,1.1.2.0,PSt7-10,191107-136,2/17/22 12:14,0000-00,0,no battery,V
4/18/22,11:50:37,9,default,199182947,OXY-CH9,1.018,min,250.241,µmol/L,Humid,18.329,deg,92916,µV,28.866,°C,1017,hPa,35.3,pmil,0,55.4,deg,20,°C,100,%a.s.,22.63,deg,20,°C,972,hPa,0.816,-0.01371,0.000397,-0.00013,0,10.11,Humid,22.75,0,51,240597.67,SABD0000000001,AAV1.0.0.11,1.1.2.0,PSt7-10,191107-136,2/17/22 12:14,0000-00,0,no battery,V
4/18/22,11:50:38,9,default,199182947,OXY-CH9,1.035,min,250.212,µmol/L,Humid,18.327,deg,92910,µV,28.876,°C,1017,hPa,35.3,pmil,0,55.4,deg,20,°C,100,%a.s.,22.63,deg,20,°C,972,hPa,0.816,-0.01371,0.000397,-0.00013,0,10.11,Humid,22.75,0,51,240594.35,SABD0000000001,AAV1.0.0.11,1.1.2.0,PSt7-10,191107-136,2/17/22 12:14,0000-00,0,no battery,V
4/18/22,11:50:39,9,default,199182947,OXY-CH9,1.051,min,250.067,µmol/L,Humid,18.327,deg,92899,µV,28.895,°C,1017,hPa,35.3,pmil,0,55.4,deg,20,°C,100,%a.s.,22.63,deg,20,°C,972,hPa,0.816,-0.01371,0.000397,-0.00013,0,10.11,Humid,22.75,0,51,240586.61,SABD0000000001,AAV1.0.0.11,1.1.2.0,PSt7-10,191107-136,2/17/22 12:14,0000-00,0,no battery,V
4/18/22,11:50:40,9,default,199182947,OXY-CH9,1.067,min,250.053,µmol/L,Humid,18.325,deg,92898,µV,28.903,°C,1017,hPa,35.3,pmil,0,55.4,deg,20,°C,100,%a.s.,22.63,deg,20,°C,972,hPa,0.816,-0.01371,0.000397,-0.00013,0,10.11,Humid,22.75,0,51,240596.86,SABD0000000001,AAV1.0.0.11,1.1.2.0,PSt7-10,191107-136,2/17/22 12:14,0000-00,0,no battery,V
4/18/22,11:50:41,9,default,199182947,OXY-CH9,1.084,min,250.176,µmol/L,Humid,18.323,deg,92889,µV,28.893,°C,1017,hPa,35.3,pmil,0,55.4,deg,20,°C,100,%a.s.,22.63,deg,20,°C,972,hPa,0.816,-0.01371,0.000397,-0.00013,0,10.11,Humid,22.75,0,51,240579.22,SABD0000000001,AAV1.0.0.11,1.1.2.0,PSt7-10,191107-136,2/17/22 12:14,0000-00,0,no battery,V
4/18/22,11:50:42,9,default,199182947,OXY-CH9,1.101,min,250.234,µmol/L,Humid,18.321,deg,92882,µV,28.892,°C,1017,hPa,35.3,pmil,0,55.4,deg,20,°C,100,%a.s.,22.63,deg,20,°C,972,hPa,0.816,-0.01371,0.000397,-0.00013,0,10.11,Humid,22.75,0,51,240584.73,SABD0000000001,AAV1.0.0.11,1.1.2.0,PSt7-10,191107-136,2/17/22 12:14,0000-00,0,no battery,V
4/18/22,11:50:43,9,default,199182947,OXY-CH9,1.117,min,250.291,µmol/L,Humid,18.324,deg,92880,µV,28.875,°C,1017,hPa,35.3,pmil,0,55.4,deg,20,°C,100,%a.s.,22.63,deg,20,°C,972,hPa,0.816,-0.01371,0.000397,-0.00013,0,10.11,Humid,22.75,0,51,240583.91,SABD0000000001,AAV1.0.0.11,1.1.2.0,PSt7-10,191107-136,2/17/22 12:14,0000-00,0,no battery,V
4/18/22,11:50:44,9,default,199182947,OXY-CH9,1.134,min,250.204,µmol/L,Humid,18.323,deg,92881,µV,28.89,°C,1017,hPa,35.3,pmil,0,55.4,deg,20,°C,100,%a.s.,22.63,deg,20,°C,972,hPa,0.816,-0.01371,0.000397,-0.00013,0,10.11,Humid,22.75,0,51,240576,SABD0000000001,AAV1.0.0.11,1.1.2.0,PSt7-10,191107-136,2/17/22 12:14,0000-00,0,no battery,V
4/18/22,11:50:45,9,default,199182947,OXY-CH9,1.151,min,250.185,µmol/L,Humid,18.322,deg,92861,µV,28.895,°C,1017,hPa,35.3,pmil,0,55.4,deg,20,°C,100,%a.s.,22.63,deg,20,°C,972,hPa,0.816,-0.01371,0.000397,-0.00013,0,10.11,Humid,22.75,0,51,240572.42,SABD0000000001,AAV1.0.0.11,1.1.2.0,PSt7-10,191107-136,2/17/22 12:14,0000-00,0,no battery,V
4/18/22,11:50:46,9,default,199182947,OXY-CH9,1.167,min,250.202,µmol/L,Humid,18.323,deg,92860,µV,28.89,°C,1017,hPa,35.3,pmil,0,55.4,deg,20,°C,100,%a.s.,22.63,deg,20,°C,972,hPa,0.816,-0.01371,0.000397,-0.00013,0,10.11,Humid,22.75,0,51,240566.67,SABD0000000001,AAV1.0.0.11,1.1.2.0,PSt7-10,191107-136,2/17/22 12:14,0000-00,0,no battery,V
4/18/22,11:50:47,9,default,199182947,OXY-CH9,1.184,min,250.411,µmol/L,Humid,18.316,deg,92844,µV,28.884,°C,1017,hPa,35.3,pmil,0,55.4,deg,20,°C,100,%a.s.,22.63,deg,20,°C,972,hPa,0.816,-0.01371,0.000397,-0.00013,0,10.11,Humid,22.75,0,51,240568.9,SABD0000000001,AAV1.0.0.11,1.1.2.0,PSt7-10,191107-136,2/17/22 12:14,0000-00,0,no battery,V
4/18/22,11:50:48,9,default,199182947,OXY-CH9,1.201,min,250.339,µmol/L,Humid,18.319,deg,92846,µV,28.884,°C,1017,hPa,35.3,pmil,0,55.4,deg,20,°C,100,%a.s.,22.63,deg,20,°C,972,hPa,0.816,-0.01371,0.000397,-0.00013,0,10.11,Humid,22.75,0,51,240570.13,SABD0000000001,AAV1.0.0.11,1.1.2.0,PSt7-10,191107-136,2/17/22 12:14,0000-00,0,no battery,V
4/18/22,11:50:49,9,default,199182947,OXY-CH9,1.217,min,250.31,µmol/L,Humid,18.319,deg,92842,µV,28.888,°C,1017,hPa,35.3,pmil,0,55.4,deg,20,°C,100,%a.s.,22.63,deg,20,°C,972,hPa,0.816,-0.01371,0.000397,-0.00013,0,10.11,Humid,22.75,0,51,240559.04,SABD0000000001,AAV1.0.0.11,1.1.2.0,PSt7-10,191107-136,2/17/22 12:14,0000-00,0,no battery,V
4/18/22,11:50:50,9,default,199182947,OXY-CH9,1.235,min,250.177,µmol/L,Humid,18.321,deg,92834,µV,28.9,°C,1017,hPa,35.3,pmil,0,55.4,deg,20,°C,100,%a.s.,22.63,deg,20,°C,972,hPa,0.816,-0.01371,0.000397,-0.00013,0,10.11,Humid,22.75,0,51,240567.11,SABD0000000001,AAV1.0.0.11,1.1.2.0,PSt7-10,191107-136,2/17/22 12:14,0000-00,0,no battery,V
4/18/22,11:50:51,9,default,199182947,OXY-CH9,1.251,min,250.321,µmol/L,Humid,18.32,deg,92834,µV,28.884,°C,1017,hPa,35.3,pmil,0,55.4,deg,20,°C,100,%a.s.,22.63,deg,20,°C,972,hPa,0.816,-0.01371,0.000397,-0.00013,0,10.11,Humid,22.75,0,51,240567.74,SABD0000000001,AAV1.0.0.11,1.1.2.0,PSt7-10,191107-136,2/17/22 12:14,0000-00,0,no battery,V
4/18/22,11:50:52,9,default,199182947,OXY-CH9,1.267,min,250.274,µmol/L,Humid,18.322,deg,92829,µV,28.884,°C,1017,hPa,35.3,pmil,0,55.4,deg,20,°C,100,%a.s.,22.63,deg,20,°C,972,hPa,0.816,-0.01371,0.000397,-0.00013,0,10.11,Humid,22.75,0,51,240568.13,SABD0000000001,AAV1.0.0.11,1.1.2.0,PSt7-10,191107-136,2/17/22 12:14,0000-00,0,no battery,V
4/18/22,11:50:53,9,default,199182947,OXY-CH9,1.284,min,250.377,µmol/L,Humid,18.317,deg,92817,µV,28.886,°C,1017,hPa,35.3,pmil,0,55.4,deg,20,°C,100,%a.s.,22.63,deg,20,°C,972,hPa,0.816,-0.01371,0.000397,-0.00013,0,10.11,Humid,22.75,0,51,240554.09,SABD0000000001,AAV1.0.0.11,1.1.2.0,PSt7-10,191107-136,2/17/22 12:14,0000-00,0,no battery,V
4/18/22,11:50:54,9,default,199182947,OXY-CH9,1.3,min,250.445,µmol/L,Humid,18.316,deg,92812,µV,28.88,°C,1017,hPa,35.3,pmil,0,55.4,deg,20,°C,100,%a.s.,22.63,deg,20,°C,972,hPa,0.816,-0.01371,0.000397,-0.00013,0,10.11,Humid,22.75,0,51,240550.27,SABD0000000001,AAV1.0.0.11,1.1.2.0,PSt7-10,191107-136,2/17/22 12:14,0000-00,0,no battery,V
4/18/22,11:50:55,9,default,199182947,OXY-CH9,1.317,min,250.34,µmol/L,Humid,18.321,deg,92809,µV,28.878,°C,1017,hPa,35.3,pmil,0,55.4,deg,20,°C,100,%a.s.,22.63,deg,20,°C,972,hPa,0.816,-0.01371,0.000397,-0.00013,0,10.11,Humid,22.75,0,51,240561.66,SABD0000000001,AAV1.0.0.11,1.1.2.0,PSt7-10,191107-136,2/17/22 12:14,0000-00,0,no battery,V
4/18/22,11:50:56,9,default,199182947,OXY-CH9,1.334,min,250.539,µmol/L,Humid,18.312,deg,92809,µV,28.88,°C,1017,hPa,35.3,pmil,0,55.4,deg,20,°C,100,%a.s.,22.63,deg,20,°C,972,hPa,0.816,-0.01371,0.000397,-0.00013,0,10.11,Humid,22.75,0,51,240558.52,SABD0000000001,AAV1.0.0.11,1.1.2.0,PSt7-10,191107-136,2/17/22 12:14,0000-00,0,no battery,V
4/18/22,11:50:57,9,default,199182947,OXY-CH9,1.351,min,250.574,µmol/L,Humid,18.311,deg,92801,µV,28.879,°C,1017,hPa,35.3,pmil,0,55.4,deg,20,°C,100,%a.s.,22.63,deg,20,°C,972,hPa,0.816,-0.01371,0.000397,-0.00013,0,10.11,Humid,22.75,0,51,240551.95,SABD0000000001,AAV1.0.0.11,1.1.2.0,PSt7-10,191107-136,2/17/22 12:14,0000-00,0,no battery,V
4/18/22,11:50:58,9,default,199182947,OXY-CH9,1.368,min,250.305,µmol/L,Humid,18.318,deg,92794,µV,28.892,°C,1017,hPa,35.3,pmil,0,55.4,deg,20,°C,100,%a.s.,22.63,deg,20,°C,972,hPa,0.816,-0.01371,0.000397,-0.00013,0,10.11,Humid,22.75,0,51,240546.36,SABD0000000001,AAV1.0.0.11,1.1.2.0,PSt7-10,191107-136,2/17/22 12:14,0000-00,0,no battery,V
4/18/22,11:50:59,9,default,199182947,OXY-CH9,1.384,min,250.412,µmol/L,Humid,18.314,deg,92790,µV,28.89,°C,1017,hPa,35.3,pmil,0,55.4,deg,20,°C,100,%a.s.,22.63,deg,20,°C,972,hPa,0.816,-0.01371,0.000397,-0.00013,0,10.11,Humid,22.75,0,51,240534.11,SABD0000000001,AAV1.0.0.11,1.1.2.0,PSt7-10,191107-136,2/17/22 12:14,0000-00,0,no battery,V
4/18/22,11:51:00,9,default,199182947,OXY-CH9,1.401,min,250.34,µmol/L,Humid,18.316,deg,92787,µV,28.894,°C,1017,hPa,35.3,pmil,0,55.4,deg,20,°C,100,%a.s.,22.63,deg,20,°C,972,hPa,0.816,-0.01371,0.000397,-0.00013,0,10.11,Humid,22.75,0,51,240549.52,SABD0000000001,AAV1.0.0.11,1.1.2.0,PSt7-10,191107-136,2/17/22 12:14,0000-00,0,no battery,V
4/18/22,11:51:01,9,default,199182947,OXY-CH9,1.418,min,250.587,µmol/L,Humid,18.312,deg,92784,µV,28.874,°C,1017,hPa,35.3,pmil,0,55.4,deg,20,°C,100,%a.s.,22.63,deg,20,°C,972,hPa,0.816,-0.01371,0.000397,-0.00013,0,10.11,Humid,22.75,0,51,240538.45,SABD0000000001,AAV1.0.0.11,1.1.2.0,PSt7-10,191107-136,2/17/22 12:14,0000-00,0,no battery,V
4/18/22,11:51:02,9,default,199182947,OXY-CH9,1.434,min,250.514,µmol/L,Humid,18.31,deg,92783,µV,28.89,°C,1017,hPa,35.3,pmil,0,55.4,deg,20,°C,100,%a.s.,22.63,deg,20,°C,972,hPa,0.816,-0.01371,0.000397,-0.00013,0,10.11,Humid,22.75,0,51,240542.38,SABD0000000001,AAV1.0.0.11,1.1.2.0,PSt7-10,191107-136,2/17/22 12:14,0000-00,0,no battery,V
4/18/22,11:51:03,9,default,199182947,OXY-CH9,1.451,min,250.6,µmol/L,Humid,18.306,deg,92769,µV,28.891,°C,1017,hPa,35.3,pmil,0,55.4,deg,20,°C,100,%a.s.,22.63,deg,20,°C,972,hPa,0.816,-0.01371,0.000397,-0.00013,0,10.11,Humid,22.75,0,51,240541.1,SABD0000000001,AAV1.0.0.11,1.1.2.0,PSt7-10,191107-136,2/17/22 12:14,0000-00,0,no battery,V
4/18/22,11:51:04,9,default,199182947,OXY-CH9,1.467,min,250.713,µmol/L,Humid,18.304,deg,92765,µV,28.882,°C,1017,hPa,35.3,pmil,0,55.4,deg,20,°C,100,%a.s.,22.63,deg,20,°C,972,hPa,0.816,-0.01371,0.000397,-0.00013,0,10.11,Humid,22.75,0,51,240543.33,SABD0000000001,AAV1.0.0.11,1.1.2.0,PSt7-10,191107-136,2/17/22 12:14,0000-00,0,no battery,V
4/18/22,11:51:05,9,default,199182947,OXY-CH9,1.484,min,250.613,µmol/L,Humid,18.31,deg,92757,µV,28.877,°C,1017,hPa,35.3,pmil,0,55.4,deg,20,°C,100,%a.s.,22.63,deg,20,°C,972,hPa,0.816,-0.01371,0.000397,-0.00013,0,10.11,Humid,22.75,0,51,240539.71,SABD0000000001,AAV1.0.0.11,1.1.2.0,PSt7-10,191107-136,2/17/22 12:14,0000-00,0,no battery,V
4/18/22,11:51:06,9,default,199182947,OXY-CH9,1.501,min,250.609,µmol/L,Humid,18.305,deg,92749,µV,28.893,°C,1017,hPa,35.3,pmil,0,55.4,deg,20,°C,100,%a.s.,22.63,deg,20,°C,972,hPa,0.816,-0.01371,0.000397,-0.00013,0,10.11,Humid,22.75,0,51,240538.29,SABD0000000001,AAV1.0.0.11,1.1.2.0,PSt7-10,191107-136,2/17/22 12:14,0000-00,0,no battery,V
4/18/22,11:51:07,9,default,199182947,OXY-CH9,1.518,min,250.63,µmol/L,Humid,18.305,deg,92747,µV,28.89,°C,1017,hPa,35.3,pmil,0,55.4,deg,20,°C,100,%a.s.,22.63,deg,20,°C,972,hPa,0.816,-0.01371,0.000397,-0.00013,0,10.11,Humid,22.75,0,51,240529.69,SABD0000000001,AAV1.0.0.11,1.1.2.0,PSt7-10,191107-136,2/17/22 12:14,0000-00,0,no battery,V
4/18/22,11:51:08,9,default,199182947,OXY-CH9,1.534,min,250.624,µmol/L,Humid,18.307,deg,92737,µV,28.884,°C,1017,hPa,35.3,pmil,0,55.4,deg,20,°C,100,%a.s.,22.63,deg,20,°C,972,hPa,0.816,-0.01371,0.000397,-0.00013,0,10.11,Humid,22.75,0,51,240532.01,SABD0000000001,AAV1.0.0.11,1.1.2.0,PSt7-10,191107-136,2/17/22 12:14,0000-00,0,no battery,V
4/18/22,11:51:09,9,default,199182947,OXY-CH9,1.551,min,250.66,µmol/L,Humid,18.305,deg,92738,µV,28.886,°C,1017,hPa,35.3,pmil,0,55.4,deg,20,°C,100,%a.s.,22.63,deg,20,°C,972,hPa,0.816,-0.01371,0.000397,-0.00013,0,10.11,Humid,22.75,0,51,240535.49,SABD0000000001,AAV1.0.0.11,1.1.2.0,PSt7-10,191107-136,2/17/22 12:14,0000-00,0,no battery,V
4/18/22,11:51:10,9,default,199182947,OXY-CH9,1.568,min,250.668,µmol/L,Humid,18.304,deg,92729,µV,28.888,°C,1017,hPa,35.3,pmil,0,55.4,deg,20,°C,100,%a.s.,22.63,deg,20,°C,972,hPa,0.816,-0.01371,0.000397,-0.00013,0,10.11,Humid,22.75,0,51,240526.56,SABD0000000001,AAV1.0.0.11,1.1.2.0,PSt7-10,191107-136,2/17/22 12:14,0000-00,0,no battery,V
4/18/22,11:51:11,9,default,199182947,OXY-CH9,1.585,min,250.802,µmol/L,Humid,18.3,deg,92731,µV,28.883,°C,1017,hPa,35.3,pmil,0,55.4,deg,20,°C,100,%a.s.,22.63,deg,20,°C,972,hPa,0.816,-0.01371,0.000397,-0.00013,0,10.11,Humid,22.75,0,51,240523.73,SABD0000000001,AAV1.0.0.11,1.1.2.0,PSt7-10,191107-136,2/17/22 12:14,0000-00,0,no battery,V
4/18/22,11:51:12,9,default,199182947,OXY-CH9,1.601,min,250.772,µmol/L,Humid,18.304,deg,92715,µV,28.874,°C,1017,hPa,35.3,pmil,0,55.4,deg,20,°C,100,%a.s.,22.63,deg,20,°C,972,hPa,0.816,-0.01371,0.000397,-0.00013,0,10.11,Humid,22.75,0,51,240522.25,SABD0000000001,AAV1.0.0.11,1.1.2.0,PSt7-10,191107-136,2/17/22 12:14,0000-00,0,no battery,V
4/18/22,11:51:13,9,default,199182947,OXY-CH9,1.617,min,250.704,µmol/L,Humid,18.307,deg,92712,µV,28.874,°C,1017,hPa,35.3,pmil,0,55.4,deg,20,°C,100,%a.s.,22.63,deg,20,°C,972,hPa,0.816,-0.01371,0.000397,-0.00013,0,10.11,Humid,22.75,0,51,240525.34,SABD0000000001,AAV1.0.0.11,1.1.2.0,PSt7-10,191107-136,2/17/22 12:14,0000-00,0,no battery,V
4/18/22,11:51:14,9,default,199182947,OXY-CH9,1.634,min,250.729,µmol/L,Humid,18.302,deg,92703,µV,28.886,°C,1017,hPa,35.3,pmil,0,55.4,deg,20,°C,100,%a.s.,22.63,deg,20,°C,972,hPa,0.816,-0.01371,0.000397,-0.00013,0,10.11,Humid,22.75,0,51,240525.32,SABD0000000001,AAV1.0.0.11,1.1.2.0,PSt7-10,191107-136,2/17/22 12:14,0000-00,0,no battery,V
4/18/22,11:51:15,9,default,199182947,OXY-CH9,1.651,min,250.817,µmol/L,Humid,18.299,deg,92707,µV,28.884,°C,1017,hPa,35.3,pmil,0,55.4,deg,20,°C,100,%a.s.,22.63,deg,20,°C,972,hPa,0.816,-0.01371,0.000397,-0.00013,0,10.11,Humid,22.75,0,51,240533.02,SABD0000000001,AAV1.0.0.11,1.1.2.0,PSt7-10,191107-136,2/17/22 12:14,0000-00,0,no battery,V
4/18/22,11:51:16,9,default,199182947,OXY-CH9,1.667,min,250.784,µmol/L,Humid,18.3,deg,92695,µV,28.885,°C,1017,hPa,35.3,pmil,0,55.4,deg,20,°C,100,%a.s.,22.63,deg,20,°C,972,hPa,0.816,-0.01371,0.000397,-0.00013,0,10.11,Humid,22.75,0,51,240526.08,SABD0000000001,AAV1.0.0.11,1.1.2.0,PSt7-10,191107-136,2/17/22 12:14,0000-00,0,no battery,V
4/18/22,11:51:17,9,default,199182947,OXY-CH9,1.684,min,250.691,µmol/L,Humid,18.299,deg,92689,µV,28.901,°C,1017,hPa,35.3,pmil,0,55.4,deg,20,°C,100,%a.s.,22.63,deg,20,°C,972,hPa,0.816,-0.01371,0.000397,-0.00013,0,10.11,Humid,22.75,0,51,240524.27,SABD0000000001,AAV1.0.0.11,1.1.2.0,PSt7-10,191107-136,2/17/22 12:14,0000-00,0,no battery,V
4/18/22,11:51:18,9,default,199182947,OXY-CH9,1.701,min,250.779,µmol/L,Humid,18.296,deg,92688,µV,28.898,°C,1017,hPa,35.3,pmil,0,55.4,deg,20,°C,100,%a.s.,22.63,deg,20,°C,972,hPa,0.816,-0.01371,0.000397,-0.00013,0,10.11,Humid,22.75,0,51,240522.49,SABD0000000001,AAV1.0.0.11,1.1.2.0,PSt7-10,191107-136,2/17/22 12:14,0000-00,0,no battery,V
4/18/22,11:51:19,9,default,199182947,OXY-CH9,1.718,min,250.938,µmol/L,Humid,18.295,deg,92684,µV,28.881,°C,1017,hPa,35.3,pmil,0,55.4,deg,20,°C,100,%a.s.,22.63,deg,20,°C,972,hPa,0.816,-0.01371,0.000397,-0.00013,0,10.11,Humid,22.75,0,51,240510.17,SABD0000000001,AAV1.0.0.11,1.1.2.0,PSt7-10,191107-136,2/17/22 12:14,0000-00,0,no battery,V
4/18/22,11:51:20,9,default,199182947,OXY-CH9,1.734,min,250.952,µmol/L,Humid,18.295,deg,92673,µV,28.879,°C,1017,hPa,35.3,pmil,0,55.4,deg,20,°C,100,%a.s.,22.63,deg,20,°C,972,hPa,0.816,-0.01371,0.000397,-0.00013,0,10.11,Humid,22.75,0,51,240519.33,SABD0000000001,AAV1.0.0.11,1.1.2.0,PSt7-10,191107-136,2/17/22 12:14,0000-00,0,no battery,V
4/18/22,11:51:21,9,default,199182947,OXY-CH9,1.751,min,250.805,µmol/L,Humid,18.298,deg,92677,µV,28.889,°C,1017,hPa,35.3,pmil,0,55.4,deg,20,°C,100,%a.s.,22.63,deg,20,°C,972,hPa,0.816,-0.01371,0.000397,-0.00013,0,10.11,Humid,22.75,0,51,240524.2,SABD0000000001,AAV1.0.0.11,1.1.2.0,PSt7-10,191107-136,2/17/22 12:14,0000-00,0,no battery,V
4/18/22,11:51:22,9,default,199182947,OXY-CH9,1.768,min,250.959,µmol/L,Humid,18.294,deg,92670,µV,28.881,°C,1017,hPa,35.3,pmil,0,55.4,deg,20,°C,100,%a.s.,22.63,deg,20,°C,972,hPa,0.816,-0.01371,0.000397,-0.00013,0,10.11,Humid,22.75,0,51,240516.64,SABD0000000001,AAV1.0.0.11,1.1.2.0,PSt7-10,191107-136,2/17/22 12:14,0000-00,0,no battery,V
4/18/22,11:51:23,9,default,199182947,OXY-CH9,1.784,min,250.957,µmol/L,Humid,18.29,deg,92663,µV,28.894,°C,1017,hPa,35.3,pmil,0,55.4,deg,20,°C,100,%a.s.,22.63,deg,20,°C,972,hPa,0.816,-0.01371,0.000397,-0.00013,0,10.11,Humid,22.75,0,51,240516.58,SABD0000000001,AAV1.0.0.11,1.1.2.0,PSt7-10,191107-136,2/17/22 12:14,0000-00,0,no battery,V
4/18/22,11:51:24,9,default,199182947,OXY-CH9,1.801,min,251.018,µmol/L,Humid,18.293,deg,92653,µV,28.877,°C,1017,hPa,35.3,pmil,0,55.4,deg,20,°C,100,%a.s.,22.63,deg,20,°C,972,hPa,0.816,-0.01371,0.000397,-0.00013,0,10.11,Humid,22.75,0,51,240506.28,SABD0000000001,AAV1.0.0.11,1.1.2.0,PSt7-10,191107-136,2/17/22 12:14,0000-00,0,no battery,V
4/18/22,11:51:25,9,default,199182947,OXY-CH9,1.817,min,251.143,µmol/L,Humid,18.289,deg,92651,µV,28.873,°C,1017,hPa,35.3,pmil,0,55.4,deg,20,°C,100,%a.s.,22.63,deg,20,°C,972,hPa,0.816,-0.01371,0.000397,-0.00013,0,10.11,Humid,22.75,0,51,240502.91,SABD0000000001,AAV1.0.0.11,1.1.2.0,PSt7-10,191107-136,2/17/22 12:14,0000-00,0,no battery,V
4/18/22,11:51:26,9,default,199182947,OXY-CH9,1.834,min,251.162,µmol/L,Humid,18.289,deg,92652,µV,28.87,°C,1017,hPa,35.3,pmil,0,55.4,deg,20,°C,100,%a.s.,22.63,deg,20,°C,972,hPa,0.816,-0.01371,0.000397,-0.00013,0,10.11,Humid,22.75,0,51,240503.36,SABD0000000001,AAV1.0.0.11,1.1.2.0,PSt7-10,191107-136,2/17/22 12:14,0000-00,0,no battery,V
4/18/22,11:51:27,9,default,199182947,OXY-CH9,1.851,min,250.989,µmol/L,Humid,18.29,deg,92631,µV,28.89,°C,1017,hPa,35.3,pmil,0,55.4,deg,20,°C,100,%a.s.,22.63,deg,20,°C,972,hPa,0.816,-0.01371,0.000397,-0.00013,0,10.11,Humid,22.75,0,51,240504.71,SABD0000000001,AAV1.0.0.11,1.1.2.0,PSt7-10,191107-136,2/17/22 12:14,0000-00,0,no battery,V
4/18/22,11:51:28,9,default,199182947,OXY-CH9,1.868,min,251.048,µmol/L,Humid,18.291,deg,92629,µV,28.879,°C,1017,hPa,35.3,pmil,0,55.4,deg,20,°C,100,%a.s.,22.63,deg,20,°C,972,hPa,0.816,-0.01371,0.000397,-0.00013,0,10.11,Humid,22.75,0,51,240503.5,SABD0000000001,AAV1.0.0.11,1.1.2.0,PSt7-10,191107-136,2/17/22 12:14,0000-00,0,no battery,V
4/18/22,11:51:29,9,default,199182947,OXY-CH9,1.885,min,251.206,µmol/L,Humid,18.286,deg,92630,µV,28.874,°C,1017,hPa,35.3,pmil,0,55.4,deg,20,°C,100,%a.s.,22.63,deg,20,°C,972,hPa,0.816,-0.01371,0.000397,-0.00013,0,10.11,Humid,22.75,0,51,240497.97,SABD0000000001,AAV1.0.0.11,1.1.2.0,PSt7-10,191107-136,2/17/22 12:14,0000-00,0,no battery,V
4/18/22,11:51:30,9,default,199182947,OXY-CH9,1.901,min,251.137,µmol/L,Humid,18.286,deg,92614,µV,28.883,°C,1017,hPa,35.3,pmil,0,55.4,deg,20,°C,100,%a.s.,22.63,deg,20,°C,972,hPa,0.816,-0.01371,0.000397,-0.00013,0,10.11,Humid,22.75,0,51,240483.13,SABD0000000001,AAV1.0.0.11,1.1.2.0,PSt7-10,191107-136,2/17/22 12:14,0000-00,0,no battery,V
4/18/22,11:51:31,9,default,199182947,OXY-CH9,1.917,min,251.191,µmol/L,Humid,18.283,deg,92613,µV,28.885,°C,1017,hPa,35.3,pmil,0,55.4,deg,20,°C,100,%a.s.,22.63,deg,20,°C,972,hPa,0.816,-0.01371,0.000397,-0.00013,0,10.11,Humid,22.75,0,51,240499.73,SABD0000000001,AAV1.0.0.11,1.1.2.0,PSt7-10,191107-136,2/17/22 12:14,0000-00,0,no battery,V
4/18/22,11:51:32,9,default,199182947,OXY-CH9,1.934,min,251.124,µmol/L,Humid,18.286,deg,92611,µV,28.884,°C,1017,hPa,35.3,pmil,0,55.4,deg,20,°C,100,%a.s.,22.63,deg,20,°C,972,hPa,0.816,-0.01371,0.000397,-0.00013,0,10.11,Humid,22.75,0,51,240498.13,SABD0000000001,AAV1.0.0.11,1.1.2.0,PSt7-10,191107-136,2/17/22 12:14,0000-00,0,no battery,V
4/18/22,11:51:33,9,default,199182947,OXY-CH9,1.95,min,251.239,µmol/L,Humid,18.284,deg,92598,µV,28.876,°C,1017,hPa,35.3,pmil,0,55.4,deg,20,°C,100,%a.s.,22.63,deg,20,°C,972,hPa,0.816,-0.01371,0.000397,-0.00013,0,10.11,Humid,22.75,0,51,240492.39,SABD0000000001,AAV1.0.0.11,1.1.2.0,PSt7-10,191107-136,2/17/22 12:14,0000-00,0,no battery,V
4/18/22,11:51:34,9,default,199182947,OXY-CH9,1.967,min,251.324,µmol/L,Humid,18.281,deg,92596,µV,28.874,°C,1017,hPa,35.3,pmil,0,55.4,deg,20,°C,100,%a.s.,22.63,deg,20,°C,972,hPa,0.816,-0.01371,0.000397,-0.00013,0,10.11,Humid,22.75,0,51,240484.81,SABD0000000001,AAV1.0.0.11,1.1.2.0,PSt7-10,191107-136,2/17/22 12:14,0000-00,0,no battery,V
4/18/22,11:51:35,9,default,199182947,OXY-CH9,1.984,min,251.281,µmol/L,Humid,18.283,deg,92596,µV,28.873,°C,1017,hPa,35.3,pmil,0,55.4,deg,20,°C,100,%a.s.,22.63,deg,20,°C,972,hPa,0.816,-0.01371,0.000397,-0.00013,0,10.11,Humid,22.75,0,51,240489.83,SABD0000000001,AAV1.0.0.11,1.1.2.0,PSt7-10,191107-136,2/17/22 12:14,0000-00,0,no battery,V
4/18/22,11:51:36,9,default,199182947,OXY-CH9,2.001,min,251.211,µmol/L,Humid,18.28,deg,92586,µV,28.892,°C,1017,hPa,35.3,pmil,0,55.4,deg,20,°C,100,%a.s.,22.63,deg,20,°C,972,hPa,0.816,-0.01371,0.000397,-0.00013,0,10.11,Humid,22.75,0,51,240484.2,SABD0000000001,AAV1.0.0.11,1.1.2.0,PSt7-10,191107-136,2/17/22 12:14,0000-00,0,no battery,V
4/18/22,11:51:37,9,default,199182947,OXY-CH9,2.018,min,251.25,µmol/L,Humid,18.28,deg,92581,µV,28.887,°C,1017,hPa,35.3,pmil,0,55.4,deg,20,°C,100,%a.s.,22.63,deg,20,°C,972,hPa,0.816,-0.01371,0.000397,-0.00013,0,10.11,Humid,22.75,0,51,240487.61,SABD0000000001,AAV1.0.0.11,1.1.2.0,PSt7-10,191107-136,2/17/22 12:14,0000-00,0,no battery,V
4/18/22,11:51:38,9,default,199182947,OXY-CH9,2.034,min,251.128,µmol/L,Humid,18.282,deg,92579,µV,28.896,°C,1017,hPa,35.3,pmil,0,55.4,deg,20,°C,100,%a.s.,22.63,deg,20,°C,972,hPa,0.816,-0.01371,0.000397,-0.00013,0,10.11,Humid,22.75,0,51,240491.47,SABD0000000001,AAV1.0.0.11,1.1.2.0,PSt7-10,191107-136,2/17/22 12:14,0000-00,0,no battery,V
4/18/22,11:51:39,9,default,199182947,OXY-CH9,2.051,min,251.261,µmol/L,Humid,18.281,deg,92569,µV,28.882,°C,1017,hPa,35.3,pmil,0,55.4,deg,20,°C,100,%a.s.,22.63,deg,20,°C,972,hPa,0.816,-0.01371,0.000397,-0.00013,0,10.11,Humid,22.75,0,51,240482.35,SABD0000000001,AAV1.0.0.11,1.1.2.0,PSt7-10,191107-136,2/17/22 12:14,0000-00,0,no battery,V
4/18/22,11:51:40,9,default,199182947,OXY-CH9,2.068,min,251.234,µmol/L,Humid,18.282,deg,92564,µV,28.882,°C,1017,hPa,35.3,pmil,0,55.4,deg,20,°C,100,%a.s.,22.63,deg,20,°C,972,hPa,0.816,-0.01371,0.000397,-0.00013,0,10.11,Humid,22.75,0,51,240479.59,SABD0000000001,AAV1.0.0.11,1.1.2.0,PSt7-10,191107-136,2/17/22 12:14,0000-00,0,no battery,V
4/18/22,11:51:41,9,default,199182947,OXY-CH9,2.085,min,251.211,µmol/L,Humid,18.281,deg,92553,µV,28.889,°C,1017,hPa,35.3,pmil,0,55.4,deg,20,°C,100,%a.s.,22.63,deg,20,°C,972,hPa,0.816,-0.01371,0.000397,-0.00013,0,10.11,Humid,22.75,0,51,240486.96,SABD0000000001,AAV1.0.0.11,1.1.2.0,PSt7-10,191107-136,2/17/22 12:14,0000-00,0,no battery,V
4/18/22,11:51:42,9,default,199182947,OXY-CH9,2.101,min,251.26,µmol/L,Humid,18.279,deg,92552,µV,28.888,°C,1017,hPa,35.3,pmil,0,55.4,deg,20,°C,100,%a.s.,22.63,deg,20,°C,972,hPa,0.816,-0.01371,0.000397,-0.00013,0,10.11,Humid,22.75,0,51,240485.55,SABD0000000001,AAV1.0.0.11,1.1.2.0,PSt7-10,191107-136,2/17/22 12:14,0000-00,0,no battery,V
4/18/22,11:51:43,9,default,199182947,OXY-CH9,2.117,min,251.293,µmol/L,Humid,18.276,deg,92545,µV,28.893,°C,1017,hPa,35.3,pmil,0,55.4,deg,20,°C,100,%a.s.,22.63,deg,20,°C,972,hPa,0.816,-0.01371,0.000397,-0.00013,0,10.11,Humid,22.75,0,51,240476.55,SABD0000000001,AAV1.0.0.11,1.1.2.0,PSt7-10,191107-136,2/17/22 12:14,0000-00,0,no battery,V
4/18/22,11:51:44,9,default,199182947,OXY-CH9,2.134,min,251.275,µmol/L,Humid,18.275,deg,92540,µV,28.899,°C,1017,hPa,35.3,pmil,0,55.4,deg,20,°C,100,%a.s.,22.63,deg,20,°C,972,hPa,0.816,-0.01371,0.000397,-0.00013,0,10.11,Humid,22.75,0,51,240477.05,SABD0000000001,AAV1.0.0.11,1.1.2.0,PSt7-10,191107-136,2/17/22 12:14,0000-00,0,no battery,V
4/18/22,11:51:45,9,default,199182947,OXY-CH9,2.151,min,251.404,µmol/L,Humid,18.276,deg,92533,µV,28.879,°C,1017,hPa,35.3,pmil,0,55.4,deg,20,°C,100,%a.s.,22.63,deg,20,°C,972,hPa,0.816,-0.01371,0.000397,-0.00013,0,10.11,Humid,22.75,0,51,240474.88,SABD0000000001,AAV1.0.0.11,1.1.2.0,PSt7-10,191107-136,2/17/22 12:14,0000-00,0,no battery,V
4/18/22,11:51:46,9,default,199182947,OXY-CH9,2.167,min,251.381,µmol/L,Humid,18.275,deg,92519,µV,28.885,°C,1017,hPa,35.3,pmil,0,55.4,deg,20,°C,100,%a.s.,22.63,deg,20,°C,972,hPa,0.816,-0.01371,0.000397,-0.00013,0,10.11,Humid,22.75,0,51,240472.27,SABD0000000001,AAV1.0.0.11,1.1.2.0,PSt7-10,191107-136,2/17/22 12:14,0000-00,0,no battery,V
4/18/22,11:51:47,9,default,199182947,OXY-CH9,2.184,min,251.414,µmol/L,Humid,18.273,deg,92523,µV,28.887,°C,1017,hPa,35.3,pmil,0,55.4,deg,20,°C,100,%a.s.,22.63,deg,20,°C,972,hPa,0.816,-0.01371,0.000397,-0.00013,0,10.11,Humid,22.75,0,51,240477.32,SABD0000000001,AAV1.0.0.11,1.1.2.0,PSt7-10,191107-136,2/17/22 12:14,0000-00,0,no battery,V
4/18/22,11:51:48,9,default,199182947,OXY-CH9,2.201,min,251.403,µmol/L,Humid,18.271,deg,92517,µV,28.895,°C,1017,hPa,35.3,pmil,0,55.4,deg,20,°C,100,%a.s.,22.63,deg,20,°C,972,hPa,0.816,-0.01371,0.000397,-0.00013,0,10.11,Humid,22.75,0,51,240469.91,SABD0000000001,AAV1.0.0.11,1.1.2.0,PSt7-10,191107-136,2/17/22 12:14,0000-00,0,no battery,V
4/18/22,11:51:49,9,default,199182947,OXY-CH9,2.218,min,251.468,µmol/L,Humid,18.273,deg,92512,µV,28.88,°C,1017,hPa,35.3,pmil,0,55.4,deg,20,°C,100,%a.s.,22.63,deg,20,°C,972,hPa,0.816,-0.01371,0.000397,-0.00013,0,10.11,Humid,22.75,0,51,240462.59,SABD0000000001,AAV1.0.0.11,1.1.2.0,PSt7-10,191107-136,2/17/22 12:14,0000-00,0,no battery,V
4/18/22,11:51:50,9,default,199182947,OXY-CH9,2.234,min,251.556,µmol/L,Humid,18.27,deg,92504,µV,28.878,°C,1017,hPa,35.3,pmil,0,55.4,deg,20,°C,100,%a.s.,22.63,deg,20,°C,972,hPa,0.816,-0.01371,0.000397,-0.00013,0,10.11,Humid,22.75,0,51,240471,SABD0000000001,AAV1.0.0.11,1.1.2.0,PSt7-10,191107-136,2/17/22 12:14,0000-00,0,no battery,V
4/18/22,11:51:51,9,default,199182947,OXY-CH9,2.25,min,251.472,µmol/L,Humid,18.27,deg,92497,µV,28.889,°C,1017,hPa,35.3,pmil,0,55.4,deg,20,°C,100,%a.s.,22.63,deg,20,°C,972,hPa,0.816,-0.01371,0.000397,-0.00013,0,10.11,Humid,22.75,0,51,240474.33,SABD0000000001,AAV1.0.0.11,1.1.2.0,PSt7-10,191107-136,2/17/22 12:14,0000-00,0,no battery,V
4/18/22,11:51:52,9,default,199182947,OXY-CH9,2.267,min,251.607,µmol/L,Humid,18.267,deg,92491,µV,28.88,°C,1017,hPa,35.3,pmil,0,55.4,deg,20,°C,100,%a.s.,22.63,deg,20,°C,972,hPa,0.816,-0.01371,0.000397,-0.00013,0,10.11,Humid,22.75,0,51,240464.27,SABD0000000001,AAV1.0.0.11,1.1.2.0,PSt7-10,191107-136,2/17/22 12:14,0000-00,0,no battery,V
4/18/22,11:51:53,9,default,199182947,OXY-CH9,2.284,min,251.594,µmol/L,Humid,18.269,deg,92486,µV,28.876,°C,1017,hPa,35.3,pmil,0,55.4,deg,20,°C,100,%a.s.,22.63,deg,20,°C,972,hPa,0.816,-0.01371,0.000397,-0.00013,0,10.11,Humid,22.75,0,51,240455.81,SABD0000000001,AAV1.0.0.11,1.1.2.0,PSt7-10,191107-136,2/17/22 12:14,0000-00,0,no battery,V
4/18/22,11:51:54,9,default,199182947,OXY-CH9,2.301,min,251.68,µmol/L,Humid,18.268,deg,92479,µV,28.868,°C,1017,hPa,35.3,pmil,0,55.4,deg,20,°C,100,%a.s.,22.63,deg,20,°C,972,hPa,0.816,-0.01371,0.000397,-0.00013,0,10.11,Humid,22.75,0,51,240462.17,SABD0000000001,AAV1.0.0.11,1.1.2.0,PSt7-10,191107-136,2/17/22 12:14,0000-00,0,no battery,V
4/18/22,11:51:55,9,default,199182947,OXY-CH9,2.317,min,251.46,µmol/L,Humid,18.271,deg,92474,µV,28.887,°C,1017,hPa,35.3,pmil,0,55.4,deg,20,°C,100,%a.s.,22.63,deg,20,°C,972,hPa,0.816,-0.01371,0.000397,-0.00013,0,10.11,Humid,22.75,0,51,240456.12,SABD0000000001,AAV1.0.0.11,1.1.2.0,PSt7-10,191107-136,2/17/22 12:14,0000-00,0,no battery,V
4/18/22,11:51:56,9,default,199182947,OXY-CH9,2.334,min,251.629,µmol/L,Humid,18.261,deg,92473,µV,28.896,°C,1017,hPa,35.3,pmil,0,55.4,deg,20,°C,100,%a.s.,22.63,deg,20,°C,972,hPa,0.816,-0.01371,0.000397,-0.00013,0,10.11,Humid,22.75,0,51,240468.44,SABD0000000001,AAV1.0.0.11,1.1.2.0,PSt7-10,191107-136,2/17/22 12:14,0000-00,0,no battery,V
4/18/22,11:51:57,9,default,199182947,OXY-CH9,2.351,min,251.651,µmol/L,Humid,18.261,deg,92466,µV,28.893,°C,1017,hPa,35.3,pmil,0,55.4,deg,20,°C,100,%a.s.,22.63,deg,20,°C,972,hPa,0.816,-0.01371,0.000397,-0.00013,0,10.11,Humid,22.75,0,51,240463.17,SABD0000000001,AAV1.0.0.11,1.1.2.0,PSt7-10,191107-136,2/17/22 12:14,0000-00,0,no battery,V
4/18/22,11:51:58,9,default,199182947,OXY-CH9,2.368,min,251.603,µmol/L,Humid,18.264,deg,92467,µV,28.89,°C,1017,hPa,35.3,pmil,0,55.4,deg,20,°C,100,%a.s.,22.63,deg,20,°C,972,hPa,0.816,-0.01371,0.000397,-0.00013,0,10.11,Humid,22.75,0,51,240467.18,SABD0000000001,AAV1.0.0.11,1.1.2.0,PSt7-10,191107-136,2/17/22 12:14,0000-00,0,no battery,V
4/18/22,11:51:59,9,default,199182947,OXY-CH9,2.384,min,251.599,µmol/L,Humid,18.266,deg,92453,µV,28.885,°C,1017,hPa,35.3,pmil,0,55.4,deg,20,°C,100,%a.s.,22.63,deg,20,°C,972,hPa,0.816,-0.01371,0.000397,-0.00013,0,10.11,Humid,22.75,0,51,240462.22,SABD0000000001,AAV1.0.0.11,1.1.2.0,PSt7-10,191107-136,2/17/22 12:14,0000-00,0,no battery,V
4/18/22,11:52:00,9,default,199182947,OXY-CH9,2.4,min,251.653,µmol/L,Humid,18.265,deg,92451,µV,28.881,°C,1017,hPa,35.3,pmil,0,55.4,deg,20,°C,100,%a.s.,22.63,deg,20,°C,972,hPa,0.816,-0.01371,0.000397,-0.00013,0,10.11,Humid,22.75,0,51,240455.12,SABD0000000001,AAV1.0.0.11,1.1.2.0,PSt7-10,191107-136,2/17/22 12:14,0000-00,0,no battery,V
4/18/22,11:52:01,9,default,199182947,OXY-CH9,2.417,min,251.724,µmol/L,Humid,18.26,deg,92450,µV,28.887,°C,1017,hPa,35.3,pmil,0,55.4,deg,20,°C,100,%a.s.,22.63,deg,20,°C,972,hPa,0.816,-0.01371,0.000397,-0.00013,0,10.11,Humid,22.75,0,51,240457.18,SABD0000000001,AAV1.0.0.11,1.1.2.0,PSt7-10,191107-136,2/17/22 12:14,0000-00,0,no battery,V
4/18/22,11:52:02,9,default,199182947,OXY-CH9,2.434,min,251.626,µmol/L,Humid,18.264,deg,92442,µV,28.887,°C,1017,hPa,35.3,pmil,0,55.4,deg,20,°C,100,%a.s.,22.63,deg,20,°C,972,hPa,0.816,-0.01371,0.000397,-0.00013,0,10.11,Humid,22.75,0,51,240448.29,SABD0000000001,AAV1.0.0.11,1.1.2.0,PSt7-10,191107-136,2/17/22 12:14,0000-00,0,no battery,V
4/18/22,11:52:03,9,default,199182947,OXY-CH9,2.451,min,251.715,µmol/L,Humid,18.261,deg,92428,µV,28.885,°C,1017,hPa,35.3,pmil,0,55.4,deg,20,°C,100,%a.s.,22.63,deg,20,°C,972,hPa,0.816,-0.01371,0.000397,-0.00013,0,10.11,Humid,22.75,0,51,240450.15,SABD0000000001,AAV1.0.0.11,1.1.2.0,PSt7-10,191107-136,2/17/22 12:14,0000-00,0,no battery,V
4/18/22,11:52:04,9,default,199182947,OXY-CH9,2.467,min,251.739,µmol/L,Humid,18.258,deg,92427,µV,28.891,°C,1017,hPa,35.3,pmil,0,55.4,deg,20,°C,100,%a.s.,22.63,deg,20,°C,972,hPa,0.816,-0.01371,0.000397,-0.00013,0,10.11,Humid,22.75,0,51,240451.16,SABD0000000001,AAV1.0.0.11,1.1.2.0,PSt7-10,191107-136,2/17/22 12:14,0000-00,0,no battery,V
4/18/22,11:52:05,9,default,199182947,OXY-CH9,2.484,min,251.708,µmol/L,Humid,18.26,deg,92423,µV,28.889,°C,1017,hPa,35.3,pmil,0,55.4,deg,20,°C,100,%a.s.,22.63,deg,20,°C,972,hPa,0.816,-0.01371,0.000397,-0.00013,0,10.11,Humid,22.75,0,51,240455.12,SABD0000000001,AAV1.0.0.11,1.1.2.0,PSt7-10,191107-136,2/17/22 12:14,0000-00,0,no battery,V
4/18/22,11:52:06,9,default,199182947,OXY-CH9,2.501,min,251.852,µmol/L,Humid,18.257,deg,92421,µV,28.88,°C,1017,hPa,35.3,pmil,0,55.4,deg,20,°C,100,%a.s.,22.63,deg,20,°C,972,hPa,0.816,-0.01371,0.000397,-0.00013,0,10.11,Humid,22.75,0,51,240444.54,SABD0000000001,AAV1.0.0.11,1.1.2.0,PSt7-10,191107-136,2/17/22 12:14,0000-00,0,no battery,V
4/18/22,11:52:07,9,default,199182947,OXY-CH9,2.518,min,251.682,µmol/L,Humid,18.262,deg,92411,µV,28.886,°C,1017,hPa,35.3,pmil,0,55.4,deg,20,°C,100,%a.s.,22.63,deg,20,°C,972,hPa,0.816,-0.01371,0.000397,-0.00013,0,10.11,Humid,22.75,0,51,240451.26,SABD0000000001,AAV1.0.0.11,1.1.2.0,PSt7-10,191107-136,2/17/22 12:14,0000-00,0,no battery,V
4/18/22,11:52:08,9,default,199182947,OXY-CH9,2.534,min,251.765,µmol/L,Humid,18.258,deg,92395,µV,28.888,°C,1017,hPa,35.3,pmil,0,55.4,deg,20,°C,100,%a.s.,22.63,deg,20,°C,972,hPa,0.816,-0.01371,0.000397,-0.00013,0,10.11,Humid,22.75,0,51,240445.77,SABD0000000001,AAV1.0.0.11,1.1.2.0,PSt7-10,191107-136,2/17/22 12:14,0000-00,0,no battery,V
4/18/22,11:52:09,9,default,199182947,OXY-CH9,2.551,min,251.834,µmol/L,Humid,18.256,deg,92406,µV,28.885,°C,1017,hPa,35.3,pmil,0,55.4,deg,20,°C,100,%a.s.,22.63,deg,20,°C,972,hPa,0.816,-0.01371,0.000397,-0.00013,0,10.11,Humid,22.75,0,51,240446.03,SABD0000000001,AAV1.0.0.11,1.1.2.0,PSt7-10,191107-136,2/17/22 12:14,0000-00,0,no battery,V
4/18/22,11:52:10,9,default,199182947,OXY-CH9,2.568,min,251.873,µmol/L,Humid,18.254,deg,92395,µV,28.886,°C,1017,hPa,35.3,pmil,0,55.4,deg,20,°C,100,%a.s.,22.63,deg,20,°C,972,hPa,0.816,-0.01371,0.000397,-0.00013,0,10.11,Humid,22.75,0,51,240449.01,SABD0000000001,AAV1.0.0.11,1.1.2.0,PSt7-10,191107-136,2/17/22 12:14,0000-00,0,no battery,V
4/18/22,11:52:11,9,default,199182947,OXY-CH9,2.585,min,251.918,µmol/L,Humid,18.255,deg,92398,µV,28.877,°C,1017,hPa,35.3,pmil,0,55.4,deg,20,°C,100,%a.s.,22.63,deg,20,°C,972,hPa,0.816,-0.01371,0.000397,-0.00013,0,10.11,Humid,22.75,0,51,240456.38,SABD0000000001,AAV1.0.0.11,1.1.2.0,PSt7-10,191107-136,2/17/22 12:14,0000-00,0,no battery,V
4/18/22,11:52:12,9,default,199182947,OXY-CH9,2.601,min,251.916,µmol/L,Humid,18.255,deg,92387,µV,28.878,°C,1017,hPa,35.3,pmil,0,55.4,deg,20,°C,100,%a.s.,22.63,deg,20,°C,972,hPa,0.816,-0.01371,0.000397,-0.00013,0,10.11,Humid,22.75,0,51,240442.63,SABD0000000001,AAV1.0.0.11,1.1.2.0,PSt7-10,191107-136,2/17/22 12:14,0000-00,0,no battery,V
4/18/22,11:52:13,9,default,199182947,OXY-CH9,2.617,min,251.966,µmol/L,Humid,18.254,deg,92384,µV,28.874,°C,1017,hPa,35.3,pmil,0,55.4,deg,20,°C,100,%a.s.,22.63,deg,20,°C,972,hPa,0.816,-0.01371,0.000397,-0.00013,0,10.11,Humid,22.75,0,51,240442.37,SABD0000000001,AAV1.0.0.11,1.1.2.0,PSt7-10,191107-136,2/17/22 12:14,0000-00,0,no battery,V
4/18/22,11:52:14,9,default,199182947,OXY-CH9,2.634,min,251.806,µmol/L,Humid,18.253,deg,92375,µV,28.898,°C,1017,hPa,35.3,pmil,0,55.4,deg,20,°C,100,%a.s.,22.63,deg,20,°C,972,hPa,0.816,-0.01371,0.000397,-0.00013,0,10.11,Humid,22.75,0,51,240444.35,SABD0000000001,AAV1.0.0.11,1.1.2.0,PSt7-10,191107-136,2/17/22 12:14,0000-00,0,no battery,V
4/18/22,11:52:15,9,default,199182947,OXY-CH9,2.651,min,251.892,µmol/L,Humid,18.251,deg,92367,µV,28.893,°C,1017,hPa,35.3,pmil,0,55.4,deg,20,°C,100,%a.s.,22.63,deg,20,°C,972,hPa,0.816,-0.01371,0.000397,-0.00013,0,10.11,Humid,22.75,0,51,240428.56,SABD0000000001,AAV1.0.0.11,1.1.2.0,PSt7-10,191107-136,2/17/22 12:14,0000-00,0,no battery,V
4/18/22,11:52:16,9,default,199182947,OXY-CH9,2.667,min,251.83,µmol/L,Humid,18.255,deg,92362,µV,28.889,°C,1017,hPa,35.3,pmil,0,55.4,deg,20,°C,100,%a.s.,22.63,deg,20,°C,972,hPa,0.816,-0.01371,0.000397,-0.00013,0,10.11,Humid,22.75,0,51,240435.63,SABD0000000001,AAV1.0.0.11,1.1.2.0,PSt7-10,191107-136,2/17/22 12:14,0000-00,0,no battery,V
4/18/22,11:52:17,9,default,199182947,OXY-CH9,2.684,min,252.054,µmol/L,Humid,18.247,deg,92353,µV,28.884,°C,1017,hPa,35.3,pmil,0,55.4,deg,20,°C,100,%a.s.,22.63,deg,20,°C,972,hPa,0.816,-0.01371,0.000397,-0.00013,0,10.11,Humid,22.75,0,51,240437.31,SABD0000000001,AAV1.0.0.11,1.1.2.0,PSt7-10,191107-136,2/17/22 12:14,0000-00,0,no battery,V
4/18/22,11:52:18,9,default,199182947,OXY-CH9,2.701,min,251.946,µmol/L,Humid,18.248,deg,92347,µV,28.895,°C,1017,hPa,35.3,pmil,0,55.4,deg,20,°C,100,%a.s.,22.63,deg,20,°C,972,hPa,0.816,-0.01371,0.000397,-0.00013,0,10.11,Humid,22.75,0,51,240427.25,SABD0000000001,AAV1.0.0.11,1.1.2.0,PSt7-10,191107-136,2/17/22 12:14,0000-00,0,no battery,V
4/18/22,11:52:19,9,default,199182947,OXY-CH9,2.718,min,251.894,µmol/L,Humid,18.251,deg,92346,µV,28.893,°C,1017,hPa,35.3,pmil,0,55.4,deg,20,°C,100,%a.s.,22.63,deg,20,°C,972,hPa,0.816,-0.01371,0.000397,-0.00013,0,10.11,Humid,22.75,0,51,240429.33,SABD0000000001,AAV1.0.0.11,1.1.2.0,PSt7-10,191107-136,2/17/22 12:14,0000-00,0,no battery,V
4/18/22,11:52:20,9,default,199182947,OXY-CH9,2.734,min,251.981,µmol/L,Humid,18.25,deg,92346,µV,28.885,°C,1017,hPa,35.3,pmil,0,55.4,deg,20,°C,100,%a.s.,22.63,deg,20,°C,972,hPa,0.816,-0.01371,0.000397,-0.00013,0,10.11,Humid,22.75,0,51,240430.43,SABD0000000001,AAV1.0.0.11,1.1.2.0,PSt7-10,191107-136,2/17/22 12:14,0000-00,0,no battery,V
4/18/22,11:52:21,9,default,199182947,OXY-CH9,2.751,min,252.136,µmol/L,Humid,18.246,deg,92340,µV,28.877,°C,1017,hPa,35.3,pmil,0,55.4,deg,20,°C,100,%a.s.,22.63,deg,20,°C,972,hPa,0.816,-0.01371,0.000397,-0.00013,0,10.11,Humid,22.75,0,51,240430.29,SABD0000000001,AAV1.0.0.11,1.1.2.0,PSt7-10,191107-136,2/17/22 12:14,0000-00,0,no battery,V
4/18/22,11:52:22,9,default,199182947,OXY-CH9,2.768,min,252.102,µmol/L,Humid,18.246,deg,92332,µV,28.881,°C,1017,hPa,35.3,pmil,0,55.4,deg,20,°C,100,%a.s.,22.63,deg,20,°C,972,hPa,0.816,-0.01371,0.000397,-0.00013,0,10.11,Humid,22.75,0,51,240426.35,SABD0000000001,AAV1.0.0.11,1.1.2.0,PSt7-10,191107-136,2/17/22 12:14,0000-00,0,no battery,V
4/18/22,11:52:23,9,default,199182947,OXY-CH9,2.784,min,252.121,µmol/L,Humid,18.246,deg,92323,µV,28.879,°C,1017,hPa,35.3,pmil,0,55.4,deg,20,°C,100,%a.s.,22.63,deg,20,°C,972,hPa,0.816,-0.01371,0.000397,-0.00013,0,10.11,Humid,22.75,0,51,240423.73,SABD0000000001,AAV1.0.0.11,1.1.2.0,PSt7-10,191107-136,2/17/22 12:14,0000-00,0,no battery,V
4/18/22,11:52:24,9,default,199182947,OXY-CH9,2.801,min,252.058,µmol/L,Humid,18.247,deg,92314,µV,28.884,°C,1017,hPa,35.3,pmil,0,55.4,deg,20,°C,100,%a.s.,22.63,deg,20,°C,972,hPa,0.816,-0.01371,0.000397,-0.00013,0,10.11,Humid,22.75,0,51,240418.91,SABD0000000001,AAV1.0.0.11,1.1.2.0,PSt7-10,191107-136,2/17/22 12:14,0000-00,0,no battery,V
4/18/22,11:52:25,9,default,199182947,OXY-CH9,2.817,min,252.04,µmol/L,Humid,18.245,deg,92314,µV,28.893,°C,1017,hPa,35.3,pmil,0,55.4,deg,20,°C,100,%a.s.,22.63,deg,20,°C,972,hPa,0.816,-0.01371,0.000397,-0.00013,0,10.11,Humid,22.75,0,51,240428.31,SABD0000000001,AAV1.0.0.11,1.1.2.0,PSt7-10,191107-136,2/17/22 12:14,0000-00,0,no battery,V
4/18/22,11:52:26,9,default,199182947,OXY-CH9,2.834,min,252.167,µmol/L,Humid,18.246,deg,92312,µV,28.873,°C,1017,hPa,35.3,pmil,0,55.4,deg,20,°C,100,%a.s.,22.63,deg,20,°C,972,hPa,0.816,-0.01371,0.000397,-0.00013,0,10.11,Humid,22.75,0,51,240419.69,SABD0000000001,AAV1.0.0.11,1.1.2.0,PSt7-10,191107-136,2/17/22 12:14,0000-00,0,no battery,V
4/18/22,11:52:27,9,default,199182947,OXY-CH9,2.851,min,252.172,µmol/L,Humid,18.244,deg,92307,µV,28.878,°C,1017,hPa,35.3,pmil,0,55.4,deg,20,°C,100,%a.s.,22.63,deg,20,°C,972,hPa,0.816,-0.01371,0.000397,-0.00013,0,10.11,Humid,22.75,0,51,240433.86,SABD0000000001,AAV1.0.0.11,1.1.2.0,PSt7-10,191107-136,2/17/22 12:14,0000-00,0,no battery,V
4/18/22,11:52:28,9,default,199182947,OXY-CH9,2.867,min,252.299,µmol/L,Humid,18.242,deg,92298,µV,28.868,°C,1017,hPa,35.3,pmil,0,55.4,deg,20,°C,100,%a.s.,22.63,deg,20,°C,972,hPa,0.816,-0.01371,0.000397,-0.00013,0,10.11,Humid,22.75,0,51,240409.5,SABD0000000001,AAV1.0.0.11,1.1.2.0,PSt7-10,191107-136,2/17/22 12:14,0000-00,0,no battery,V
4/18/22,11:52:29,9,default,199182947,OXY-CH9,2.884,min,252.232,µmol/L,Humid,18.241,deg,92298,µV,28.88,°C,1017,hPa,35.3,pmil,0,55.4,deg,20,°C,100,%a.s.,22.63,deg,20,°C,972,hPa,0.816,-0.01371,0.000397,-0.00013,0,10.11,Humid,22.75,0,51,240429.5,SABD0000000001,AAV1.0.0.11,1.1.2.0,PSt7-10,191107-136,2/17/22 12:14,0000-00,0,no battery,V
4/18/22,11:52:30,9,default,199182947,OXY-CH9,2.901,min,252.185,µmol/L,Humid,18.241,deg,92290,µV,28.886,°C,1017,hPa,35.3,pmil,0,55.4,deg,20,°C,100,%a.s.,22.63,deg,20,°C,972,hPa,0.816,-0.01371,0.000397,-0.00013,0,10.11,Humid,22.75,0,51,240417.54,SABD0000000001,AAV1.0.0.11,1.1.2.0,PSt7-10,191107-136,2/17/22 12:14,0000-00,0,no battery,V
4/18/22,11:52:31,9,default,199182947,OXY-CH9,2.918,min,252.423,µmol/L,Humid,18.236,deg,92280,µV,28.871,°C,1017,hPa,35.3,pmil,0,55.4,deg,20,°C,100,%a.s.,22.63,deg,20,°C,972,hPa,0.816,-0.01371,0.000397,-0.00013,0,10.11,Humid,22.75,0,51,240421.13,SABD0000000001,AAV1.0.0.11,1.1.2.0,PSt7-10,191107-136,2/17/22 12:14,0000-00,0,no battery,V
4/18/22,11:52:32,9,default,199182947,OXY-CH9,2.934,min,252.201,µmol/L,Humid,18.243,deg,92279,µV,28.878,°C,1017,hPa,35.3,pmil,0,55.4,deg,20,°C,100,%a.s.,22.63,deg,20,°C,972,hPa,0.816,-0.01371,0.000397,-0.00013,0,10.11,Humid,22.75,0,51,240413.41,SABD0000000001,AAV1.0.0.11,1.1.2.0,PSt7-10,191107-136,2/17/22 12:14,0000-00,0,no battery,V
4/18/22,11:52:33,9,default,199182947,OXY-CH9,2.951,min,252.404,µmol/L,Humid,18.235,deg,92274,µV,28.876,°C,1017,hPa,35.3,pmil,0,55.4,deg,20,°C,100,%a.s.,22.63,deg,20,°C,972,hPa,0.816,-0.01371,0.000397,-0.00013,0,10.11,Humid,22.75,0,51,240421.53,SABD0000000001,AAV1.0.0.11,1.1.2.0,PSt7-10,191107-136,2/17/22 12:14,0000-00,0,no battery,V
4/18/22,11:52:34,9,default,199182947,OXY-CH9,2.968,min,252.111,µmol/L,Humid,18.242,deg,92265,µV,28.893,°C,1017,hPa,35.3,pmil,0,55.4,deg,20,°C,100,%a.s.,22.63,deg,20,°C,972,hPa,0.816,-0.01371,0.000397,-0.00013,0,10.11,Humid,22.75,0,51,240416.22,SABD0000000001,AAV1.0.0.11,1.1.2.0,PSt7-10,191107-136,2/17/22 12:14,0000-00,0,no battery,V
4/18/22,11:52:35,9,default,199182947,OXY-CH9,2.984,min,252.179,µmol/L,Humid,18.237,deg,92257,µV,28.899,°C,1017,hPa,35.3,pmil,0,55.4,deg,20,°C,100,%a.s.,22.63,deg,20,°C,972,hPa,0.816,-0.01371,0.000397,-0.00013,0,10.11,Humid,22.75,0,51,240407.91,SABD0000000001,AAV1.0.0.11,1.1.2.0,PSt7-10,191107-136,2/17/22 12:14,0000-00,0,no battery,V
4/18/22,11:52:36,9,default,199182947,OXY-CH9,3.001,min,252.352,µmol/L,Humid,18.235,deg,92249,µV,28.883,°C,1017,hPa,35.3,pmil,0,55.4,deg,20,°C,100,%a.s.,22.63,deg,20,°C,972,hPa,0.816,-0.01371,0.000397,-0.00013,0,10.11,Humid,22.75,0,51,240403.64,SABD0000000001,AAV1.0.0.11,1.1.2.0,PSt7-10,191107-136,2/17/22 12:14,0000-00,0,no battery,V
4/18/22,11:52:37,9,default,199182947,OXY-CH9,3.017,min,252.439,µmol/L,Humid,18.231,deg,92249,µV,28.884,°C,1017,hPa,35.3,pmil,0,55.4,deg,20,°C,100,%a.s.,22.63,deg,20,°C,972,hPa,0.816,-0.01371,0.000397,-0.00013,0,10.11,Humid,22.75,0,51,240408.9,SABD0000000001,AAV1.0.0.11,1.1.2.0,PSt7-10,191107-136,2/17/22 12:14,0000-00,0,no battery,V
4/18/22,11:52:38,9,default,199182947,OXY-CH9,3.034,min,252.386,µmol/L,Humid,18.235,deg,92240,µV,28.879,°C,1017,hPa,35.3,pmil,0,55.4,deg,20,°C,100,%a.s.,22.63,deg,20,°C,972,hPa,0.816,-0.01371,0.000397,-0.00013,0,10.11,Humid,22.75,0,51,240406.43,SABD0000000001,AAV1.0.0.11,1.1.2.0,PSt7-10,191107-136,2/17/22 12:14,0000-00,0,no battery,V
4/18/22,11:52:39,9,default,199182947,OXY-CH9,3.05,min,252.387,µmol/L,Humid,18.233,deg,92238,µV,28.885,°C,1017,hPa,35.3,pmil,0,55.4,deg,20,°C,100,%a.s.,22.63,deg,20,°C,972,hPa,0.816,-0.01371,0.000397,-0.00013,0,10.11,Humid,22.75,0,51,240409.3,SABD0000000001,AAV1.0.0.11,1.1.2.0,PSt7-10,191107-136,2/17/22 12:14,0000-00,0,no battery,V
4/18/22,11:52:40,9,default,199182947,OXY-CH9,3.067,min,252.381,µmol/L,Humid,18.234,deg,92230,µV,28.882,°C,1017,hPa,35.3,pmil,0,55.4,deg,20,°C,100,%a.s.,22.63,deg,20,°C,972,hPa,0.816,-0.01371,0.000397,-0.00013,0,10.11,Humid,22.75,0,51,240404.31,SABD0000000001,AAV1.0.0.11,1.1.2.0,PSt7-10,191107-136,2/17/22 12:14,0000-00,0,no battery,V
4/18/22,11:52:41,9,default,199182947,OXY-CH9,3.084,min,252.632,µmol/L,Humid,18.228,deg,92235,µV,28.869,°C,1017,hPa,35.3,pmil,0,55.4,deg,20,°C,100,%a.s.,22.63,deg,20,°C,972,hPa,0.816,-0.01371,0.000397,-0.00013,0,10.11,Humid,22.75,0,51,240406.24,SABD0000000001,AAV1.0.0.11,1.1.2.0,PSt7-10,191107-136,2/17/22 12:14,0000-00,0,no battery,V
4/18/22,11:52:42,9,default,199182947,OXY-CH9,3.101,min,252.529,µmol/L,Humid,18.229,deg,92220,µV,28.879,°C,1017,hPa,35.3,pmil,0,55.4,deg,20,°C,100,%a.s.,22.63,deg,20,°C,972,hPa,0.816,-0.01371,0.000397,-0.00013,0,10.11,Humid,22.75,0,51,240413.75,SABD0000000001,AAV1.0.0.11,1.1.2.0,PSt7-10,191107-136,2/17/22 12:14,0000-00,0,no battery,V
4/18/22,11:52:43,9,default,199182947,OXY-CH9,3.117,min,252.523,µmol/L,Humid,18.226,deg,92212,µV,28.889,°C,1017,hPa,35.3,pmil,0,55.4,deg,20,°C,100,%a.s.,22.63,deg,20,°C,972,hPa,0.816,-0.01371,0.000397,-0.00013,0,10.11,Humid,22.75,0,51,240410.84,SABD0000000001,AAV1.0.0.11,1.1.2.0,PSt7-10,191107-136,2/17/22 12:14,0000-00,0,no battery,V
4/18/22,11:52:44,9,default,199182947,OXY-CH9,3.134,min,252.568,µmol/L,Humid,18.228,deg,92212,µV,28.877,°C,1017,hPa,35.3,pmil,0,55.4,deg,20,°C,100,%a.s.,22.63,deg,20,°C,972,hPa,0.816,-0.01371,0.000397,-0.00013,0,10.11,Humid,22.75,0,51,240407.53,SABD0000000001,AAV1.0.0.11,1.1.2.0,PSt7-10,191107-136,2/17/22 12:14,0000-00,0,no battery,V
4/18/22,11:52:45,9,default,199182947,OXY-CH9,3.151,min,252.487,µmol/L,Humid,18.229,deg,92207,µV,28.884,°C,1017,hPa,35.3,pmil,0,55.4,deg,20,°C,100,%a.s.,22.63,deg,20,°C,972,hPa,0.816,-0.01371,0.000397,-0.00013,0,10.11,Humid,22.75,0,51,240410.47,SABD0000000001,AAV1.0.0.11,1.1.2.0,PSt7-10,191107-136,2/17/22 12:14,0000-00,0,no battery,V
4/18/22,11:52:46,9,default,199182947,OXY-CH9,3.168,min,252.479,µmol/L,Humid,18.23,deg,92200,µV,28.882,°C,1017,hPa,35.3,pmil,0,55.4,deg,20,°C,100,%a.s.,22.63,deg,20,°C,972,hPa,0.816,-0.01371,0.000397,-0.00013,0,10.11,Humid,22.75,0,51,240404.07,SABD0000000001,AAV1.0.0.11,1.1.2.0,PSt7-10,191107-136,2/17/22 12:14,0000-00,0,no battery,V
4/18/22,11:52:47,9,default,199182947,OXY-CH9,3.184,min,252.577,µmol/L,Humid,18.225,deg,92192,µV,28.885,°C,1017,hPa,35.3,pmil,0,55.4,deg,20,°C,100,%a.s.,22.63,deg,20,°C,972,hPa,0.816,-0.01371,0.000397,-0.00013,0,10.11,Humid,22.75,0,51,240399.51,SABD0000000001,AAV1.0.0.11,1.1.2.0,PSt7-10,191107-136,2/17/22 12:14,0000-00,0,no battery,V
4/18/22,11:52:48,9,default,199182947,OXY-CH9,3.201,min,252.595,µmol/L,Humid,18.227,deg,92191,µV,28.876,°C,1017,hPa,35.3,pmil,0,55.4,deg,20,°C,100,%a.s.,22.63,deg,20,°C,972,hPa,0.816,-0.01371,0.000397,-0.00013,0,10.11,Humid,22.75,0,51,240407,SABD0000000001,AAV1.0.0.11,1.1.2.0,PSt7-10,191107-136,2/17/22 12:14,0000-00,0,no battery,V
4/18/22,11:52:49,9,default,199182947,OXY-CH9,3.218,min,252.648,µmol/L,Humid,18.226,deg,92183,µV,28.873,°C,1017,hPa,35.3,pmil,0,55.4,deg,20,°C,100,%a.s.,22.63,deg,20,°C,972,hPa,0.816,-0.01371,0.000397,-0.00013,0,10.11,Humid,22.75,0,51,240408.15,SABD0000000001,AAV1.0.0.11,1.1.2.0,PSt7-10,191107-136,2/17/22 12:14,0000-00,0,no battery,V
4/18/22,11:52:50,9,default,199182947,OXY-CH9,3.234,min,252.655,µmol/L,Humid,18.223,deg,92181,µV,28.881,°C,1017,hPa,35.3,pmil,0,55.4,deg,20,°C,100,%a.s.,22.63,deg,20,°C,972,hPa,0.816,-0.01371,0.000397,-0.00013,0,10.11,Humid,22.75,0,51,240398.66,SABD0000000001,AAV1.0.0.11,1.1.2.0,PSt7-10,191107-136,2/17/22 12:14,0000-00,0,no battery,V
4/18/22,11:52:51,9,default,199182947,OXY-CH9,3.251,min,252.701,µmol/L,Humid,18.224,deg,92169,µV,28.872,°C,1017,hPa,35.3,pmil,0,55.4,deg,20,°C,100,%a.s.,22.63,deg,20,°C,972,hPa,0.816,-0.01371,0.000397,-0.00013,0,10.11,Humid,22.75,0,51,240410.28,SABD0000000001,AAV1.0.0.11,1.1.2.0,PSt7-10,191107-136,2/17/22 12:14,0000-00,0,no battery,V
4/18/22,11:52:52,9,default,199182947,OXY-CH9,3.267,min,252.455,µmol/L,Humid,18.226,deg,92168,µV,28.898,°C,1017,hPa,35.3,pmil,0,55.4,deg,20,°C,100,%a.s.,22.63,deg,20,°C,972,hPa,0.816,-0.01371,0.000397,-0.00013,0,10.11,Humid,22.75,0,51,240402.33,SABD0000000001,AAV1.0.0.11,1.1.2.0,PSt7-10,191107-136,2/17/22 12:14,0000-00,0,no battery,V
4/18/22,11:52:53,9,default,199182947,OXY-CH9,3.284,min,252.632,µmol/L,Humid,18.221,deg,92163,µV,28.89,°C,1017,hPa,35.3,pmil,0,55.4,deg,20,°C,100,%a.s.,22.63,deg,20,°C,972,hPa,0.816,-0.01371,0.000397,-0.00013,0,10.11,Humid,22.75,0,51,240397.58,SABD0000000001,AAV1.0.0.11,1.1.2.0,PSt7-10,191107-136,2/17/22 12:14,0000-00,0,no battery,V
4/18/22,11:52:54,9,default,199182947,OXY-CH9,3.301,min,252.782,µmol/L,Humid,18.219,deg,92154,µV,28.877,°C,1017,hPa,35.3,pmil,0,55.4,deg,20,°C,100,%a.s.,22.63,deg,20,°C,972,hPa,0.816,-0.01371,0.000397,-0.00013,0,10.11,Humid,22.75,0,51,240402.95,SABD0000000001,AAV1.0.0.11,1.1.2.0,PSt7-10,191107-136,2/17/22 12:14,0000-00,0,no battery,V
4/18/22,11:52:55,9,default,199182947,OXY-CH9,3.317,min,252.667,µmol/L,Humid,18.222,deg,92153,µV,28.883,°C,1017,hPa,35.3,pmil,0,55.4,deg,20,°C,100,%a.s.,22.63,deg,20,°C,972,hPa,0.816,-0.01371,0.000397,-0.00013,0,10.11,Humid,22.75,0,51,240389.42,SABD0000000001,AAV1.0.0.11,1.1.2.0,PSt7-10,191107-136,2/17/22 12:14,0000-00,0,no battery,V
4/18/22,11:52:56,9,default,199182947,OXY-CH9,3.334,min,252.678,µmol/L,Humid,18.221,deg,92147,µV,28.884,°C,1017,hPa,35.3,pmil,0,55.4,deg,20,°C,100,%a.s.,22.63,deg,20,°C,972,hPa,0.816,-0.01371,0.000397,-0.00013,0,10.11,Humid,22.75,0,51,240388.67,SABD0000000001,AAV1.0.0.11,1.1.2.0,PSt7-10,191107-136,2/17/22 12:14,0000-00,0,no battery,V
4/18/22,11:52:57,9,default,199182947,OXY-CH9,3.351,min,252.789,µmol/L,Humid,18.218,deg,92139,µV,28.879,°C,1017,hPa,35.3,pmil,0,55.4,deg,20,°C,100,%a.s.,22.63,deg,20,°C,972,hPa,0.816,-0.01371,0.000397,-0.00013,0,10.11,Humid,22.75,0,51,240398.53,SABD0000000001,AAV1.0.0.11,1.1.2.0,PSt7-10,191107-136,2/17/22 12:14,0000-00,0,no battery,V
4/18/22,11:52:58,9,default,199182947,OXY-CH9,3.368,min,252.836,µmol/L,Humid,18.218,deg,92145,µV,28.873,°C,1017,hPa,35.3,pmil,0,55.4,deg,20,°C,100,%a.s.,22.63,deg,20,°C,972,hPa,0.816,-0.01371,0.000397,-0.00013,0,10.11,Humid,22.75,0,51,240394.68,SABD0000000001,AAV1.0.0.11,1.1.2.0,PSt7-10,191107-136,2/17/22 12:14,0000-00,0,no battery,V
4/18/22,11:52:59,9,default,199182947,OXY-CH9,3.384,min,252.697,µmol/L,Humid,18.219,deg,92135,µV,28.888,°C,1017,hPa,35.3,pmil,0,55.4,deg,20,°C,100,%a.s.,22.63,deg,20,°C,972,hPa,0.816,-0.01371,0.000397,-0.00013,0,10.11,Humid,22.75,0,51,240402.66,SABD0000000001,AAV1.0.0.11,1.1.2.0,PSt7-10,191107-136,2/17/22 12:14,0000-00,0,no battery,V
4/18/22,11:53:00,9,default,199182947,OXY-CH9,3.401,min,252.817,µmol/L,Humid,18.217,deg,92121,µV,28.879,°C,1017,hPa,35.3,pmil,0,55.4,deg,20,°C,100,%a.s.,22.63,deg,20,°C,972,hPa,0.816,-0.01371,0.000397,-0.00013,0,10.11,Humid,22.75,0,51,240392.54,SABD0000000001,AAV1.0.0.11,1.1.2.0,PSt7-10,191107-136,2/17/22 12:14,0000-00,0,no battery,V
4/18/22,11:53:01,9,default,199182947,OXY-CH9,3.418,min,252.839,µmol/L,Humid,18.216,deg,92120,µV,28.879,°C,1017,hPa,35.3,pmil,0,55.4,deg,20,°C,100,%a.s.,22.63,deg,20,°C,972,hPa,0.816,-0.01371,0.000397,-0.00013,0,10.11,Humid,22.75,0,51,240389.88,SABD0000000001,AAV1.0.0.11,1.1.2.0,PSt7-10,191107-136,2/17/22 12:14,0000-00,0,no battery,V
4/18/22,11:53:02,9,default,199182947,OXY-CH9,3.434,min,252.831,µmol/L,Humid,18.214,deg,92117,µV,28.886,°C,1017,hPa,35.3,pmil,0,55.4,deg,20,°C,100,%a.s.,22.63,deg,20,°C,972,hPa,0.816,-0.01371,0.000397,-0.00013,0,10.11,Humid,22.75,0,51,240388.94,SABD0000000001,AAV1.0.0.11,1.1.2.0,PSt7-10,191107-136,2/17/22 12:14,0000-00,0,no battery,V
4/18/22,11:53:03,9,default,199182947,OXY-CH9,3.45,min,252.767,µmol/L,Humid,18.213,deg,92116,µV,28.898,°C,1017,hPa,35.3,pmil,0,55.4,deg,20,°C,100,%a.s.,22.63,deg,20,°C,972,hPa,0.816,-0.01371,0.000397,-0.00013,0,10.11,Humid,22.75,0,51,240388.23,SABD0000000001,AAV1.0.0.11,1.1.2.0,PSt7-10,191107-136,2/17/22 12:14,0000-00,0,no battery,V
4/18/22,11:53:04,9,default,199182947,OXY-CH9,3.467,min,253.172,µmol/L,Humid,18.207,deg,92105,µV,28.864,°C,1017,hPa,35.3,pmil,0,55.4,deg,20,°C,100,%a.s.,22.63,deg,20,°C,972,hPa,0.816,-0.01371,0.000397,-0.00013,0,10.11,Humid,22.75,0,51,240393.01,SABD0000000001,AAV1.0.0.11,1.1.2.0,PSt7-10,191107-136,2/17/22 12:14,0000-00,0,no battery,V
4/18/22,11:53:05,9,default,199182947,OXY-CH9,3.484,min,252.911,µmol/L,Humid,18.212,deg,92101,µV,28.882,°C,1017,hPa,35.3,pmil,0,55.4,deg,20,°C,100,%a.s.,22.63,deg,20,°C,972,hPa,0.816,-0.01371,0.000397,-0.00013,0,10.11,Humid,22.75,0,51,240390.06,SABD0000000001,AAV1.0.0.11,1.1.2.0,PSt7-10,191107-136,2/17/22 12:14,0000-00,0,no battery,V
4/18/22,11:53:06,9,default,199182947,OXY-CH9,3.501,min,252.898,µmol/L,Humid,18.212,deg,92094,µV,28.884,°C,1017,hPa,35.3,pmil,0,55.4,deg,20,°C,100,%a.s.,22.63,deg,20,°C,972,hPa,0.816,-0.01371,0.000397,-0.00013,0,10.11,Humid,22.75,0,51,240398.85,SABD0000000001,AAV1.0.0.11,1.1.2.0,PSt7-10,191107-136,2/17/22 12:14,0000-00,0,no battery,V
4/18/22,11:53:07,9,default,199182947,OXY-CH9,3.518,min,252.972,µmol/L,Humid,18.212,deg,92088,µV,28.874,°C,1017,hPa,35.3,pmil,0,55.4,deg,20,°C,100,%a.s.,22.63,deg,20,°C,972,hPa,0.816,-0.01371,0.000397,-0.00013,0,10.11,Humid,22.75,0,51,240391.36,SABD0000000001,AAV1.0.0.11,1.1.2.0,PSt7-10,191107-136,2/17/22 12:14,0000-00,0,no battery,V
4/18/22,11:53:08,9,default,199182947,OXY-CH9,3.534,min,253.069,µmol/L,Humid,18.205,deg,92084,µV,28.883,°C,1017,hPa,35.3,pmil,0,55.4,deg,20,°C,100,%a.s.,22.63,deg,20,°C,972,hPa,0.816,-0.01371,0.000397,-0.00013,0,10.11,Humid,22.75,0,51,240392.53,SABD0000000001,AAV1.0.0.11,1.1.2.0,PSt7-10,191107-136,2/17/22 12:14,0000-00,0,no battery,V
4/18/22,11:53:09,9,default,199182947,OXY-CH9,3.551,min,252.981,µmol/L,Humid,18.209,deg,92081,µV,28.882,°C,1017,hPa,35.3,pmil,0,55.4,deg,20,°C,100,%a.s.,22.63,deg,20,°C,972,hPa,0.816,-0.01371,0.000397,-0.00013,0,10.11,Humid,22.75,0,51,240392.52,SABD0000000001,AAV1.0.0.11,1.1.2.0,PSt7-10,191107-136,2/17/22 12:14,0000-00,0,no battery,V
4/18/22,11:53:10,9,default,199182947,OXY-CH9,3.567,min,253.024,µmol/L,Humid,18.211,deg,92074,µV,28.871,°C,1017,hPa,35.3,pmil,0,55.4,deg,20,°C,100,%a.s.,22.63,deg,20,°C,972,hPa,0.816,-0.01371,0.000397,-0.00013,0,10.11,Humid,22.75,0,51,240390.39,SABD0000000001,AAV1.0.0.11,1.1.2.0,PSt7-10,191107-136,2/17/22 12:14,0000-00,0,no battery,V
4/18/22,11:53:11,9,default,199182947,OXY-CH9,3.584,min,253.118,µmol/L,Humid,18.207,deg,92069,µV,28.871,°C,1017,hPa,35.3,pmil,0,55.4,deg,20,°C,100,%a.s.,22.63,deg,20,°C,972,hPa,0.816,-0.01371,0.000397,-0.00013,0,10.11,Humid,22.75,0,51,240377.62,SABD0000000001,AAV1.0.0.11,1.1.2.0,PSt7-10,191107-136,2/17/22 12:14,0000-00,0,no battery,V
4/18/22,11:53:12,9,default,199182947,OXY-CH9,3.601,min,252.85,µmol/L,Humid,18.209,deg,92077,µV,28.899,°C,1017,hPa,35.3,pmil,0,55.4,deg,20,°C,100,%a.s.,22.63,deg,20,°C,972,hPa,0.816,-0.01371,0.000397,-0.00013,0,10.11,Humid,22.75,0,51,240384.8,SABD0000000001,AAV1.0.0.11,1.1.2.0,PSt7-10,191107-136,2/17/22 12:14,0000-00,0,no battery,V
4/18/22,11:53:13,9,default,199182947,OXY-CH9,3.617,min,252.885,µmol/L,Humid,18.208,deg,92056,µV,28.898,°C,1017,hPa,35.3,pmil,0,55.4,deg,20,°C,100,%a.s.,22.63,deg,20,°C,972,hPa,0.816,-0.01371,0.000397,-0.00013,0,10.11,Humid,22.75,0,51,240375.85,SABD0000000001,AAV1.0.0.11,1.1.2.0,PSt7-10,191107-136,2/17/22 12:14,0000-00,0,no battery,V
4/18/22,11:53:14,9,default,199182947,OXY-CH9,3.634,min,253.009,µmol/L,Humid,18.208,deg,92064,µV,28.882,°C,1017,hPa,35.3,pmil,0,55.4,deg,20,°C,100,%a.s.,22.63,deg,20,°C,972,hPa,0.816,-0.01371,0.000397,-0.00013,0,10.11,Humid,22.75,0,51,240385.93,SABD0000000001,AAV1.0.0.11,1.1.2.0,PSt7-10,191107-136,2/17/22 12:14,0000-00,0,no battery,V
4/18/22,11:53:15,9,default,199182947,OXY-CH9,3.651,min,253.028,µmol/L,Humid,18.206,deg,92057,µV,28.886,°C,1017,hPa,35.3,pmil,0,55.4,deg,20,°C,100,%a.s.,22.63,deg,20,°C,972,hPa,0.816,-0.01371,0.000397,-0.00013,0,10.11,Humid,22.75,0,51,240387.44,SABD0000000001,AAV1.0.0.11,1.1.2.0,PSt7-10,191107-136,2/17/22 12:14,0000-00,0,no battery,V
4/18/22,11:53:16,9,default,199182947,OXY-CH9,3.667,min,253.071,µmol/L,Humid,18.203,deg,92054,µV,28.889,°C,1017,hPa,35.3,pmil,0,55.4,deg,20,°C,100,%a.s.,22.63,deg,20,°C,972,hPa,0.816,-0.01371,0.000397,-0.00013,0,10.11,Humid,22.75,0,51,240376.84,SABD0000000001,AAV1.0.0.11,1.1.2.0,PSt7-10,191107-136,2/17/22 12:14,0000-00,0,no battery,V
4/18/22,11:53:17,9,default,199182947,OXY-CH9,3.684,min,253.024,µmol/L,Humid,18.205,deg,92042,µV,28.889,°C,1017,hPa,35.3,pmil,0,55.4,deg,20,°C,100,%a.s.,22.63,deg,20,°C,972,hPa,0.816,-0.01371,0.000397,-0.00013,0,10.11,Humid,22.75,0,51,240385.23,SABD0000000001,AAV1.0.0.11,1.1.2.0,PSt7-10,191107-136,2/17/22 12:14,0000-00,0,no battery,V
4/18/22,11:53:18,9,default,199182947,OXY-CH9,3.701,min,253.256,µmol/L,Humid,18.202,deg,92039,µV,28.869,°C,1017,hPa,35.3,pmil,0,55.4,deg,20,°C,100,%a.s.,22.63,deg,20,°C,972,hPa,0.816,-0.01371,0.000397,-0.00013,0,10.11,Humid,22.75,0,51,240378.66,SABD0000000001,AAV1.0.0.11,1.1.2.0,PSt7-10,191107-136,2/17/22 12:14,0000-00,0,no battery,V
4/18/22,11:53:19,9,default,199182947,OXY-CH9,3.718,min,253.16,µmol/L,Humid,18.204,deg,92030,µV,28.875,°C,1017,hPa,35.3,pmil,0,55.4,deg,20,°C,100,%a.s.,22.63,deg,20,°C,972,hPa,0.816,-0.01371,0.000397,-0.00013,0,10.11,Humid,22.75,0,51,240382.88,SABD0000000001,AAV1.0.0.11,1.1.2.0,PSt7-10,191107-136,2/17/22 12:14,0000-00,0,no battery,V
4/18/22,11:53:20,9,default,199182947,OXY-CH9,3.734,min,253.098,µmol/L,Humid,18.204,deg,92026,µV,28.883,°C,1017,hPa,35.3,pmil,0,55.4,deg,20,°C,100,%a.s.,22.63,deg,20,°C,972,hPa,0.816,-0.01371,0.000397,-0.00013,0,10.11,Humid,22.75,0,51,240386.95,SABD0000000001,AAV1.0.0.11,1.1.2.0,PSt7-10,191107-136,2/17/22 12:14,0000-00,0,no battery,V
4/18/22,11:53:21,9,default,199182947,OXY-CH9,3.751,min,253.112,µmol/L,Humid,18.203,deg,92020,µV,28.884,°C,1017,hPa,35.3,pmil,0,55.4,deg,20,°C,100,%a.s.,22.63,deg,20,°C,972,hPa,0.816,-0.01371,0.000397,-0.00013,0,10.11,Humid,22.75,0,51,240372.51,SABD0000000001,AAV1.0.0.11,1.1.2.0,PSt7-10,191107-136,2/17/22 12:14,0000-00,0,no battery,V
4/18/22,11:53:22,9,default,199182947,OXY-CH9,3.767,min,253.335,µmol/L,Humid,18.195,deg,92015,µV,28.88,°C,1017,hPa,35.3,pmil,0,55.4,deg,20,°C,100,%a.s.,22.63,deg,20,°C,972,hPa,0.816,-0.01371,0.000397,-0.00013,0,10.11,Humid,22.75,0,51,240372.26,SABD0000000001,AAV1.0.0.11,1.1.2.0,PSt7-10,191107-136,2/17/22 12:14,0000-00,0,no battery,V
4/18/22,11:53:23,9,default,199182947,OXY-CH9,3.784,min,253.249,µmol/L,Humid,18.2,deg,92015,µV,28.876,°C,1017,hPa,35.3,pmil,0,55.4,deg,20,°C,100,%a.s.,22.63,deg,20,°C,972,hPa,0.816,-0.01371,0.000397,-0.00013,0,10.11,Humid,22.75,0,51,240370.27,SABD0000000001,AAV1.0.0.11,1.1.2.0,PSt7-10,191107-136,2/17/22 12:14,0000-00,0,no battery,V
4/18/22,11:53:24,9,default,199182947,OXY-CH9,3.801,min,253.315,µmol/L,Humid,18.196,deg,92003,µV,28.88,°C,1017,hPa,35.3,pmil,0,55.4,deg,20,°C,100,%a.s.,22.63,deg,20,°C,972,hPa,0.816,-0.01371,0.000397,-0.00013,0,10.11,Humid,22.75,0,51,240378.04,SABD0000000001,AAV1.0.0.11,1.1.2.0,PSt7-10,191107-136,2/17/22 12:14,0000-00,0,no battery,V
4/18/22,11:53:25,9,default,199182947,OXY-CH9,3.817,min,253.296,µmol/L,Humid,18.197,deg,92001,µV,28.879,°C,1017,hPa,35.3,pmil,0,55.4,deg,20,°C,100,%a.s.,22.63,deg,20,°C,972,hPa,0.816,-0.01371,0.000397,-0.00013,0,10.11,Humid,22.75,0,51,240379.26,SABD0000000001,AAV1.0.0.11,1.1.2.0,PSt7-10,191107-136,2/17/22 12:14,0000-00,0,no battery,V
4/18/22,11:53:26,9,default,199182947,OXY-CH9,3.834,min,253.223,µmol/L,Humid,18.199,deg,92006,µV,28.882,°C,1017,hPa,35.3,pmil,0,55.4,deg,20,°C,100,%a.s.,22.63,deg,20,°C,972,hPa,0.816,-0.01371,0.000397,-0.00013,0,10.11,Humid,22.75,0,51,240381.98,SABD0000000001,AAV1.0.0.11,1.1.2.0,PSt7-10,191107-136,2/17/22 12:14,0000-00,0,no battery,V
4/18/22,11:53:27,9,default,199182947,OXY-CH9,3.851,min,253.35,µmol/L,Humid,18.197,deg,91995,µV,28.872,°C,1017,hPa,35.3,pmil,0,55.4,deg,20,°C,100,%a.s.,22.63,deg,20,°C,972,hPa,0.816,-0.01371,0.000397,-0.00013,0,10.11,Humid,22.75,0,51,240380.04,SABD0000000001,AAV1.0.0.11,1.1.2.0,PSt7-10,191107-136,2/17/22 12:14,0000-00,0,no battery,V
4/18/22,11:53:28,9,default,199182947,OXY-CH9,3.868,min,253.437,µmol/L,Humid,18.194,deg,91985,µV,28.87,°C,1017,hPa,35.3,pmil,0,55.4,deg,20,°C,100,%a.s.,22.63,deg,20,°C,972,hPa,0.816,-0.01371,0.000397,-0.00013,0,10.11,Humid,22.75,0,51,240384.75,SABD0000000001,AAV1.0.0.11,1.1.2.0,PSt7-10,191107-136,2/17/22 12:14,0000-00,0,no battery,V
4/18/22,11:53:29,9,default,199182947,OXY-CH9,3.885,min,253.529,µmol/L,Humid,18.191,deg,91983,µV,28.868,°C,1017,hPa,35.3,pmil,0,55.4,deg,20,°C,100,%a.s.,22.63,deg,20,°C,972,hPa,0.816,-0.01371,0.000397,-0.00013,0,10.11,Humid,22.75,0,51,240375.72,SABD0000000001,AAV1.0.0.11,1.1.2.0,PSt7-10,191107-136,2/17/22 12:14,0000-00,0,no battery,V
4/18/22,11:53:30,9,default,199182947,OXY-CH9,3.901,min,253.398,µmol/L,Humid,18.195,deg,91976,µV,28.872,°C,1017,hPa,35.3,pmil,0,55.4,deg,20,°C,100,%a.s.,22.63,deg,20,°C,972,hPa,0.816,-0.01371,0.000397,-0.00013,0,10.11,Humid,22.75,0,51,240372.92,SABD0000000001,AAV1.0.0.11,1.1.2.0,PSt7-10,191107-136,2/17/22 12:14,0000-00,0,no battery,V
4/18/22,11:53:31,9,default,199182947,OXY-CH9,3.917,min,253.265,µmol/L,Humid,18.192,deg,91969,µV,28.899,°C,1017,hPa,35.3,pmil,0,55.4,deg,20,°C,100,%a.s.,22.63,deg,20,°C,972,hPa,0.816,-0.01371,0.000397,-0.00013,0,10.11,Humid,22.75,0,51,240372.33,SABD0000000001,AAV1.0.0.11,1.1.2.0,PSt7-10,191107-136,2/17/22 12:14,0000-00,0,no battery,V
4/18/22,11:53:32,9,default,199182947,OXY-CH9,3.934,min,253.338,µmol/L,Humid,18.191,deg,91961,µV,28.892,°C,1017,hPa,35.3,pmil,0,55.4,deg,20,°C,100,%a.s.,22.63,deg,20,°C,972,hPa,0.816,-0.01371,0.000397,-0.00013,0,10.11,Humid,22.75,0,51,240368.75,SABD0000000001,AAV1.0.0.11,1.1.2.0,PSt7-10,191107-136,2/17/22 12:14,0000-00,0,no battery,V
4/18/22,11:53:33,9,default,199182947,OXY-CH9,3.95,min,253.313,µmol/L,Humid,18.192,deg,91949,µV,28.892,°C,1017,hPa,35.3,pmil,0,55.4,deg,20,°C,100,%a.s.,22.63,deg,20,°C,972,hPa,0.816,-0.01371,0.000397,-0.00013,0,10.11,Humid,22.75,0,51,240369.59,SABD0000000001,AAV1.0.0.11,1.1.2.0,PSt7-10,191107-136,2/17/22 12:14,0000-00,0,no battery,V
4/18/22,11:53:34,9,default,199182947,OXY-CH9,3.967,min,253.436,µmol/L,Humid,18.188,deg,91952,µV,28.889,°C,1017,hPa,35.3,pmil,0,55.4,deg,20,°C,100,%a.s.,22.63,deg,20,°C,972,hPa,0.816,-0.01371,0.000397,-0.00013,0,10.11,Humid,22.75,0,51,240362.15,SABD0000000001,AAV1.0.0.11,1.1.2.0,PSt7-10,191107-136,2/17/22 12:14,0000-00,0,no battery,V
4/18/22,11:53:35,9,default,199182947,OXY-CH9,3.984,min,253.305,µmol/L,Humid,18.194,deg,91951,µV,28.887,°C,1017,hPa,35.3,pmil,0,55.4,deg,20,°C,100,%a.s.,22.63,deg,20,°C,972,hPa,0.816,-0.01371,0.000397,-0.00013,0,10.11,Humid,22.75,0,51,240362.7,SABD0000000001,AAV1.0.0.11,1.1.2.0,PSt7-10,191107-136,2/17/22 12:14,0000-00,0,no battery,V
4/18/22,11:53:36,9,default,199182947,OXY-CH9,4.001,min,253.394,µmol/L,Humid,18.188,deg,91944,µV,28.894,°C,1017,hPa,35.3,pmil,0,55.4,deg,20,°C,100,%a.s.,22.63,deg,20,°C,972,hPa,0.816,-0.01371,0.000397,-0.00013,0,10.11,Humid,22.75,0,51,240371.28,SABD0000000001,AAV1.0.0.11,1.1.2.0,PSt7-10,191107-136,2/17/22 12:14,0000-00,0,no battery,V
4/18/22,11:53:37,9,default,199182947,OXY-CH9,4.018,min,253.493,µmol/L,Humid,18.188,deg,91946,µV,28.882,°C,1017,hPa,35.3,pmil,0,55.4,deg,20,°C,100,%a.s.,22.63,deg,20,°C,972,hPa,0.816,-0.01371,0.000397,-0.00013,0,10.11,Humid,22.75,0,51,240370.29,SABD0000000001,AAV1.0.0.11,1.1.2.0,PSt7-10,191107-136,2/17/22 12:14,0000-00,0,no battery,V
4/18/22,11:53:38,9,default,199182947,OXY-CH9,4.034,min,253.576,µmol/L,Humid,18.188,deg,91935,µV,28.871,°C,1017,hPa,35.3,pmil,0,55.4,deg,20,°C,100,%a.s.,22.63,deg,20,°C,972,hPa,0.816,-0.01371,0.000397,-0.00013,0,10.11,Humid,22.75,0,51,240368.47,SABD0000000001,AAV1.0.0.11,1.1.2.0,PSt7-10,191107-136,2/17/22 12:14,0000-00,0,no battery,V
4/18/22,11:53:39,9,default,199182947,OXY-CH9,4.051,min,253.655,µmol/L,Humid,18.184,deg,91924,µV,28.873,°C,1017,hPa,35.3,pmil,0,55.4,deg,20,°C,100,%a.s.,22.63,deg,20,°C,972,hPa,0.816,-0.01371,0.000397,-0.00013,0,10.11,Humid,22.75,0,51,240361.59,SABD0000000001,AAV1.0.0.11,1.1.2.0,PSt7-10,191107-136,2/17/22 12:14,0000-00,0,no battery,V
4/18/22,11:53:40,9,default,199182947,OXY-CH9,4.068,min,253.544,µmol/L,Humid,18.189,deg,91915,µV,28.872,°C,1017,hPa,35.3,pmil,0,55.4,deg,20,°C,100,%a.s.,22.63,deg,20,°C,972,hPa,0.816,-0.01371,0.000397,-0.00013,0,10.11,Humid,22.75,0,51,240363.79,SABD0000000001,AAV1.0.0.11,1.1.2.0,PSt7-10,191107-136,2/17/22 12:14,0000-00,0,no battery,V
4/18/22,11:53:41,9,default,199182947,OXY-CH9,4.084,min,253.426,µmol/L,Humid,18.187,deg,91912,µV,28.893,°C,1017,hPa,35.3,pmil,0,55.4,deg,20,°C,100,%a.s.,22.63,deg,20,°C,972,hPa,0.816,-0.01371,0.000397,-0.00013,0,10.11,Humid,22.75,0,51,240362.58,SABD0000000001,AAV1.0.0.11,1.1.2.0,PSt7-10,191107-136,2/17/22 12:14,0000-00,0,no battery,V
4/18/22,11:53:42,9,default,199182947,OXY-CH9,4.1,min,253.51,µmol/L,Humid,18.186,deg,91902,µV,28.886,°C,1017,hPa,35.3,pmil,0,55.4,deg,20,°C,100,%a.s.,22.63,deg,20,°C,972,hPa,0.816,-0.01371,0.000397,-0.00013,0,10.11,Humid,22.75,0,51,240356.58,SABD0000000001,AAV1.0.0.11,1.1.2.0,PSt7-10,191107-136,2/17/22 12:14,0000-00,0,no battery,V
4/18/22,11:53:43,9,default,199182947,OXY-CH9,4.117,min,253.707,µmol/L,Humid,18.182,deg,91912,µV,28.873,°C,1017,hPa,35.3,pmil,0,55.4,deg,20,°C,100,%a.s.,22.63,deg,20,°C,972,hPa,0.816,-0.01371,0.000397,-0.00013,0,10.11,Humid,22.75,0,51,240364.71,SABD0000000001,AAV1.0.0.11,1.1.2.0,PSt7-10,191107-136,2/17/22 12:14,0000-00,0,no battery,V
4/18/22,11:53:44,9,default,199182947,OXY-CH9,4.134,min,253.701,µmol/L,Humid,18.182,deg,91913,µV,28.873,°C,1017,hPa,35.3,pmil,0,55.4,deg,20,°C,100,%a.s.,22.63,deg,20,°C,972,hPa,0.816,-0.01371,0.000397,-0.00013,0,10.11,Humid,22.75,0,51,240364.28,SABD0000000001,AAV1.0.0.11,1.1.2.0,PSt7-10,191107-136,2/17/22 12:14,0000-00,0,no battery,V
4/18/22,11:53:45,9,default,199182947,OXY-CH9,4.151,min,253.782,µmol/L,Humid,18.178,deg,91896,µV,28.875,°C,1017,hPa,35.3,pmil,0,55.4,deg,20,°C,100,%a.s.,22.63,deg,20,°C,972,hPa,0.816,-0.01371,0.000397,-0.00013,0,10.11,Humid,22.75,0,51,240360.4,SABD0000000001,AAV1.0.0.11,1.1.2.0,PSt7-10,191107-136,2/17/22 12:14,0000-00,0,no battery,V
4/18/22,11:53:46,9,default,199182947,OXY-CH9,4.167,min,253.633,µmol/L,Humid,18.184,deg,91892,µV,28.876,°C,1017,hPa,35.3,pmil,0,55.4,deg,20,°C,100,%a.s.,22.63,deg,20,°C,972,hPa,0.816,-0.01371,0.000397,-0.00013,0,10.11,Humid,22.75,0,51,240360.54,SABD0000000001,AAV1.0.0.11,1.1.2.0,PSt7-10,191107-136,2/17/22 12:14,0000-00,0,no battery,V
4/18/22,11:53:47,9,default,199182947,OXY-CH9,4.184,min,253.664,µmol/L,Humid,18.183,deg,91889,µV,28.875,°C,1017,hPa,35.3,pmil,0,55.4,deg,20,°C,100,%a.s.,22.63,deg,20,°C,972,hPa,0.816,-0.01371,0.000397,-0.00013,0,10.11,Humid,22.75,0,51,240359.1,SABD0000000001,AAV1.0.0.11,1.1.2.0,PSt7-10,191107-136,2/17/22 12:14,0000-00,0,no battery,V
4/18/22,11:53:48,9,default,199182947,OXY-CH9,4.201,min,253.739,µmol/L,Humid,18.179,deg,91891,µV,28.878,°C,1017,hPa,35.3,pmil,0,55.4,deg,20,°C,100,%a.s.,22.63,deg,20,°C,972,hPa,0.816,-0.01371,0.000397,-0.00013,0,10.11,Humid,22.75,0,51,240361.9,SABD0000000001,AAV1.0.0.11,1.1.2.0,PSt7-10,191107-136,2/17/22 12:14,0000-00,0,no battery,V
4/18/22,11:53:49,9,default,199182947,OXY-CH9,4.218,min,253.772,µmol/L,Humid,18.174,deg,91883,µV,28.889,°C,1017,hPa,35.3,pmil,0,55.4,deg,20,°C,100,%a.s.,22.63,deg,20,°C,972,hPa,0.816,-0.01371,0.000397,-0.00013,0,10.11,Humid,22.75,0,51,240359.55,SABD0000000001,AAV1.0.0.11,1.1.2.0,PSt7-10,191107-136,2/17/22 12:14,0000-00,0,no battery,V
4/18/22,11:53:50,9,default,199182947,OXY-CH9,4.234,min,253.762,µmol/L,Humid,18.176,deg,91878,µV,28.884,°C,1017,hPa,35.3,pmil,0,55.4,deg,20,°C,100,%a.s.,22.63,deg,20,°C,972,hPa,0.816,-0.01371,0.000397,-0.00013,0,10.11,Humid,22.75,0,51,240353.2,SABD0000000001,AAV1.0.0.11,1.1.2.0,PSt7-10,191107-136,2/17/22 12:14,0000-00,0,no battery,V
4/18/22,11:53:51,9,default,199182947,OXY-CH9,4.251,min,253.683,µmol/L,Humid,18.177,deg,91868,µV,28.891,°C,1017,hPa,35.3,pmil,0,55.4,deg,20,°C,100,%a.s.,22.63,deg,20,°C,972,hPa,0.816,-0.01371,0.000397,-0.00013,0,10.11,Humid,22.75,0,51,240358.4,SABD0000000001,AAV1.0.0.11,1.1.2.0,PSt7-10,191107-136,2/17/22 12:14,0000-00,0,no battery,V
4/18/22,11:53:52,9,default,199182947,OXY-CH9,4.267,min,253.815,µmol/L,Humid,18.173,deg,91861,µV,28.887,°C,1017,hPa,35.3,pmil,0,55.4,deg,20,°C,100,%a.s.,22.63,deg,20,°C,972,hPa,0.816,-0.01371,0.000397,-0.00013,0,10.11,Humid,22.75,0,51,240348.26,SABD0000000001,AAV1.0.0.11,1.1.2.0,PSt7-10,191107-136,2/17/22 12:14,0000-00,0,no battery,V
4/18/22,11:53:53,9,default,199182947,OXY-CH9,4.284,min,253.861,µmol/L,Humid,18.173,deg,91860,µV,28.881,°C,1017,hPa,35.3,pmil,0,55.4,deg,20,°C,100,%a.s.,22.63,deg,20,°C,972,hPa,0.816,-0.01371,0.000397,-0.00013,0,10.11,Humid,22.75,0,51,240352.14,SABD0000000001,AAV1.0.0.11,1.1.2.0,PSt7-10,191107-136,2/17/22 12:14,0000-00,0,no battery,V
4/18/22,11:53:54,9,default,199182947,OXY-CH9,4.301,min,253.759,µmol/L,Humid,18.176,deg,91859,µV,28.885,°C,1017,hPa,35.3,pmil,0,55.4,deg,20,°C,100,%a.s.,22.63,deg,20,°C,972,hPa,0.816,-0.01371,0.000397,-0.00013,0,10.11,Humid,22.75,0,51,240365.52,SABD0000000001,AAV1.0.0.11,1.1.2.0,PSt7-10,191107-136,2/17/22 12:14,0000-00,0,no battery,V
4/18/22,11:53:55,9,default,199182947,OXY-CH9,4.317,min,253.813,µmol/L,Humid,18.172,deg,91846,µV,28.89,°C,1017,hPa,35.3,pmil,0,55.4,deg,20,°C,100,%a.s.,22.63,deg,20,°C,972,hPa,0.816,-0.01371,0.000397,-0.00013,0,10.11,Humid,22.75,0,51,240356.27,SABD0000000001,AAV1.0.0.11,1.1.2.0,PSt7-10,191107-136,2/17/22 12:14,0000-00,0,no battery,V
4/18/22,11:53:56,9,default,199182947,OXY-CH9,4.334,min,253.699,µmol/L,Humid,18.176,deg,91842,µV,28.892,°C,1017,hPa,35.3,pmil,0,55.4,deg,20,°C,100,%a.s.,22.63,deg,20,°C,972,hPa,0.816,-0.01371,0.000397,-0.00013,0,10.11,Humid,22.75,0,51,240353.72,SABD0000000001,AAV1.0.0.11,1.1.2.0,PSt7-10,191107-136,2/17/22 12:14,0000-00,0,no battery,V
4/18/22,11:53:57,9,default,199182947,OXY-CH9,4.351,min,253.947,µmol/L,Humid,18.174,deg,91837,µV,28.867,°C,1017,hPa,35.3,pmil,0,55.4,deg,20,°C,100,%a.s.,22.63,deg,20,°C,972,hPa,0.816,-0.01371,0.000397,-0.00013,0,10.11,Humid,22.75,0,51,240369.02,SABD0000000001,AAV1.0.0.11,1.1.2.0,PSt7-10,191107-136,2/17/22 12:14,0000-00,0,no battery,V
4/18/22,11:53:58,9,default,199182947,OXY-CH9,4.367,min,253.841,µmol/L,Humid,18.172,deg,91840,µV,28.886,°C,1017,hPa,35.3,pmil,0,55.4,deg,20,°C,100,%a.s.,22.63,deg,20,°C,972,hPa,0.816,-0.01371,0.000397,-0.00013,0,10.11,Humid,22.75,0,51,240353.76,SABD0000000001,AAV1.0.0.11,1.1.2.0,PSt7-10,191107-136,2/17/22 12:14,0000-00,0,no battery,V
4/18/22,11:53:59,9,default,199182947,OXY-CH9,4.384,min,253.926,µmol/L,Humid,18.173,deg,91841,µV,28.872,°C,1017,hPa,35.3,pmil,0,55.4,deg,20,°C,100,%a.s.,22.63,deg,20,°C,972,hPa,0.816,-0.01371,0.000397,-0.00013,0,10.11,Humid,22.75,0,51,240359.34,SABD0000000001,AAV1.0.0.11,1.1.2.0,PSt7-10,191107-136,2/17/22 12:14,0000-00,0,no battery,V
4/18/22,11:54:00,9,default,199182947,OXY-CH9,4.401,min,253.978,µmol/L,Humid,18.17,deg,91826,µV,28.875,°C,1017,hPa,35.3,pmil,0,55.4,deg,20,°C,100,%a.s.,22.63,deg,20,°C,972,hPa,0.816,-0.01371,0.000397,-0.00013,0,10.11,Humid,22.75,0,51,240351.59,SABD0000000001,AAV1.0.0.11,1.1.2.0,PSt7-10,191107-136,2/17/22 12:14,0000-00,0,no battery,V
4/18/22,11:54:01,9,default,199182947,OXY-CH9,4.418,min,254.061,µmol/L,Humid,18.167,deg,91822,µV,28.874,°C,1017,hPa,35.3,pmil,0,55.4,deg,20,°C,100,%a.s.,22.63,deg,20,°C,972,hPa,0.816,-0.01371,0.000397,-0.00013,0,10.11,Humid,22.75,0,51,240352.09,SABD0000000001,AAV1.0.0.11,1.1.2.0,PSt7-10,191107-136,2/17/22 12:14,0000-00,0,no battery,V
4/18/22,11:54:02,9,default,199182947,OXY-CH9,4.434,min,253.872,µmol/L,Humid,18.169,deg,91822,µV,28.892,°C,1017,hPa,35.3,pmil,0,55.4,deg,20,°C,100,%a.s.,22.63,deg,20,°C,972,hPa,0.816,-0.01371,0.000397,-0.00013,0,10.11,Humid,22.75,0,51,240359.74,SABD0000000001,AAV1.0.0.11,1.1.2.0,PSt7-10,191107-136,2/17/22 12:14,0000-00,0,no battery,V
4/18/22,11:54:03,9,default,199182947,OXY-CH9,4.451,min,253.936,µmol/L,Humid,18.168,deg,91811,µV,28.887,°C,1017,hPa,35.3,pmil,0,55.4,deg,20,°C,100,%a.s.,22.63,deg,20,°C,972,hPa,0.816,-0.01371,0.000397,-0.00013,0,10.11,Humid,22.75,0,51,240352.65,SABD0000000001,AAV1.0.0.11,1.1.2.0,PSt7-10,191107-136,2/17/22 12:14,0000-00,0,no battery,V
4/18/22,11:54:04,9,default,199182947,OXY-CH9,4.467,min,254.054,µmol/L,Humid,18.167,deg,91816,µV,28.874,°C,1017,hPa,35.3,pmil,0,55.4,deg,20,°C,100,%a.s.,22.63,deg,20,°C,972,hPa,0.816,-0.01371,0.000397,-0.00013,0,10.11,Humid,22.75,0,51,240353.89,SABD0000000001,AAV1.0.0.11,1.1.2.0,PSt7-10,191107-136,2/17/22 12:14,0000-00,0,no battery,V
4/18/22,11:54:05,9,default,199182947,OXY-CH9,4.484,min,253.997,µmol/L,Humid,18.169,deg,91803,µV,28.876,°C,1017,hPa,35.3,pmil,0,55.4,deg,20,°C,100,%a.s.,22.63,deg,20,°C,972,hPa,0.816,-0.01371,0.000397,-0.00013,0,10.11,Humid,22.75,0,51,240352.11,SABD0000000001,AAV1.0.0.11,1.1.2.0,PSt7-10,191107-136,2/17/22 12:14,0000-00,0,no battery,V
4/18/22,11:54:06,9,default,199182947,OXY-CH9,4.501,min,253.978,µmol/L,Humid,18.166,deg,91793,µV,28.887,°C,1017,hPa,35.3,pmil,0,55.4,deg,20,°C,100,%a.s.,22.63,deg,20,°C,972,hPa,0.816,-0.01371,0.000397,-0.00013,0,10.11,Humid,22.75,0,51,240347.71,SABD0000000001,AAV1.0.0.11,1.1.2.0,PSt7-10,191107-136,2/17/22 12:14,0000-00,0,no battery,V
4/18/22,11:54:07,9,default,199182947,OXY-CH9,4.517,min,254.036,µmol/L,Humid,18.163,deg,91791,µV,28.889,°C,1017,hPa,35.3,pmil,0,55.4,deg,20,°C,100,%a.s.,22.63,deg,20,°C,972,hPa,0.816,-0.01371,0.000397,-0.00013,0,10.11,Humid,22.75,0,51,240351.17,SABD0000000001,AAV1.0.0.11,1.1.2.0,PSt7-10,191107-136,2/17/22 12:14,0000-00,0,no battery,V
4/18/22,11:54:08,9,default,199182947,OXY-CH9,4.534,min,254.112,µmol/L,Humid,18.165,deg,91792,µV,28.873,°C,1017,hPa,35.3,pmil,0,55.4,deg,20,°C,100,%a.s.,22.63,deg,20,°C,972,hPa,0.816,-0.01371,0.000397,-0.00013,0,10.11,Humid,22.75,0,51,240357.15,SABD0000000001,AAV1.0.0.11,1.1.2.0,PSt7-10,191107-136,2/17/22 12:14,0000-00,0,no battery,V
4/18/22,11:54:09,9,default,199182947,OXY-CH9,4.551,min,254.132,µmol/L,Humid,18.159,deg,91781,µV,28.889,°C,1017,hPa,35.3,pmil,0,55.4,deg,20,°C,100,%a.s.,22.63,deg,20,°C,972,hPa,0.816,-0.01371,0.000397,-0.00013,0,10.11,Humid,22.75,0,51,240353.06,SABD0000000001,AAV1.0.0.11,1.1.2.0,PSt7-10,191107-136,2/17/22 12:14,0000-00,0,no battery,V
4/18/22,11:54:10,9,default,199182947,OXY-CH9,4.567,min,254.034,µmol/L,Humid,18.163,deg,91777,µV,28.89,°C,1017,hPa,35.3,pmil,0,55.4,deg,20,°C,100,%a.s.,22.63,deg,20,°C,972,hPa,0.816,-0.01371,0.000397,-0.00013,0,10.11,Humid,22.75,0,51,240344.67,SABD0000000001,AAV1.0.0.11,1.1.2.0,PSt7-10,191107-136,2/17/22 12:14,0000-00,0,no battery,V
4/18/22,11:54:11,9,default,199182947,OXY-CH9,4.585,min,254.174,µmol/L,Humid,18.161,deg,91773,µV,28.878,°C,1017,hPa,35.3,pmil,0,55.4,deg,20,°C,100,%a.s.,22.63,deg,20,°C,972,hPa,0.816,-0.01371,0.000397,-0.00013,0,10.11,Humid,22.75,0,51,240343.72,SABD0000000001,AAV1.0.0.11,1.1.2.0,PSt7-10,191107-136,2/17/22 12:14,0000-00,0,no battery,V
4/18/22,11:54:12,9,default,199182947,OXY-CH9,4.601,min,254.075,µmol/L,Humid,18.165,deg,91768,µV,28.878,°C,1017,hPa,35.3,pmil,0,55.4,deg,20,°C,100,%a.s.,22.63,deg,20,°C,972,hPa,0.816,-0.01371,0.000397,-0.00013,0,10.11,Humid,22.75,0,51,240345.07,SABD0000000001,AAV1.0.0.11,1.1.2.0,PSt7-10,191107-136,2/17/22 12:14,0000-00,0,no battery,V
4/18/22,11:54:13,9,default,199182947,OXY-CH9,4.617,min,254.146,µmol/L,Humid,18.16,deg,91761,µV,28.884,°C,1017,hPa,35.3,pmil,0,55.4,deg,20,°C,100,%a.s.,22.63,deg,20,°C,972,hPa,0.816,-0.01371,0.000397,-0.00013,0,10.11,Humid,22.75,0,51,240346.09,SABD0000000001,AAV1.0.0.11,1.1.2.0,PSt7-10,191107-136,2/17/22 12:14,0000-00,0,no battery,V
4/18/22,11:54:14,9,default,199182947,OXY-CH9,4.634,min,254.263,µmol/L,Humid,18.154,deg,91762,µV,28.888,°C,1017,hPa,35.3,pmil,0,55.4,deg,20,°C,100,%a.s.,22.63,deg,20,°C,972,hPa,0.816,-0.01371,0.000397,-0.00013,0,10.11,Humid,22.75,0,51,240351.46,SABD0000000001,AAV1.0.0.11,1.1.2.0,PSt7-10,191107-136,2/17/22 12:14,0000-00,0,no battery,V
4/18/22,11:54:15,9,default,199182947,OXY-CH9,4.651,min,254.072,µmol/L,Humid,18.165,deg,91755,µV,28.878,°C,1017,hPa,35.3,pmil,0,55.4,deg,20,°C,100,%a.s.,22.63,deg,20,°C,972,hPa,0.816,-0.01371,0.000397,-0.00013,0,10.11,Humid,22.75,0,51,240345.9,SABD0000000001,AAV1.0.0.11,1.1.2.0,PSt7-10,191107-136,2/17/22 12:14,0000-00,0,no battery,V
4/18/22,11:54:16,9,default,199182947,OXY-CH9,4.668,min,254.233,µmol/L,Humid,18.159,deg,91753,µV,28.876,°C,1017,hPa,35.3,pmil,0,55.4,deg,20,°C,100,%a.s.,22.63,deg,20,°C,972,hPa,0.816,-0.01371,0.000397,-0.00013,0,10.11,Humid,22.75,0,51,240344.5,SABD0000000001,AAV1.0.0.11,1.1.2.0,PSt7-10,191107-136,2/17/22 12:14,0000-00,0,no battery,V
4/18/22,11:54:17,9,default,199182947,OXY-CH9,4.684,min,254.261,µmol/L,Humid,18.159,deg,91749,µV,28.873,°C,1017,hPa,35.3,pmil,0,55.4,deg,20,°C,100,%a.s.,22.63,deg,20,°C,972,hPa,0.816,-0.01371,0.000397,-0.00013,0,10.11,Humid,22.75,0,51,240356.62,SABD0000000001,AAV1.0.0.11,1.1.2.0,PSt7-10,191107-136,2/17/22 12:14,0000-00,0,no battery,V
4/18/22,11:54:18,9,default,199182947,OXY-CH9,4.701,min,254.323,µmol/L,Humid,18.156,deg,91739,µV,28.874,°C,1017,hPa,35.3,pmil,0,55.4,deg,20,°C,100,%a.s.,22.63,deg,20,°C,972,hPa,0.816,-0.01371,0.000397,-0.00013,0,10.11,Humid,22.75,0,51,240354.16,SABD0000000001,AAV1.0.0.11,1.1.2.0,PSt7-10,191107-136,2/17/22 12:14,0000-00,0,no battery,V
4/18/22,11:54:19,9,default,199182947,OXY-CH9,4.718,min,254.332,µmol/L,Humid,18.155,deg,91744,µV,28.876,°C,1017,hPa,35.3,pmil,0,55.4,deg,20,°C,100,%a.s.,22.63,deg,20,°C,972,hPa,0.816,-0.01371,0.000397,-0.00013,0,10.11,Humid,22.75,0,51,240357.41,SABD0000000001,AAV1.0.0.11,1.1.2.0,PSt7-10,191107-136,2/17/22 12:14,0000-00,0,no battery,V
4/18/22,11:54:20,9,default,199182947,OXY-CH9,4.735,min,254.23,µmol/L,Humid,18.158,deg,91725,µV,28.88,°C,1017,hPa,35.3,pmil,0,55.4,deg,20,°C,100,%a.s.,22.63,deg,20,°C,972,hPa,0.816,-0.01371,0.000397,-0.00013,0,10.11,Humid,22.75,0,51,240354.9,SABD0000000001,AAV1.0.0.11,1.1.2.0,PSt7-10,191107-136,2/17/22 12:14,0000-00,0,no battery,V
4/18/22,11:54:21,9,default,199182947,OXY-CH9,4.751,min,254.347,µmol/L,Humid,18.155,deg,91724,µV,28.874,°C,1017,hPa,35.3,pmil,0,55.4,deg,20,°C,100,%a.s.,22.63,deg,20,°C,972,hPa,0.816,-0.01371,0.000397,-0.00013,0,10.11,Humid,22.75,0,51,240343.13,SABD0000000001,AAV1.0.0.11,1.1.2.0,PSt7-10,191107-136,2/17/22 12:14,0000-00,0,no battery,V
4/18/22,11:54:22,9,default,199182947,OXY-CH9,4.767,min,254.304,µmol/L,Humid,18.156,deg,91724,µV,28.877,°C,1017,hPa,35.3,pmil,0,55.4,deg,20,°C,100,%a.s.,22.63,deg,20,°C,972,hPa,0.816,-0.01371,0.000397,-0.00013,0,10.11,Humid,22.75,0,51,240350.19,SABD0000000001,AAV1.0.0.11,1.1.2.0,PSt7-10,191107-136,2/17/22 12:14,0000-00,0,no battery,V
4/18/22,11:54:23,9,default,199182947,OXY-CH9,4.784,min,254.34,µmol/L,Humid,18.155,deg,91720,µV,28.875,°C,1017,hPa,35.3,pmil,0,55.4,deg,20,°C,100,%a.s.,22.63,deg,20,°C,972,hPa,0.816,-0.01371,0.000397,-0.00013,0,10.11,Humid,22.75,0,51,240342.16,SABD0000000001,AAV1.0.0.11,1.1.2.0,PSt7-10,191107-136,2/17/22 12:14,0000-00,0,no battery,V
4/18/22,11:54:24,9,default,199182947,OXY-CH9,4.801,min,254.436,µmol/L,Humid,18.151,deg,91719,µV,28.875,°C,1017,hPa,35.3,pmil,0,55.4,deg,20,°C,100,%a.s.,22.63,deg,20,°C,972,hPa,0.816,-0.01371,0.000397,-0.00013,0,10.11,Humid,22.75,0,51,240340.85,SABD0000000001,AAV1.0.0.11,1.1.2.0,PSt7-10,191107-136,2/17/22 12:14,0000-00,0,no battery,V
4/18/22,11:54:25,9,default,199182947,OXY-CH9,4.817,min,254.534,µmol/L,Humid,18.149,deg,91715,µV,28.869,°C,1017,hPa,35.3,pmil,0,55.4,deg,20,°C,100,%a.s.,22.63,deg,20,°C,972,hPa,0.816,-0.01371,0.000397,-0.00013,0,10.11,Humid,22.75,0,51,240346.57,SABD0000000001,AAV1.0.0.11,1.1.2.0,PSt7-10,191107-136,2/17/22 12:14,0000-00,0,no battery,V
4/18/22,11:54:26,9,default,199182947,OXY-CH9,4.834,min,254.41,µmol/L,Humid,18.153,deg,91704,µV,28.872,°C,1017,hPa,35.3,pmil,0,55.4,deg,20,°C,100,%a.s.,22.63,deg,20,°C,972,hPa,0.816,-0.01371,0.000397,-0.00013,0,10.11,Humid,22.75,0,51,240354.92,SABD0000000001,AAV1.0.0.11,1.1.2.0,PSt7-10,191107-136,2/17/22 12:14,0000-00,0,no battery,V
4/18/22,11:54:27,9,default,199182947,OXY-CH9,4.851,min,254.363,µmol/L,Humid,18.154,deg,91695,µV,28.875,°C,1017,hPa,35.3,pmil,0,55.4,deg,20,°C,100,%a.s.,22.63,deg,20,°C,972,hPa,0.816,-0.01371,0.000397,-0.00013,0,10.11,Humid,22.75,0,51,240336.88,SABD0000000001,AAV1.0.0.11,1.1.2.0,PSt7-10,191107-136,2/17/22 12:14,0000-00,0,no battery,V
4/18/22,11:54:28,9,default,199182947,OXY-CH9,4.868,min,254.411,µmol/L,Humid,18.147,deg,91692,µV,28.891,°C,1017,hPa,35.3,pmil,0,55.4,deg,20,°C,100,%a.s.,22.63,deg,20,°C,972,hPa,0.816,-0.01371,0.000397,-0.00013,0,10.11,Humid,22.75,0,51,240333.73,SABD0000000001,AAV1.0.0.11,1.1.2.0,PSt7-10,191107-136,2/17/22 12:14,0000-00,0,no battery,V
4/18/22,11:54:29,9,default,199182947,OXY-CH9,4.884,min,254.366,µmol/L,Humid,18.147,deg,91685,µV,28.897,°C,1017,hPa,35.3,pmil,0,55.4,deg,20,°C,100,%a.s.,22.63,deg,20,°C,972,hPa,0.816,-0.01371,0.000397,-0.00013,0,10.11,Humid,22.75,0,51,240343.69,SABD0000000001,AAV1.0.0.11,1.1.2.0,PSt7-10,191107-136,2/17/22 12:14,0000-00,0,no battery,V
4/18/22,11:54:30,9,default,199182947,OXY-CH9,4.901,min,254.352,µmol/L,Humid,18.149,deg,91678,µV,28.892,°C,1017,hPa,35.3,pmil,0,55.4,deg,20,°C,100,%a.s.,22.63,deg,20,°C,972,hPa,0.816,-0.01371,0.000397,-0.00013,0,10.11,Humid,22.75,0,51,240341.99,SABD0000000001,AAV1.0.0.11,1.1.2.0,PSt7-10,191107-136,2/17/22 12:14,0000-00,0,no battery,V
4/18/22,11:54:31,9,default,199182947,OXY-CH9,4.918,min,254.373,µmol/L,Humid,18.145,deg,91681,µV,28.902,°C,1017,hPa,35.3,pmil,0,55.4,deg,20,°C,100,%a.s.,22.63,deg,20,°C,972,hPa,0.816,-0.01371,0.000397,-0.00013,0,10.11,Humid,22.75,0,51,240332.31,SABD0000000001,AAV1.0.0.11,1.1.2.0,PSt7-10,191107-136,2/17/22 12:14,0000-00,0,no battery,V
4/18/22,11:54:32,9,default,199182947,OXY-CH9,4.934,min,254.553,µmol/L,Humid,18.144,deg,91677,µV,28.882,°C,1017,hPa,35.3,pmil,0,55.4,deg,20,°C,100,%a.s.,22.63,deg,20,°C,972,hPa,0.816,-0.01371,0.000397,-0.00013,0,10.11,Humid,22.75,0,51,240340.89,SABD0000000001,AAV1.0.0.11,1.1.2.0,PSt7-10,191107-136,2/17/22 12:14,0000-00,0,no battery,V
4/18/22,11:54:33,9,default,199182947,OXY-CH9,4.95,min,254.53,µmol/L,Humid,18.144,deg,91665,µV,28.885,°C,1017,hPa,35.3,pmil,0,55.4,deg,20,°C,100,%a.s.,22.63,deg,20,°C,972,hPa,0.816,-0.01371,0.000397,-0.00013,0,10.11,Humid,22.75,0,51,240332.51,SABD0000000001,AAV1.0.0.11,1.1.2.0,PSt7-10,191107-136,2/17/22 12:14,0000-00,0,no battery,V
4/18/22,11:54:34,9,default,199182947,OXY-CH9,4.967,min,254.532,µmol/L,Humid,18.145,deg,91660,µV,28.881,°C,1017,hPa,35.3,pmil,0,55.4,deg,20,°C,100,%a.s.,22.63,deg,20,°C,972,hPa,0.816,-0.01371,0.000397,-0.00013,0,10.11,Humid,22.75,0,51,240338.17,SABD0000000001,AAV1.0.0.11,1.1.2.0,PSt7-10,191107-136,2/17/22 12:14,0000-00,0,no battery,V
4/18/22,11:54:35,9,default,199182947,OXY-CH9,4.984,min,254.523,µmol/L,Humid,18.147,deg,91658,µV,28.876,°C,1017,hPa,35.3,pmil,0,55.4,deg,20,°C,100,%a.s.,22.63,deg,20,°C,972,hPa,0.816,-0.01371,0.000397,-0.00013,0,10.11,Humid,22.75,0,51,240350.04,SABD0000000001,AAV1.0.0.11,1.1.2.0,PSt7-10,191107-136,2/17/22 12:14,0000-00,0,no battery,V
4/18/22,11:54:36,9,default,199182947,OXY-CH9,5.001,min,254.604,µmol/L,Humid,18.144,deg,91651,µV,28.875,°C,1017,hPa,35.3,pmil,0,55.4,deg,20,°C,100,%a.s.,22.63,deg,20,°C,972,hPa,0.816,-0.01371,0.000397,-0.00013,0,10.11,Humid,22.75,0,51,240343.68,SABD0000000001,AAV1.0.0.11,1.1.2.0,PSt7-10,191107-136,2/17/22 12:14,0000-00,0,no battery,V
4/18/22,11:54:37,9,default,199182947,OXY-CH9,5.017,min,254.566,µmol/L,Humid,18.139,deg,91649,µV,28.896,°C,1017,hPa,35.3,pmil,0,55.4,deg,20,°C,100,%a.s.,22.63,deg,20,°C,972,hPa,0.816,-0.01371,0.000397,-0.00013,0,10.11,Humid,22.75,0,51,240343.27,SABD0000000001,AAV1.0.0.11,1.1.2.0,PSt7-10,191107-136,2/17/22 12:14,0000-00,0,no battery,V
4/18/22,11:54:38,9,default,199182947,OXY-CH9,5.034,min,254.674,µmol/L,Humid,18.14,deg,91645,µV,28.879,°C,1017,hPa,35.3,pmil,0,55.4,deg,20,°C,100,%a.s.,22.63,deg,20,°C,972,hPa,0.816,-0.01371,0.000397,-0.00013,0,10.11,Humid,22.75,0,51,240341.79,SABD0000000001,AAV1.0.0.11,1.1.2.0,PSt7-10,191107-136,2/17/22 12:14,0000-00,0,no battery,V
4/18/22,11:54:39,9,default,199182947,OXY-CH9,5.051,min,254.747,µmol/L,Humid,18.141,deg,91645,µV,28.866,°C,1017,hPa,35.3,pmil,0,55.4,deg,20,°C,100,%a.s.,22.63,deg,20,°C,972,hPa,0.816,-0.01371,0.000397,-0.00013,0,10.11,Humid,22.75,0,51,240345.69,SABD0000000001,AAV1.0.0.11,1.1.2.0,PSt7-10,191107-136,2/17/22 12:14,0000-00,0,no battery,V
4/18/22,11:54:40,9,default,199182947,OXY-CH9,5.068,min,254.747,µmol/L,Humid,18.14,deg,91647,µV,28.869,°C,1017,hPa,35.3,pmil,0,55.4,deg,20,°C,100,%a.s.,22.63,deg,20,°C,972,hPa,0.816,-0.01371,0.000397,-0.00013,0,10.11,Humid,22.75,0,51,240356.82,SABD0000000001,AAV1.0.0.11,1.1.2.0,PSt7-10,191107-136,2/17/22 12:14,0000-00,0,no battery,V
4/18/22,11:54:41,9,default,199182947,OXY-CH9,5.084,min,254.652,µmol/L,Humid,18.141,deg,91633,µV,28.878,°C,1017,hPa,35.3,pmil,0,55.4,deg,20,°C,100,%a.s.,22.63,deg,20,°C,972,hPa,0.816,-0.01371,0.000397,-0.00013,0,10.11,Humid,22.75,0,51,240341.01,SABD0000000001,AAV1.0.0.11,1.1.2.0,PSt7-10,191107-136,2/17/22 12:14,0000-00,0,no battery,V
4/18/22,11:54:42,9,default,199182947,OXY-CH9,5.101,min,254.666,µmol/L,Humid,18.14,deg,91622,µV,28.88,°C,1017,hPa,35.3,pmil,0,55.4,deg,20,°C,100,%a.s.,22.63,deg,20,°C,972,hPa,0.816,-0.01371,0.000397,-0.00013,0,10.11,Humid,22.75,0,51,240337.13,SABD0000000001,AAV1.0.0.11,1.1.2.0,PSt7-10,191107-136,2/17/22 12:14,0000-00,0,no battery,V
4/18/22,11:54:43,9,default,199182947,OXY-CH9,5.118,min,254.78,µmol/L,Humid,18.14,deg,91623,µV,28.865,°C,1017,hPa,35.3,pmil,0,55.4,deg,20,°C,100,%a.s.,22.63,deg,20,°C,972,hPa,0.816,-0.01371,0.000397,-0.00013,0,10.11,Humid,22.75,0,51,240349.47,SABD0000000001,AAV1.0.0.11,1.1.2.0,PSt7-10,191107-136,2/17/22 12:14,0000-00,0,no battery,V
4/18/22,11:54:44,9,default,199182947,OXY-CH9,5.134,min,254.716,µmol/L,Humid,18.136,deg,91615,µV,28.886,°C,1017,hPa,35.3,pmil,0,55.4,deg,20,°C,100,%a.s.,22.63,deg,20,°C,972,hPa,0.816,-0.01371,0.000397,-0.00013,0,10.11,Humid,22.75,0,51,240342.95,SABD0000000001,AAV1.0.0.11,1.1.2.0,PSt7-10,191107-136,2/17/22 12:14,0000-00,0,no battery,V
4/18/22,11:54:45,9,default,199182947,OXY-CH9,5.15,min,254.768,µmol/L,Humid,18.136,deg,91614,µV,28.879,°C,1017,hPa,35.3,pmil,0,55.4,deg,20,°C,100,%a.s.,22.63,deg,20,°C,972,hPa,0.816,-0.01371,0.000397,-0.00013,0,10.11,Humid,22.75,0,51,240332.7,SABD0000000001,AAV1.0.0.11,1.1.2.0,PSt7-10,191107-136,2/17/22 12:14,0000-00,0,no battery,V
4/18/22,11:54:46,9,default,199182947,OXY-CH9,5.167,min,254.812,µmol/L,Humid,18.138,deg,91605,µV,28.867,°C,1017,hPa,35.3,pmil,0,55.4,deg,20,°C,100,%a.s.,22.63,deg,20,°C,972,hPa,0.816,-0.01371,0.000397,-0.00013,0,10.11,Humid,22.75,0,51,240343.3,SABD0000000001,AAV1.0.0.11,1.1.2.0,PSt7-10,191107-136,2/17/22 12:14,0000-00,0,no battery,V
4/18/22,11:54:47,9,default,199182947,OXY-CH9,5.184,min,254.784,µmol/L,Humid,18.132,deg,91603,µV,28.89,°C,1017,hPa,35.3,pmil,0,55.4,deg,20,°C,100,%a.s.,22.63,deg,20,°C,972,hPa,0.816,-0.01371,0.000397,-0.00013,0,10.11,Humid,22.75,0,51,240346.69,SABD0000000001,AAV1.0.0.11,1.1.2.0,PSt7-10,191107-136,2/17/22 12:14,0000-00,0,no battery,V
4/18/22,11:54:48,9,default,199182947,OXY-CH9,5.201,min,254.691,µmol/L,Humid,18.133,deg,91605,µV,28.898,°C,1017,hPa,35.3,pmil,0,55.4,deg,20,°C,100,%a.s.,22.63,deg,20,°C,972,hPa,0.816,-0.01371,0.000397,-0.00013,0,10.11,Humid,22.75,0,51,240342.24,SABD0000000001,AAV1.0.0.11,1.1.2.0,PSt7-10,191107-136,2/17/22 12:14,0000-00,0,no battery,V
4/18/22,11:54:49,9,default,199182947,OXY-CH9,5.218,min,254.948,µmol/L,Humid,18.129,deg,91599,µV,28.878,°C,1017,hPa,35.3,pmil,0,55.4,deg,20,°C,100,%a.s.,22.63,deg,20,°C,972,hPa,0.816,-0.01371,0.000397,-0.00013,0,10.11,Humid,22.75,0,51,240346.79,SABD0000000001,AAV1.0.0.11,1.1.2.0,PSt7-10,191107-136,2/17/22 12:14,0000-00,0,no battery,V
4/18/22,11:54:50,9,default,199182947,OXY-CH9,5.234,min,254.883,µmol/L,Humid,18.132,deg,91596,µV,28.877,°C,1017,hPa,35.3,pmil,0,55.4,deg,20,°C,100,%a.s.,22.63,deg,20,°C,972,hPa,0.816,-0.01371,0.000397,-0.00013,0,10.11,Humid,22.75,0,51,240332.56,SABD0000000001,AAV1.0.0.11,1.1.2.0,PSt7-10,191107-136,2/17/22 12:14,0000-00,0,no battery,V
4/18/22,11:54:51,9,default,199182947,OXY-CH9,5.251,min,254.808,µmol/L,Humid,18.134,deg,91593,µV,28.88,°C,1017,hPa,35.3,pmil,0,55.4,deg,20,°C,100,%a.s.,22.63,deg,20,°C,972,hPa,0.816,-0.01371,0.000397,-0.00013,0,10.11,Humid,22.75,0,51,240342.87,SABD0000000001,AAV1.0.0.11,1.1.2.0,PSt7-10,191107-136,2/17/22 12:14,0000-00,0,no battery,V
4/18/22,11:54:52,9,default,199182947,OXY-CH9,5.268,min,254.864,µmol/L,Humid,18.13,deg,91578,µV,28.886,°C,1017,hPa,35.3,pmil,0,55.4,deg,20,°C,100,%a.s.,22.63,deg,20,°C,972,hPa,0.816,-0.01371,0.000397,-0.00013,0,10.11,Humid,22.75,0,51,240336.61,SABD0000000001,AAV1.0.0.11,1.1.2.0,PSt7-10,191107-136,2/17/22 12:14,0000-00,0,no battery,V
4/18/22,11:54:53,9,default,199182947,OXY-CH9,5.284,min,254.886,µmol/L,Humid,18.129,deg,91575,µV,28.886,°C,1017,hPa,35.3,pmil,0,55.4,deg,20,°C,100,%a.s.,22.63,deg,20,°C,972,hPa,0.816,-0.01371,0.000397,-0.00013,0,10.11,Humid,22.75,0,51,240347.93,SABD0000000001,AAV1.0.0.11,1.1.2.0,PSt7-10,191107-136,2/17/22 12:14,0000-00,0,no battery,V
4/18/22,11:54:54,9,default,199182947,OXY-CH9,5.301,min,254.981,µmol/L,Humid,18.129,deg,91577,µV,28.874,°C,1017,hPa,35.3,pmil,0,55.4,deg,20,°C,100,%a.s.,22.63,deg,20,°C,972,hPa,0.816,-0.01371,0.000397,-0.00013,0,10.11,Humid,22.75,0,51,240353.38,SABD0000000001,AAV1.0.0.11,1.1.2.0,PSt7-10,191107-136,2/17/22 12:14,0000-00,0,no battery,V
4/18/22,11:54:55,9,default,199182947,OXY-CH9,5.318,min,254.82,µmol/L,Humid,18.131,deg,91575,µV,28.888,°C,1017,hPa,35.3,pmil,0,55.4,deg,20,°C,100,%a.s.,22.63,deg,20,°C,972,hPa,0.816,-0.01371,0.000397,-0.00013,0,10.11,Humid,22.75,0,51,240345.3,SABD0000000001,AAV1.0.0.11,1.1.2.0,PSt7-10,191107-136,2/17/22 12:14,0000-00,0,no battery,V
4/18/22,11:54:56,9,default,199182947,OXY-CH9,5.335,min,254.924,µmol/L,Humid,18.131,deg,91565,µV,28.875,°C,1017,hPa,35.3,pmil,0,55.4,deg,20,°C,100,%a.s.,22.63,deg,20,°C,972,hPa,0.816,-0.01371,0.000397,-0.00013,0,10.11,Humid,22.75,0,51,240340.29,SABD0000000001,AAV1.0.0.11,1.1.2.0,PSt7-10,191107-136,2/17/22 12:14,0000-00,0,no battery,V
4/18/22,11:54:57,9,default,199182947,OXY-CH9,5.351,min,254.889,µmol/L,Humid,18.131,deg,91564,µV,28.879,°C,1017,hPa,35.3,pmil,0,55.4,deg,20,°C,100,%a.s.,22.63,deg,20,°C,972,hPa,0.816,-0.01371,0.000397,-0.00013,0,10.11,Humid,22.75,0,51,240347.87,SABD0000000001,AAV1.0.0.11,1.1.2.0,PSt7-10,191107-136,2/17/22 12:14,0000-00,0,no battery,V
4/18/22,11:54:58,9,default,199182947,OXY-CH9,5.367,min,255.061,µmol/L,Humid,18.124,deg,91555,µV,28.879,°C,1017,hPa,35.3,pmil,0,55.4,deg,20,°C,100,%a.s.,22.63,deg,20,°C,972,hPa,0.816,-0.01371,0.000397,-0.00013,0,10.11,Humid,22.75,0,51,240344.27,SABD0000000001,AAV1.0.0.11,1.1.2.0,PSt7-10,191107-136,2/17/22 12:14,0000-00,0,no battery,V
4/18/22,11:54:59,9,default,199182947,OXY-CH9,5.384,min,255.036,µmol/L,Humid,18.127,deg,91557,µV,28.873,°C,1017,hPa,35.3,pmil,0,55.4,deg,20,°C,100,%a.s.,22.63,deg,20,°C,972,hPa,0.816,-0.01371,0.000397,-0.00013,0,10.11,Humid,22.75,0,51,240350.45,SABD0000000001,AAV1.0.0.11,1.1.2.0,PSt7-10,191107-136,2/17/22 12:14,0000-00,0,no battery,V
4/18/22,11:55:00,9,default,199182947,OXY-CH9,5.401,min,254.991,µmol/L,Humid,18.126,deg,91547,µV,28.882,°C,1017,hPa,35.3,pmil,0,55.4,deg,20,°C,100,%a.s.,22.63,deg,20,°C,972,hPa,0.816,-0.01371,0.000397,-0.00013,0,10.11,Humid,22.75,0,51,240334.98,SABD0000000001,AAV1.0.0.11,1.1.2.0,PSt7-10,191107-136,2/17/22 12:14,0000-00,0,no battery,V
4/18/22,11:55:01,9,default,199182947,OXY-CH9,5.417,min,255.004,µmol/L,Humid,18.126,deg,91548,µV,28.88,°C,1017,hPa,35.3,pmil,0,55.4,deg,20,°C,100,%a.s.,22.63,deg,20,°C,972,hPa,0.816,-0.01371,0.000397,-0.00013,0,10.11,Humid,22.75,0,51,240332.01,SABD0000000001,AAV1.0.0.11,1.1.2.0,PSt7-10,191107-136,2/17/22 12:14,0000-00,0,no battery,V
4/18/22,11:55:02,9,default,199182947,OXY-CH9,5.434,min,255.164,µmol/L,Humid,18.12,deg,91541,µV,28.878,°C,1017,hPa,35.3,pmil,0,55.4,deg,20,°C,100,%a.s.,22.63,deg,20,°C,972,hPa,0.816,-0.01371,0.000397,-0.00013,0,10.11,Humid,22.75,0,51,240334.71,SABD0000000001,AAV1.0.0.11,1.1.2.0,PSt7-10,191107-136,2/17/22 12:14,0000-00,0,no battery,V
4/18/22,11:55:03,9,default,199182947,OXY-CH9,5.451,min,255.077,µmol/L,Humid,18.123,deg,91537,µV,28.88,°C,1017,hPa,35.3,pmil,0,55.4,deg,20,°C,100,%a.s.,22.63,deg,20,°C,972,hPa,0.816,-0.01371,0.000397,-0.00013,0,10.11,Humid,22.75,0,51,240339.54,SABD0000000001,AAV1.0.0.11,1.1.2.0,PSt7-10,191107-136,2/17/22 12:14,0000-00,0,no battery,V
4/18/22,11:55:04,9,default,199182947,OXY-CH9,5.468,min,255.121,µmol/L,Humid,18.124,deg,91535,µV,28.871,°C,1017,hPa,35.3,pmil,0,55.4,deg,20,°C,100,%a.s.,22.63,deg,20,°C,972,hPa,0.816,-0.01371,0.000397,-0.00013,0,10.11,Humid,22.75,0,51,240340.24,SABD0000000001,AAV1.0.0.11,1.1.2.0,PSt7-10,191107-136,2/17/22 12:14,0000-00,0,no battery,V
4/18/22,11:55:05,9,default,199182947,OXY-CH9,5.485,min,255.282,µmol/L,Humid,18.117,deg,91536,µV,28.872,°C,1017,hPa,35.3,pmil,0,55.4,deg,20,°C,100,%a.s.,22.63,deg,20,°C,972,hPa,0.816,-0.01371,0.000397,-0.00013,0,10.11,Humid,22.75,0,51,240342.94,SABD0000000001,AAV1.0.0.11,1.1.2.0,PSt7-10,191107-136,2/17/22 12:14,0000-00,0,no battery,V
4/18/22,11:55:06,9,default,199182947,OXY-CH9,5.501,min,255.138,µmol/L,Humid,18.118,deg,91525,µV,28.888,°C,1017,hPa,35.3,pmil,0,55.4,deg,20,°C,100,%a.s.,22.63,deg,20,°C,972,hPa,0.816,-0.01371,0.000397,-0.00013,0,10.11,Humid,22.75,0,51,240335.55,SABD0000000001,AAV1.0.0.11,1.1.2.0,PSt7-10,191107-136,2/17/22 12:14,0000-00,0,no battery,V
4/18/22,11:55:07,9,default,199182947,OXY-CH9,5.517,min,254.979,µmol/L,Humid,18.124,deg,91523,µV,28.89,°C,1017,hPa,35.3,pmil,0,55.4,deg,20,°C,100,%a.s.,22.63,deg,20,°C,972,hPa,0.816,-0.01371,0.000397,-0.00013,0,10.11,Humid,22.75,0,51,240334.2,SABD0000000001,AAV1.0.0.11,1.1.2.0,PSt7-10,191107-136,2/17/22 12:14,0000-00,0,no battery,V
4/18/22,11:55:08,9,default,199182947,OXY-CH9,5.534,min,255.141,µmol/L,Humid,18.119,deg,91520,µV,28.884,°C,1017,hPa,35.3,pmil,0,55.4,deg,20,°C,100,%a.s.,22.63,deg,20,°C,972,hPa,0.816,-0.01371,0.000397,-0.00013,0,10.11,Humid,22.75,0,51,240346.77,SABD0000000001,AAV1.0.0.11,1.1.2.0,PSt7-10,191107-136,2/17/22 12:14,0000-00,0,no battery,V
4/18/22,11:55:09,9,default,199182947,OXY-CH9,5.55,min,255.183,µmol/L,Humid,18.119,deg,91509,µV,28.879,°C,1017,hPa,35.3,pmil,0,55.4,deg,20,°C,100,%a.s.,22.63,deg,20,°C,972,hPa,0.816,-0.01371,0.000397,-0.00013,0,10.11,Humid,22.75,0,51,240341.41,SABD0000000001,AAV1.0.0.11,1.1.2.0,PSt7-10,191107-136,2/17/22 12:14,0000-00,0,no battery,V
4/18/22,11:55:10,9,default,199182947,OXY-CH9,5.567,min,255.152,µmol/L,Humid,18.119,deg,91510,µV,28.883,°C,1017,hPa,35.3,pmil,0,55.4,deg,20,°C,100,%a.s.,22.63,deg,20,°C,972,hPa,0.816,-0.01371,0.000397,-0.00013,0,10.11,Humid,22.75,0,51,240341.27,SABD0000000001,AAV1.0.0.11,1.1.2.0,PSt7-10,191107-136,2/17/22 12:14,0000-00,0,no battery,V
4/18/22,11:55:11,9,default,199182947,OXY-CH9,5.584,min,255.155,µmol/L,Humid,18.116,deg,91501,µV,28.892,°C,1017,hPa,35.3,pmil,0,55.4,deg,20,°C,100,%a.s.,22.63,deg,20,°C,972,hPa,0.816,-0.01371,0.000397,-0.00013,0,10.11,Humid,22.75,0,51,240343.52,SABD0000000001,AAV1.0.0.11,1.1.2.0,PSt7-10,191107-136,2/17/22 12:14,0000-00,0,no battery,V
4/18/22,11:55:12,9,default,199182947,OXY-CH9,5.601,min,255.267,µmol/L,Humid,18.114,deg,91504,µV,28.884,°C,1017,hPa,35.3,pmil,0,55.4,deg,20,°C,100,%a.s.,22.63,deg,20,°C,972,hPa,0.816,-0.01371,0.000397,-0.00013,0,10.11,Humid,22.75,0,51,240354.57,SABD0000000001,AAV1.0.0.11,1.1.2.0,PSt7-10,191107-136,2/17/22 12:14,0000-00,0,no battery,V
4/18/22,11:55:13,9,default,199182947,OXY-CH9,5.618,min,255.258,µmol/L,Humid,18.115,deg,91496,µV,28.882,°C,1017,hPa,35.3,pmil,0,55.4,deg,20,°C,100,%a.s.,22.63,deg,20,°C,972,hPa,0.816,-0.01371,0.000397,-0.00013,0,10.11,Humid,22.75,0,51,240338.62,SABD0000000001,AAV1.0.0.11,1.1.2.0,PSt7-10,191107-136,2/17/22 12:14,0000-00,0,no battery,V
4/18/22,11:55:14,9,default,199182947,OXY-CH9,5.634,min,255.316,µmol/L,Humid,18.112,deg,91493,µV,28.884,°C,1017,hPa,35.3,pmil,0,55.4,deg,20,°C,100,%a.s.,22.63,deg,20,°C,972,hPa,0.816,-0.01371,0.000397,-0.00013,0,10.11,Humid,22.75,0,51,240338.95,SABD0000000001,AAV1.0.0.11,1.1.2.0,PSt7-10,191107-136,2/17/22 12:14,0000-00,0,no battery,V
4/18/22,11:55:15,9,default,199182947,OXY-CH9,5.651,min,255.354,µmol/L,Humid,18.111,deg,91485,µV,28.882,°C,1017,hPa,35.3,pmil,0,55.4,deg,20,°C,100,%a.s.,22.63,deg,20,°C,972,hPa,0.816,-0.01371,0.000397,-0.00013,0,10.11,Humid,22.75,0,51,240335.9,SABD0000000001,AAV1.0.0.11,1.1.2.0,PSt7-10,191107-136,2/17/22 12:14,0000-00,0,no battery,V
4/18/22,11:55:16,9,default,199182947,OXY-CH9,5.668,min,255.309,µmol/L,Humid,18.113,deg,91481,µV,28.881,°C,1017,hPa,35.3,pmil,0,55.4,deg,20,°C,100,%a.s.,22.63,deg,20,°C,972,hPa,0.816,-0.01371,0.000397,-0.00013,0,10.11,Humid,22.75,0,51,240347.78,SABD0000000001,AAV1.0.0.11,1.1.2.0,PSt7-10,191107-136,2/17/22 12:14,0000-00,0,no battery,V
4/18/22,11:55:17,9,default,199182947,OXY-CH9,5.684,min,255.297,µmol/L,Humid,18.111,deg,91473,µV,28.889,°C,1017,hPa,35.3,pmil,0,55.4,deg,20,°C,100,%a.s.,22.63,deg,20,°C,972,hPa,0.816,-0.01371,0.000397,-0.00013,0,10.11,Humid,22.75,0,51,240340.12,SABD0000000001,AAV1.0.0.11,1.1.2.0,PSt7-10,191107-136,2/17/22 12:14,0000-00,0,no battery,V
4/18/22,11:55:18,9,default,199182947,OXY-CH9,5.7,min,255.27,µmol/L,Humid,18.112,deg,91482,µV,28.89,°C,1017,hPa,35.3,pmil,0,55.4,deg,20,°C,100,%a.s.,22.63,deg,20,°C,972,hPa,0.816,-0.01371,0.000397,-0.00013,0,10.11,Humid,22.75,0,51,240339.75,SABD0000000001,AAV1.0.0.11,1.1.2.0,PSt7-10,191107-136,2/17/22 12:14,0000-00,0,no battery,V
4/18/22,11:55:19,9,default,199182947,OXY-CH9,5.717,min,255.266,µmol/L,Humid,18.116,deg,91474,µV,28.878,°C,1017,hPa,35.3,pmil,0,55.4,deg,20,°C,100,%a.s.,22.63,deg,20,°C,972,hPa,0.816,-0.01371,0.000397,-0.00013,0,10.11,Humid,22.75,0,51,240345.17,SABD0000000001,AAV1.0.0.11,1.1.2.0,PSt7-10,191107-136,2/17/22 12:14,0000-00,0,no battery,V
4/18/22,11:55:20,9,default,199182947,OXY-CH9,5.734,min,255.442,µmol/L,Humid,18.109,deg,91462,µV,28.877,°C,1017,hPa,35.3,pmil,0,55.4,deg,20,°C,100,%a.s.,22.63,deg,20,°C,972,hPa,0.816,-0.01371,0.000397,-0.00013,0,10.11,Humid,22.75,0,51,240339.67,SABD0000000001,AAV1.0.0.11,1.1.2.0,PSt7-10,191107-136,2/17/22 12:14,0000-00,0,no battery,V
4/18/22,11:55:21,9,default,199182947,OXY-CH9,5.751,min,255.522,µmol/L,Humid,18.11,deg,91452,µV,28.863,°C,1017,hPa,35.3,pmil,0,55.4,deg,20,°C,100,%a.s.,22.63,deg,20,°C,972,hPa,0.816,-0.01371,0.000397,-0.00013,0,10.11,Humid,22.75,0,51,240337.39,SABD0000000001,AAV1.0.0.11,1.1.2.0,PSt7-10,191107-136,2/17/22 12:14,0000-00,0,no battery,V
4/18/22,11:55:22,9,default,199182947,OXY-CH9,5.768,min,255.565,µmol/L,Humid,18.106,deg,91460,µV,28.87,°C,1017,hPa,35.3,pmil,0,55.4,deg,20,°C,100,%a.s.,22.63,deg,20,°C,972,hPa,0.816,-0.01371,0.000397,-0.00013,0,10.11,Humid,22.75,0,51,240346.63,SABD0000000001,AAV1.0.0.11,1.1.2.0,PSt7-10,191107-136,2/17/22 12:14,0000-00,0,no battery,V
4/18/22,11:55:23,9,default,199182947,OXY-CH9,5.784,min,255.528,µmol/L,Humid,18.106,deg,91448,µV,28.875,°C,1017,hPa,35.3,pmil,0,55.4,deg,20,°C,100,%a.s.,22.63,deg,20,°C,972,hPa,0.816,-0.01371,0.000397,-0.00013,0,10.11,Humid,22.75,0,51,240348.34,SABD0000000001,AAV1.0.0.11,1.1.2.0,PSt7-10,191107-136,2/17/22 12:14,0000-00,0,no battery,V
4/18/22,11:55:24,9,default,199182947,OXY-CH9,5.801,min,255.532,µmol/L,Humid,18.105,deg,91447,µV,28.878,°C,1017,hPa,35.3,pmil,0,55.4,deg,20,°C,100,%a.s.,22.63,deg,20,°C,972,hPa,0.816,-0.01371,0.000397,-0.00013,0,10.11,Humid,22.75,0,51,240344.44,SABD0000000001,AAV1.0.0.11,1.1.2.0,PSt7-10,191107-136,2/17/22 12:14,0000-00,0,no battery,V
4/18/22,11:55:25,9,default,199182947,OXY-CH9,5.818,min,255.623,µmol/L,Humid,18.107,deg,91440,µV,28.86,°C,1017,hPa,35.3,pmil,0,55.4,deg,20,°C,100,%a.s.,22.63,deg,20,°C,972,hPa,0.816,-0.01371,0.000397,-0.00013,0,10.11,Humid,22.75,0,51,240329.29,SABD0000000001,AAV1.0.0.11,1.1.2.0,PSt7-10,191107-136,2/17/22 12:14,0000-00,0,no battery,V
4/18/22,11:55:26,9,default,199182947,OXY-CH9,5.834,min,255.454,µmol/L,Humid,18.102,deg,91438,µV,28.897,°C,1017,hPa,35.3,pmil,0,55.4,deg,20,°C,100,%a.s.,22.63,deg,20,°C,972,hPa,0.816,-0.01371,0.000397,-0.00013,0,10.11,Humid,22.75,0,51,240347.03,SABD0000000001,AAV1.0.0.11,1.1.2.0,PSt7-10,191107-136,2/17/22 12:14,0000-00,0,no battery,V
4/18/22,11:55:27,9,default,199182947,OXY-CH9,5.851,min,255.495,µmol/L,Humid,18.102,deg,91431,µV,28.892,°C,1017,hPa,35.3,pmil,0,55.4,deg,20,°C,100,%a.s.,22.63,deg,20,°C,972,hPa,0.816,-0.01371,0.000397,-0.00013,0,10.11,Humid,22.75,0,51,240336.1,SABD0000000001,AAV1.0.0.11,1.1.2.0,PSt7-10,191107-136,2/17/22 12:14,0000-00,0,no battery,V
4/18/22,11:55:28,9,default,199182947,OXY-CH9,5.867,min,255.504,µmol/L,Humid,18.106,deg,91424,µV,28.878,°C,1017,hPa,35.3,pmil,0,55.4,deg,20,°C,100,%a.s.,22.63,deg,20,°C,972,hPa,0.816,-0.01371,0.000397,-0.00013,0,10.11,Humid,22.75,0,51,240339.75,SABD0000000001,AAV1.0.0.11,1.1.2.0,PSt7-10,191107-136,2/17/22 12:14,0000-00,0,no battery,V
4/18/22,11:55:29,9,default,199182947,OXY-CH9,5.884,min,255.482,µmol/L,Humid,18.103,deg,91418,µV,28.891,°C,1017,hPa,35.3,pmil,0,55.4,deg,20,°C,100,%a.s.,22.63,deg,20,°C,972,hPa,0.816,-0.01371,0.000397,-0.00013,0,10.11,Humid,22.75,0,51,240340.95,SABD0000000001,AAV1.0.0.11,1.1.2.0,PSt7-10,191107-136,2/17/22 12:14,0000-00,0,no battery,V
4/18/22,11:55:30,9,default,199182947,OXY-CH9,5.901,min,255.466,µmol/L,Humid,18.104,deg,91419,µV,28.889,°C,1017,hPa,35.3,pmil,0,55.4,deg,20,°C,100,%a.s.,22.63,deg,20,°C,972,hPa,0.816,-0.01371,0.000397,-0.00013,0,10.11,Humid,22.75,0,51,240343.79,SABD0000000001,AAV1.0.0.11,1.1.2.0,PSt7-10,191107-136,2/17/22 12:14,0000-00,0,no battery,V
4/18/22,11:55:31,9,default,199182947,OXY-CH9,5.917,min,255.73,µmol/L,Humid,18.099,deg,91413,µV,28.871,°C,1017,hPa,35.3,pmil,0,55.4,deg,20,°C,100,%a.s.,22.63,deg,20,°C,972,hPa,0.816,-0.01371,0.000397,-0.00013,0,10.11,Humid,22.75,0,51,240335.05,SABD0000000001,AAV1.0.0.11,1.1.2.0,PSt7-10,191107-136,2/17/22 12:14,0000-00,0,no battery,V
4/18/22,11:55:32,9,default,199182947,OXY-CH9,5.934,min,255.712,µmol/L,Humid,18.1,deg,91406,µV,28.87,°C,1017,hPa,35.3,pmil,0,55.4,deg,20,°C,100,%a.s.,22.63,deg,20,°C,972,hPa,0.816,-0.01371,0.000397,-0.00013,0,10.11,Humid,22.75,0,51,240336.62,SABD0000000001,AAV1.0.0.11,1.1.2.0,PSt7-10,191107-136,2/17/22 12:14,0000-00,0,no battery,V
4/18/22,11:55:33,9,default,199182947,OXY-CH9,5.951,min,255.577,µmol/L,Humid,18.103,deg,91402,µV,28.878,°C,1017,hPa,35.3,pmil,0,55.4,deg,20,°C,100,%a.s.,22.63,deg,20,°C,972,hPa,0.816,-0.01371,0.000397,-0.00013,0,10.11,Humid,22.75,0,51,240340.14,SABD0000000001,AAV1.0.0.11,1.1.2.0,PSt7-10,191107-136,2/17/22 12:14,0000-00,0,no battery,V
4/18/22,11:55:34,9,default,199182947,OXY-CH9,5.968,min,255.718,µmol/L,Humid,18.099,deg,91390,µV,28.873,°C,1017,hPa,35.3,pmil,0,55.4,deg,20,°C,100,%a.s.,22.63,deg,20,°C,972,hPa,0.816,-0.01371,0.000397,-0.00013,0,10.11,Humid,22.75,0,51,240345.6,SABD0000000001,AAV1.0.0.11,1.1.2.0,PSt7-10,191107-136,2/17/22 12:14,0000-00,0,no battery,V
4/18/22,11:55:35,9,default,199182947,OXY-CH9,5.984,min,255.778,µmol/L,Humid,18.096,deg,91398,µV,28.874,°C,1017,hPa,35.3,pmil,0,55.4,deg,20,°C,100,%a.s.,22.63,deg,20,°C,972,hPa,0.816,-0.01371,0.000397,-0.00013,0,10.11,Humid,22.75,0,51,240333.13,SABD0000000001,AAV1.0.0.11,1.1.2.0,PSt7-10,191107-136,2/17/22 12:14,0000-00,0,no battery,V
4/18/22,11:55:36,9,default,199182947,OXY-CH9,6.001,min,255.814,µmol/L,Humid,18.094,deg,91395,µV,28.876,°C,1017,hPa,35.3,pmil,0,55.4,deg,20,°C,100,%a.s.,22.63,deg,20,°C,972,hPa,0.816,-0.01371,0.000397,-0.00013,0,10.11,Humid,22.75,0,51,240343.79,SABD0000000001,AAV1.0.0.11,1.1.2.0,PSt7-10,191107-136,2/17/22 12:14,0000-00,0,no battery,V
4/18/22,11:55:37,9,default,199182947,OXY-CH9,6.017,min,255.692,µmol/L,Humid,18.098,deg,91393,µV,28.879,°C,1017,hPa,35.3,pmil,0,55.4,deg,20,°C,100,%a.s.,22.63,deg,20,°C,972,hPa,0.816,-0.01371,0.000397,-0.00013,0,10.11,Humid,22.75,0,51,240344.02,SABD0000000001,AAV1.0.0.11,1.1.2.0,PSt7-10,191107-136,2/17/22 12:14,0000-00,0,no battery,V
4/18/22,11:55:38,9,default,199182947,OXY-CH9,6.034,min,255.804,µmol/L,Humid,18.094,deg,91381,µV,28.877,°C,1017,hPa,35.3,pmil,0,55.4,deg,20,°C,100,%a.s.,22.63,deg,20,°C,972,hPa,0.816,-0.01371,0.000397,-0.00013,0,10.11,Humid,22.75,0,51,240336.86,SABD0000000001,AAV1.0.0.11,1.1.2.0,PSt7-10,191107-136,2/17/22 12:14,0000-00,0,no battery,V
4/18/22,11:55:39,9,default,199182947,OXY-CH9,6.051,min,255.841,µmol/L,Humid,18.094,deg,91380,µV,28.873,°C,1017,hPa,35.3,pmil,0,55.4,deg,20,°C,100,%a.s.,22.63,deg,20,°C,972,hPa,0.816,-0.01371,0.000397,-0.00013,0,10.11,Humid,22.75,0,51,240339.46,SABD0000000001,AAV1.0.0.11,1.1.2.0,PSt7-10,191107-136,2/17/22 12:14,0000-00,0,no battery,V
4/18/22,11:55:40,9,default,199182947,OXY-CH9,6.067,min,255.733,µmol/L,Humid,18.096,deg,91373,µV,28.88,°C,1017,hPa,35.3,pmil,0,55.4,deg,20,°C,100,%a.s.,22.63,deg,20,°C,972,hPa,0.816,-0.01371,0.000397,-0.00013,0,10.11,Humid,22.75,0,51,240343.85,SABD0000000001,AAV1.0.0.11,1.1.2.0,PSt7-10,191107-136,2/17/22 12:14,0000-00,0,no battery,V
4/18/22,11:55:41,9,default,199182947,OXY-CH9,6.084,min,255.835,µmol/L,Humid,18.092,deg,91370,µV,28.88,°C,1017,hPa,35.3,pmil,0,55.4,deg,20,°C,100,%a.s.,22.63,deg,20,°C,972,hPa,0.816,-0.01371,0.000397,-0.00013,0,10.11,Humid,22.75,0,51,240341.65,SABD0000000001,AAV1.0.0.11,1.1.2.0,PSt7-10,191107-136,2/17/22 12:14,0000-00,0,no battery,V
4/18/22,11:55:42,9,default,199182947,OXY-CH9,6.101,min,255.992,µmol/L,Humid,18.091,deg,91367,µV,28.863,°C,1017,hPa,35.3,pmil,0,55.4,deg,20,°C,100,%a.s.,22.63,deg,20,°C,972,hPa,0.816,-0.01371,0.000397,-0.00013,0,10.11,Humid,22.75,0,51,240345.74,SABD0000000001,AAV1.0.0.11,1.1.2.0,PSt7-10,191107-136,2/17/22 12:14,0000-00,0,no battery,V
4/18/22,11:55:43,9,default,199182947,OXY-CH9,6.117,min,255.973,µmol/L,Humid,18.092,deg,91359,µV,28.862,°C,1017,hPa,35.3,pmil,0,55.4,deg,20,°C,100,%a.s.,22.63,deg,20,°C,972,hPa,0.816,-0.01371,0.000397,-0.00013,0,10.11,Humid,22.75,0,51,240345.19,SABD0000000001,AAV1.0.0.11,1.1.2.0,PSt7-10,191107-136,2/17/22 12:14,0000-00,0,no battery,V
4/18/22,11:55:44,9,default,199182947,OXY-CH9,6.134,min,255.739,µmol/L,Humid,18.093,deg,91361,µV,28.889,°C,1017,hPa,35.3,pmil,0,55.4,deg,20,°C,100,%a.s.,22.63,deg,20,°C,972,hPa,0.816,-0.01371,0.000397,-0.00013,0,10.11,Humid,22.75,0,51,240348.61,SABD0000000001,AAV1.0.0.11,1.1.2.0,PSt7-10,191107-136,2/17/22 12:14,0000-00,0,no battery,V
4/18/22,11:55:45,9,default,199182947,OXY-CH9,6.151,min,255.839,µmol/L,Humid,18.092,deg,91358,µV,28.879,°C,1017,hPa,35.3,pmil,0,55.4,deg,20,°C,100,%a.s.,22.63,deg,20,°C,972,hPa,0.816,-0.01371,0.000397,-0.00013,0,10.11,Humid,22.75,0,51,240344.37,SABD0000000001,AAV1.0.0.11,1.1.2.0,PSt7-10,191107-136,2/17/22 12:14,0000-00,0,no battery,V
4/18/22,11:55:46,9,default,199182947,OXY-CH9,6.168,min,255.876,µmol/L,Humid,18.09,deg,91351,µV,28.881,°C,1017,hPa,35.3,pmil,0,55.4,deg,20,°C,100,%a.s.,22.63,deg,20,°C,972,hPa,0.816,-0.01371,0.000397,-0.00013,0,10.11,Humid,22.75,0,51,240335.6,SABD0000000001,AAV1.0.0.11,1.1.2.0,PSt7-10,191107-136,2/17/22 12:14,0000-00,0,no battery,V
4/18/22,11:55:47,9,default,199182947,OXY-CH9,6.184,min,255.952,µmol/L,Humid,18.089,deg,91350,µV,28.874,°C,1017,hPa,35.3,pmil,0,55.4,deg,20,°C,100,%a.s.,22.63,deg,20,°C,972,hPa,0.816,-0.01371,0.000397,-0.00013,0,10.11,Humid,22.75,0,51,240340.06,SABD0000000001,AAV1.0.0.11,1.1.2.0,PSt7-10,191107-136,2/17/22 12:14,0000-00,0,no battery,V
4/18/22,11:55:48,9,default,199182947,OXY-CH9,6.201,min,255.85,µmol/L,Humid,18.092,deg,91344,µV,28.878,°C,1017,hPa,35.3,pmil,0,55.4,deg,20,°C,100,%a.s.,22.63,deg,20,°C,972,hPa,0.816,-0.01371,0.000397,-0.00013,0,10.11,Humid,22.75,0,51,240349.73,SABD0000000001,AAV1.0.0.11,1.1.2.0,PSt7-10,191107-136,2/17/22 12:14,0000-00,0,no battery,V
4/18/22,11:55:49,9,default,199182947,OXY-CH9,6.218,min,255.824,µmol/L,Humid,18.09,deg,91343,µV,28.887,°C,1017,hPa,35.3,pmil,0,55.4,deg,20,°C,100,%a.s.,22.63,deg,20,°C,972,hPa,0.816,-0.01371,0.000397,-0.00013,0,10.11,Humid,22.75,0,51,240347.75,SABD0000000001,AAV1.0.0.11,1.1.2.0,PSt7-10,191107-136,2/17/22 12:14,0000-00,0,no battery,V
4/18/22,11:55:50,9,default,199182947,OXY-CH9,6.235,min,255.889,µmol/L,Humid,18.089,deg,91334,µV,28.882,°C,1017,hPa,35.3,pmil,0,55.4,deg,20,°C,100,%a.s.,22.63,deg,20,°C,972,hPa,0.816,-0.01371,0.000397,-0.00013,0,10.11,Humid,22.75,0,51,240343.51,SABD0000000001,AAV1.0.0.11,1.1.2.0,PSt7-10,191107-136,2/17/22 12:14,0000-00,0,no battery,V
4/18/22,11:55:51,9,default,199182947,OXY-CH9,6.251,min,256.009,µmol/L,Humid,18.085,deg,91327,µV,28.879,°C,1017,hPa,35.3,pmil,0,55.4,deg,20,°C,100,%a.s.,22.63,deg,20,°C,972,hPa,0.816,-0.01371,0.000397,-0.00013,0,10.11,Humid,22.75,0,51,240355.51,SABD0000000001,AAV1.0.0.11,1.1.2.0,PSt7-10,191107-136,2/17/22 12:14,0000-00,0,no battery,V
4/18/22,11:55:52,9,default,199182947,OXY-CH9,6.268,min,256.057,µmol/L,Humid,18.083,deg,91325,µV,28.879,°C,1017,hPa,35.3,pmil,0,55.4,deg,20,°C,100,%a.s.,22.63,deg,20,°C,972,hPa,0.816,-0.01371,0.000397,-0.00013,0,10.11,Humid,22.75,0,51,240342.54,SABD0000000001,AAV1.0.0.11,1.1.2.0,PSt7-10,191107-136,2/17/22 12:14,0000-00,0,no battery,V
4/18/22,11:55:53,9,default,199182947,OXY-CH9,6.285,min,256.081,µmol/L,Humid,18.082,deg,91326,µV,28.879,°C,1017,hPa,35.3,pmil,0,55.4,deg,20,°C,100,%a.s.,22.63,deg,20,°C,972,hPa,0.816,-0.01371,0.000397,-0.00013,0,10.11,Humid,22.75,0,51,240352.55,SABD0000000001,AAV1.0.0.11,1.1.2.0,PSt7-10,191107-136,2/17/22 12:14,0000-00,0,no battery,V
4/18/22,11:55:54,9,default,199182947,OXY-CH9,6.301,min,256.085,µmol/L,Humid,18.084,deg,91314,µV,28.873,°C,1017,hPa,35.3,pmil,0,55.4,deg,20,°C,100,%a.s.,22.63,deg,20,°C,972,hPa,0.816,-0.01371,0.000397,-0.00013,0,10.11,Humid,22.75,0,51,240355.37,SABD0000000001,AAV1.0.0.11,1.1.2.0,PSt7-10,191107-136,2/17/22 12:14,0000-00,0,no battery,V
4/18/22,11:55:55,9,default,199182947,OXY-CH9,6.317,min,256.102,µmol/L,Humid,18.081,deg,91310,µV,28.88,°C,1017,hPa,35.3,pmil,0,55.4,deg,20,°C,100,%a.s.,22.63,deg,20,°C,972,hPa,0.816,-0.01371,0.000397,-0.00013,0,10.11,Humid,22.75,0,51,240354.25,SABD0000000001,AAV1.0.0.11,1.1.2.0,PSt7-10,191107-136,2/17/22 12:14,0000-00,0,no battery,V
4/18/22,11:55:56,9,default,199182947,OXY-CH9,6.334,min,256.094,µmol/L,Humid,18.082,deg,91305,µV,28.878,°C,1017,hPa,35.3,pmil,0,55.4,deg,20,°C,100,%a.s.,22.63,deg,20,°C,972,hPa,0.816,-0.01371,0.000397,-0.00013,0,10.11,Humid,22.75,0,51,240354.88,SABD0000000001,AAV1.0.0.11,1.1.2.0,PSt7-10,191107-136,2/17/22 12:14,0000-00,0,no battery,V
4/18/22,11:55:57,9,default,199182947,OXY-CH9,6.351,min,256.135,µmol/L,Humid,18.082,deg,91301,µV,28.872,°C,1017,hPa,35.3,pmil,0,55.4,deg,20,°C,100,%a.s.,22.63,deg,20,°C,972,hPa,0.816,-0.01371,0.000397,-0.00013,0,10.11,Humid,22.75,0,51,240356.82,SABD0000000001,AAV1.0.0.11,1.1.2.0,PSt7-10,191107-136,2/17/22 12:14,0000-00,0,no battery,V
4/18/22,11:55:58,9,default,199182947,OXY-CH9,6.367,min,256.284,µmol/L,Humid,18.081,deg,91302,µV,28.857,°C,1017,hPa,35.3,pmil,0,55.4,deg,20,°C,100,%a.s.,22.63,deg,20,°C,972,hPa,0.816,-0.01371,0.000397,-0.00013,0,10.11,Humid,22.75,0,51,240347.79,SABD0000000001,AAV1.0.0.11,1.1.2.0,PSt7-10,191107-136,2/17/22 12:14,0000-00,0,no battery,V
4/18/22,11:55:59,9,default,199182947,OXY-CH9,6.384,min,256.111,µmol/L,Humid,18.08,deg,91297,µV,28.882,°C,1017,hPa,35.3,pmil,0,55.4,deg,20,°C,100,%a.s.,22.63,deg,20,°C,972,hPa,0.816,-0.01371,0.000397,-0.00013,0,10.11,Humid,22.75,0,51,240348.86,SABD0000000001,AAV1.0.0.11,1.1.2.0,PSt7-10,191107-136,2/17/22 12:14,0000-00,0,no battery,V
4/18/22,11:56:00,9,default,199182947,OXY-CH9,6.401,min,256.217,µmol/L,Humid,18.08,deg,91302,µV,28.868,°C,1017,hPa,35.3,pmil,0,55.4,deg,20,°C,100,%a.s.,22.63,deg,20,°C,972,hPa,0.816,-0.01371,0.000397,-0.00013,0,10.11,Humid,22.75,0,51,240372.32,SABD0000000001,AAV1.0.0.11,1.1.2.0,PSt7-10,191107-136,2/17/22 12:14,0000-00,0,no battery,V
4/18/22,11:56:01,9,default,199182947,OXY-CH9,6.417,min,256.188,µmol/L,Humid,18.078,deg,91289,µV,28.878,°C,1017,hPa,35.3,pmil,0,55.4,deg,20,°C,100,%a.s.,22.63,deg,20,°C,972,hPa,0.816,-0.01371,0.000397,-0.00013,0,10.11,Humid,22.75,0,51,240355.37,SABD0000000001,AAV1.0.0.11,1.1.2.0,PSt7-10,191107-136,2/17/22 12:14,0000-00,0,no battery,V
4/18/22,11:56:02,9,default,199182947,OXY-CH9,6.434,min,256.245,µmol/L,Humid,18.08,deg,91291,µV,28.865,°C,1017,hPa,35.3,pmil,0,55.4,deg,20,°C,100,%a.s.,22.63,deg,20,°C,972,hPa,0.816,-0.01371,0.000397,-0.00013,0,10.11,Humid,22.75,0,51,240357.8,SABD0000000001,AAV1.0.0.11,1.1.2.0,PSt7-10,191107-136,2/17/22 12:14,0000-00,0,no battery,V
4/18/22,11:56:03,9,default,199182947,OXY-CH9,6.451,min,256.261,µmol/L,Humid,18.078,deg,91280,µV,28.869,°C,1017,hPa,35.3,pmil,0,55.4,deg,20,°C,100,%a.s.,22.63,deg,20,°C,972,hPa,0.816,-0.01371,0.000397,-0.00013,0,10.11,Humid,22.75,0,51,240369.53,SABD0000000001,AAV1.0.0.11,1.1.2.0,PSt7-10,191107-136,2/17/22 12:14,0000-00,0,no battery,V
4/18/22,11:56:04,9,default,199182947,OXY-CH9,6.468,min,256.236,µmol/L,Humid,18.075,deg,91280,µV,28.881,°C,1017,hPa,35.3,pmil,0,55.4,deg,20,°C,100,%a.s.,22.63,deg,20,°C,972,hPa,0.816,-0.01371,0.000397,-0.00013,0,10.11,Humid,22.75,0,51,240360.62,SABD0000000001,AAV1.0.0.11,1.1.2.0,PSt7-10,191107-136,2/17/22 12:14,0000-00,0,no battery,V
4/18/22,11:56:05,9,default,199182947,OXY-CH9,6.484,min,256.214,µmol/L,Humid,18.076,deg,91271,µV,28.881,°C,1017,hPa,35.3,pmil,0,55.4,deg,20,°C,100,%a.s.,22.63,deg,20,°C,972,hPa,0.816,-0.01371,0.000397,-0.00013,0,10.11,Humid,22.75,0,51,240362.24,SABD0000000001,AAV1.0.0.11,1.1.2.0,PSt7-10,191107-136,2/17/22 12:14,0000-00,0,no battery,V
4/18/22,11:56:06,9,default,199182947,OXY-CH9,6.501,min,256.185,µmol/L,Humid,18.077,deg,91263,µV,28.882,°C,1017,hPa,35.3,pmil,0,55.4,deg,20,°C,100,%a.s.,22.63,deg,20,°C,972,hPa,0.816,-0.01371,0.000397,-0.00013,0,10.11,Humid,22.75,0,51,240358.45,SABD0000000001,AAV1.0.0.11,1.1.2.0,PSt7-10,191107-136,2/17/22 12:14,0000-00,0,no battery,V
4/18/22,11:56:07,9,default,199182947,OXY-CH9,6.518,min,256.216,µmol/L,Humid,18.075,deg,91267,µV,28.884,°C,1017,hPa,35.3,pmil,0,55.4,deg,20,°C,100,%a.s.,22.63,deg,20,°C,972,hPa,0.816,-0.01371,0.000397,-0.00013,0,10.11,Humid,22.75,0,51,240362.01,SABD0000000001,AAV1.0.0.11,1.1.2.0,PSt7-10,191107-136,2/17/22 12:14,0000-00,0,no battery,V
4/18/22,11:56:08,9,default,199182947,OXY-CH9,6.534,min,256.23,µmol/L,Humid,18.072,deg,91257,µV,28.891,°C,1017,hPa,35.3,pmil,0,55.4,deg,20,°C,100,%a.s.,22.63,deg,20,°C,972,hPa,0.816,-0.01371,0.000397,-0.00013,0,10.11,Humid,22.75,0,51,240366.95,SABD0000000001,AAV1.0.0.11,1.1.2.0,PSt7-10,191107-136,2/17/22 12:14,0000-00,0,no battery,V
4/18/22,11:56:09,9,default,199182947,OXY-CH9,6.551,min,256.304,µmol/L,Humid,18.072,deg,91254,µV,28.882,°C,1017,hPa,35.3,pmil,0,55.4,deg,20,°C,100,%a.s.,22.63,deg,20,°C,972,hPa,0.816,-0.01371,0.000397,-0.00013,0,10.11,Humid,22.75,0,51,240370.89,SABD0000000001,AAV1.0.0.11,1.1.2.0,PSt7-10,191107-136,2/17/22 12:14,0000-00,0,no battery,V
4/18/22,11:56:10,9,default,199182947,OXY-CH9,6.567,min,256.193,µmol/L,Humid,18.077,deg,91247,µV,28.881,°C,1017,hPa,35.3,pmil,0,55.4,deg,20,°C,100,%a.s.,22.63,deg,20,°C,972,hPa,0.816,-0.01371,0.000397,-0.00013,0,10.11,Humid,22.75,0,51,240359.09,SABD0000000001,AAV1.0.0.11,1.1.2.0,PSt7-10,191107-136,2/17/22 12:14,0000-00,0,no battery,V
4/18/22,11:56:11,9,default,199182947,OXY-CH9,6.584,min,256.37,µmol/L,Humid,18.072,deg,91245,µV,28.874,°C,1017,hPa,35.3,pmil,0,55.4,deg,20,°C,100,%a.s.,22.63,deg,20,°C,972,hPa,0.816,-0.01371,0.000397,-0.00013,0,10.11,Humid,22.75,0,51,240360.37,SABD0000000001,AAV1.0.0.11,1.1.2.0,PSt7-10,191107-136,2/17/22 12:14,0000-00,0,no battery,V
4/18/22,11:56:12,9,default,199182947,OXY-CH9,6.601,min,256.313,µmol/L,Humid,18.072,deg,91239,µV,28.881,°C,1017,hPa,35.3,pmil,0,55.4,deg,20,°C,100,%a.s.,22.63,deg,20,°C,972,hPa,0.816,-0.01371,0.000397,-0.00013,0,10.11,Humid,22.75,0,51,240371.32,SABD0000000001,AAV1.0.0.11,1.1.2.0,PSt7-10,191107-136,2/17/22 12:14,0000-00,0,no battery,V
4/18/22,11:56:13,9,default,199182947,OXY-CH9,6.618,min,256.418,µmol/L,Humid,18.068,deg,91241,µV,28.88,°C,1017,hPa,35.3,pmil,0,55.4,deg,20,°C,100,%a.s.,22.63,deg,20,°C,972,hPa,0.816,-0.01371,0.000397,-0.00013,0,10.11,Humid,22.75,0,51,240381.33,SABD0000000001,AAV1.0.0.11,1.1.2.0,PSt7-10,191107-136,2/17/22 12:14,0000-00,0,no battery,V
4/18/22,11:56:14,9,default,199182947,OXY-CH9,6.634,min,256.504,µmol/L,Humid,18.064,deg,91235,µV,28.881,°C,1017,hPa,35.3,pmil,0,55.4,deg,20,°C,100,%a.s.,22.63,deg,20,°C,972,hPa,0.816,-0.01371,0.000397,-0.00013,0,10.11,Humid,22.75,0,51,240367.89,SABD0000000001,AAV1.0.0.11,1.1.2.0,PSt7-10,191107-136,2/17/22 12:14,0000-00,0,no battery,V
4/18/22,11:56:15,9,default,199182947,OXY-CH9,6.651,min,256.444,µmol/L,Humid,18.065,deg,91235,µV,28.886,°C,1017,hPa,35.3,pmil,0,55.4,deg,20,°C,100,%a.s.,22.63,deg,20,°C,972,hPa,0.816,-0.01371,0.000397,-0.00013,0,10.11,Humid,22.75,0,51,240364.66,SABD0000000001,AAV1.0.0.11,1.1.2.0,PSt7-10,191107-136,2/17/22 12:14,0000-00,0,no battery,V
4/18/22,11:56:16,9,default,199182947,OXY-CH9,6.668,min,256.512,µmol/L,Humid,18.066,deg,91230,µV,28.874,°C,1017,hPa,35.3,pmil,0,55.4,deg,20,°C,100,%a.s.,22.63,deg,20,°C,972,hPa,0.816,-0.01371,0.000397,-0.00013,0,10.11,Humid,22.75,0,51,240366.49,SABD0000000001,AAV1.0.0.11,1.1.2.0,PSt7-10,191107-136,2/17/22 12:14,0000-00,0,no battery,V
4/18/22,11:56:17,9,default,199182947,OXY-CH9,6.684,min,256.509,µmol/L,Humid,18.065,deg,91215,µV,28.878,°C,1017,hPa,35.3,pmil,0,55.4,deg,20,°C,100,%a.s.,22.63,deg,20,°C,972,hPa,0.816,-0.01371,0.000397,-0.00013,0,10.11,Humid,22.75,0,51,240368.15,SABD0000000001,AAV1.0.0.11,1.1.2.0,PSt7-10,191107-136,2/17/22 12:14,0000-00,0,no battery,V
4/18/22,11:56:18,9,default,199182947,OXY-CH9,6.7,min,256.571,µmol/L,Humid,18.064,deg,91215,µV,28.873,°C,1017,hPa,35.3,pmil,0,55.4,deg,20,°C,100,%a.s.,22.63,deg,20,°C,972,hPa,0.816,-0.01371,0.000397,-0.00013,0,10.11,Humid,22.75,0,51,240371.03,SABD0000000001,AAV1.0.0.11,1.1.2.0,PSt7-10,191107-136,2/17/22 12:14,0000-00,0,no battery,V
4/18/22,11:56:19,9,default,199182947,OXY-CH9,6.717,min,256.413,µmol/L,Humid,18.068,deg,91216,µV,28.881,°C,1017,hPa,35.3,pmil,0,55.4,deg,20,°C,100,%a.s.,22.63,deg,20,°C,972,hPa,0.816,-0.01371,0.000397,-0.00013,0,10.11,Humid,22.75,0,51,240360.86,SABD0000000001,AAV1.0.0.11,1.1.2.0,PSt7-10,191107-136,2/17/22 12:14,0000-00,0,no battery,V
4/18/22,11:56:20,9,default,199182947,OXY-CH9,6.734,min,256.606,µmol/L,Humid,18.064,deg,91212,µV,28.868,°C,1017,hPa,35.3,pmil,0,55.4,deg,20,°C,100,%a.s.,22.63,deg,20,°C,972,hPa,0.816,-0.01371,0.000397,-0.00013,0,10.11,Humid,22.75,0,51,240364.92,SABD0000000001,AAV1.0.0.11,1.1.2.0,PSt7-10,191107-136,2/17/22 12:14,0000-00,0,no battery,V
4/18/22,11:56:21,9,default,199182947,OXY-CH9,6.751,min,256.423,µmol/L,Humid,18.068,deg,91200,µV,28.879,°C,1017,hPa,35.3,pmil,0,55.4,deg,20,°C,100,%a.s.,22.63,deg,20,°C,972,hPa,0.816,-0.01371,0.000397,-0.00013,0,10.11,Humid,22.75,0,51,240362.59,SABD0000000001,AAV1.0.0.11,1.1.2.0,PSt7-10,191107-136,2/17/22 12:14,0000-00,0,no battery,V
4/18/22,11:56:22,9,default,199182947,OXY-CH9,6.767,min,256.521,µmol/L,Humid,18.062,deg,91202,µV,28.886,°C,1017,hPa,35.3,pmil,0,55.4,deg,20,°C,100,%a.s.,22.63,deg,20,°C,972,hPa,0.816,-0.01371,0.000397,-0.00013,0,10.11,Humid,22.75,0,51,240357.95,SABD0000000001,AAV1.0.0.11,1.1.2.0,PSt7-10,191107-136,2/17/22 12:14,0000-00,0,no battery,V
4/18/22,11:56:23,9,default,199182947,OXY-CH9,6.784,min,256.49,µmol/L,Humid,18.062,deg,91193,µV,28.889,°C,1017,hPa,35.3,pmil,0,55.4,deg,20,°C,100,%a.s.,22.63,deg,20,°C,972,hPa,0.816,-0.01371,0.000397,-0.00013,0,10.11,Humid,22.75,0,51,240360.18,SABD0000000001,AAV1.0.0.11,1.1.2.0,PSt7-10,191107-136,2/17/22 12:14,0000-00,0,no battery,V
4/18/22,11:56:24,9,default,199182947,OXY-CH9,6.801,min,256.615,µmol/L,Humid,18.06,deg,91184,µV,28.88,°C,1017,hPa,35.3,pmil,0,55.4,deg,20,°C,100,%a.s.,22.63,deg,20,°C,972,hPa,0.816,-0.01371,0.000397,-0.00013,0,10.11,Humid,22.75,0,51,240364.21,SABD0000000001,AAV1.0.0.11,1.1.2.0,PSt7-10,191107-136,2/17/22 12:14,0000-00,0,no battery,V
4/18/22,11:56:25,9,default,199182947,OXY-CH9,6.818,min,256.625,µmol/L,Humid,18.06,deg,91185,µV,28.879,°C,1017,hPa,35.3,pmil,0,55.4,deg,20,°C,100,%a.s.,22.63,deg,20,°C,972,hPa,0.816,-0.01371,0.000397,-0.00013,0,10.11,Humid,22.75,0,51,240372.19,SABD0000000001,AAV1.0.0.11,1.1.2.0,PSt7-10,191107-136,2/17/22 12:14,0000-00,0,no battery,V
4/18/22,11:56:26,9,default,199182947,OXY-CH9,6.834,min,256.576,µmol/L,Humid,18.062,deg,91185,µV,28.879,°C,1017,hPa,35.3,pmil,0,55.4,deg,20,°C,100,%a.s.,22.63,deg,20,°C,972,hPa,0.816,-0.01371,0.000397,-0.00013,0,10.11,Humid,22.75,0,51,240372.62,SABD0000000001,AAV1.0.0.11,1.1.2.0,PSt7-10,191107-136,2/17/22 12:14,0000-00,0,no battery,V
4/18/22,11:56:27,9,default,199182947,OXY-CH9,6.851,min,256.667,µmol/L,Humid,18.058,deg,91178,µV,28.879,°C,1017,hPa,35.3,pmil,0,55.4,deg,20,°C,100,%a.s.,22.63,deg,20,°C,972,hPa,0.816,-0.01371,0.000397,-0.00013,0,10.11,Humid,22.75,0,51,240370.56,SABD0000000001,AAV1.0.0.11,1.1.2.0,PSt7-10,191107-136,2/17/22 12:14,0000-00,0,no battery,V
4/18/22,11:56:28,9,default,199182947,OXY-CH9,6.867,min,256.686,µmol/L,Humid,18.056,deg,91176,µV,28.883,°C,1017,hPa,35.3,pmil,0,55.4,deg,20,°C,100,%a.s.,22.63,deg,20,°C,972,hPa,0.816,-0.01371,0.000397,-0.00013,0,10.11,Humid,22.75,0,51,240368.23,SABD0000000001,AAV1.0.0.11,1.1.2.0,PSt7-10,191107-136,2/17/22 12:14,0000-00,0,no battery,V
4/18/22,11:56:29,9,default,199182947,OXY-CH9,6.884,min,256.689,µmol/L,Humid,18.06,deg,91168,µV,28.87,°C,1017,hPa,35.3,pmil,0,55.4,deg,20,°C,100,%a.s.,22.63,deg,20,°C,972,hPa,0.816,-0.01371,0.000397,-0.00013,0,10.11,Humid,22.75,0,51,240364.39,SABD0000000001,AAV1.0.0.11,1.1.2.0,PSt7-10,191107-136,2/17/22 12:14,0000-00,0,no battery,V
4/18/22,11:56:30,9,default,199182947,OXY-CH9,6.901,min,256.757,µmol/L,Humid,18.058,deg,91169,µV,28.868,°C,1017,hPa,35.3,pmil,0,55.4,deg,20,°C,100,%a.s.,22.63,deg,20,°C,972,hPa,0.816,-0.01371,0.000397,-0.00013,0,10.11,Humid,22.75,0,51,240370.63,SABD0000000001,AAV1.0.0.11,1.1.2.0,PSt7-10,191107-136,2/17/22 12:14,0000-00,0,no battery,V
4/18/22,11:56:31,9,default,199182947,OXY-CH9,6.917,min,256.657,µmol/L,Humid,18.06,deg,91161,µV,28.875,°C,1017,hPa,35.3,pmil,0,55.4,deg,20,°C,100,%a.s.,22.63,deg,20,°C,972,hPa,0.816,-0.01371,0.000397,-0.00013,0,10.11,Humid,22.75,0,51,240382.43,SABD0000000001,AAV1.0.0.11,1.1.2.0,PSt7-10,191107-136,2/17/22 12:14,0000-00,0,no battery,V
4/18/22,11:56:32,9,default,199182947,OXY-CH9,6.934,min,256.708,µmol/L,Humid,18.056,deg,91157,µV,28.88,°C,1017,hPa,35.3,pmil,0,55.4,deg,20,°C,100,%a.s.,22.63,deg,20,°C,972,hPa,0.816,-0.01371,0.000397,-0.00013,0,10.11,Humid,22.75,0,51,240376.72,SABD0000000001,AAV1.0.0.11,1.1.2.0,PSt7-10,191107-136,2/17/22 12:14,0000-00,0,no battery,V
4/18/22,11:56:33,9,default,199182947,OXY-CH9,6.951,min,256.882,µmol/L,Humid,18.053,deg,91153,µV,28.868,°C,1017,hPa,35.3,pmil,0,55.4,deg,20,°C,100,%a.s.,22.63,deg,20,°C,972,hPa,0.816,-0.01371,0.000397,-0.00013,0,10.11,Humid,22.75,0,51,240382.91,SABD0000000001,AAV1.0.0.11,1.1.2.0,PSt7-10,191107-136,2/17/22 12:14,0000-00,0,no battery,V
4/18/22,11:56:34,9,default,199182947,OXY-CH9,6.968,min,256.826,µmol/L,Humid,18.052,deg,91151,µV,28.878,°C,1017,hPa,35.3,pmil,0,55.4,deg,20,°C,100,%a.s.,22.63,deg,20,°C,972,hPa,0.816,-0.01371,0.000397,-0.00013,0,10.11,Humid,22.75,0,51,240372.25,SABD0000000001,AAV1.0.0.11,1.1.2.0,PSt7-10,191107-136,2/17/22 12:14,0000-00,0,no battery,V
4/18/22,11:56:35,9,default,199182947,OXY-CH9,6.984,min,256.687,µmol/L,Humid,18.057,deg,91142,µV,28.88,°C,1017,hPa,35.3,pmil,0,55.4,deg,20,°C,100,%a.s.,22.63,deg,20,°C,972,hPa,0.816,-0.01371,0.000397,-0.00013,0,10.11,Humid,22.75,0,51,240373.38,SABD0000000001,AAV1.0.0.11,1.1.2.0,PSt7-10,191107-136,2/17/22 12:14,0000-00,0,no battery,V
4/18/22,11:56:36,9,default,199182947,OXY-CH9,7.001,min,256.886,µmol/L,Humid,18.049,deg,91141,µV,28.88,°C,1017,hPa,35.3,pmil,0,55.4,deg,20,°C,100,%a.s.,22.63,deg,20,°C,972,hPa,0.816,-0.01371,0.000397,-0.00013,0,10.11,Humid,22.75,0,51,240372.83,SABD0000000001,AAV1.0.0.11,1.1.2.0,PSt7-10,191107-136,2/17/22 12:14,0000-00,0,no battery,V
4/18/22,11:56:37,9,default,199182947,OXY-CH9,7.017,min,256.869,µmol/L,Humid,18.051,deg,91132,µV,28.876,°C,1017,hPa,35.3,pmil,0,55.4,deg,20,°C,100,%a.s.,22.63,deg,20,°C,972,hPa,0.816,-0.01371,0.000397,-0.00013,0,10.11,Humid,22.75,0,51,240380.01,SABD0000000001,AAV1.0.0.11,1.1.2.0,PSt7-10,191107-136,2/17/22 12:14,0000-00,0,no battery,V
4/18/22,11:56:38,9,default,199182947,OXY-CH9,7.034,min,257.058,µmol/L,Humid,18.049,deg,91140,µV,28.858,°C,1017,hPa,35.3,pmil,0,55.4,deg,20,°C,100,%a.s.,22.63,deg,20,°C,972,hPa,0.816,-0.01371,0.000397,-0.00013,0,10.11,Humid,22.75,0,51,240377.97,SABD0000000001,AAV1.0.0.11,1.1.2.0,PSt7-10,191107-136,2/17/22 12:14,0000-00,0,no battery,V
4/18/22,11:56:39,9,default,199182947,OXY-CH9,7.051,min,256.937,µmol/L,Humid,18.052,deg,91132,µV,28.864,°C,1017,hPa,35.3,pmil,0,55.4,deg,20,°C,100,%a.s.,22.63,deg,20,°C,972,hPa,0.816,-0.01371,0.000397,-0.00013,0,10.11,Humid,22.75,0,51,240379.15,SABD0000000001,AAV1.0.0.11,1.1.2.0,PSt7-10,191107-136,2/17/22 12:14,0000-00,0,no battery,V
4/18/22,11:56:40,9,default,199182947,OXY-CH9,7.067,min,256.917,µmol/L,Humid,18.051,deg,91124,µV,28.87,°C,1017,hPa,35.3,pmil,0,55.4,deg,20,°C,100,%a.s.,22.63,deg,20,°C,972,hPa,0.816,-0.01371,0.000397,-0.00013,0,10.11,Humid,22.75,0,51,240374.11,SABD0000000001,AAV1.0.0.11,1.1.2.0,PSt7-10,191107-136,2/17/22 12:14,0000-00,0,no battery,V
4/18/22,11:56:41,9,default,199182947,OXY-CH9,7.084,min,256.991,µmol/L,Humid,18.049,deg,91122,µV,28.866,°C,1017,hPa,35.3,pmil,0,55.4,deg,20,°C,100,%a.s.,22.63,deg,20,°C,972,hPa,0.816,-0.01371,0.000397,-0.00013,0,10.11,Humid,22.75,0,51,240381.84,SABD0000000001,AAV1.0.0.11,1.1.2.0,PSt7-10,191107-136,2/17/22 12:14,0000-00,0,no battery,V
4/18/22,11:56:42,9,default,199182947,OXY-CH9,7.101,min,256.767,µmol/L,Humid,18.051,deg,91123,µV,28.889,°C,1017,hPa,35.3,pmil,0,55.4,deg,20,°C,100,%a.s.,22.63,deg,20,°C,972,hPa,0.816,-0.01371,0.000397,-0.00013,0,10.11,Humid,22.75,0,51,240377.6,SABD0000000001,AAV1.0.0.11,1.1.2.0,PSt7-10,191107-136,2/17/22 12:14,0000-00,0,no battery,V
4/18/22,11:56:43,9,default,199182947,OXY-CH9,7.117,min,256.854,µmol/L,Humid,18.046,deg,91119,µV,28.893,°C,1017,hPa,35.3,pmil,0,55.4,deg,20,°C,100,%a.s.,22.63,deg,20,°C,972,hPa,0.816,-0.01371,0.000397,-0.00013,0,10.11,Humid,22.75,0,51,240389.76,SABD0000000001,AAV1.0.0.11,1.1.2.0,PSt7-10,191107-136,2/17/22 12:14,0000-00,0,no battery,V
4/18/22,11:56:44,9,default,199182947,OXY-CH9,7.134,min,256.959,µmol/L,Humid,18.047,deg,91117,µV,28.877,°C,1017,hPa,35.3,pmil,0,55.4,deg,20,°C,100,%a.s.,22.63,deg,20,°C,972,hPa,0.816,-0.01371,0.000397,-0.00013,0,10.11,Humid,22.75,0,51,240383.55,SABD0000000001,AAV1.0.0.11,1.1.2.0,PSt7-10,191107-136,2/17/22 12:14,0000-00,0,no battery,V
4/18/22,11:56:45,9,default,199182947,OXY-CH9,7.151,min,256.952,µmol/L,Humid,18.046,deg,91111,µV,28.881,°C,1017,hPa,35.3,pmil,0,55.4,deg,20,°C,100,%a.s.,22.63,deg,20,°C,972,hPa,0.816,-0.01371,0.000397,-0.00013,0,10.11,Humid,22.75,0,51,240376.88,SABD0000000001,AAV1.0.0.11,1.1.2.0,PSt7-10,191107-136,2/17/22 12:14,0000-00,0,no battery,V
4/18/22,11:56:46,9,default,199182947,OXY-CH9,7.168,min,257.051,µmol/L,Humid,18.041,deg,91111,µV,28.884,°C,1017,hPa,35.3,pmil,0,55.4,deg,20,°C,100,%a.s.,22.63,deg,20,°C,972,hPa,0.816,-0.01371,0.000397,-0.00013,0,10.11,Humid,22.75,0,51,240384.45,SABD0000000001,AAV1.0.0.11,1.1.2.0,PSt7-10,191107-136,2/17/22 12:14,0000-00,0,no battery,V
4/18/22,11:56:47,9,default,199182947,OXY-CH9,7.184,min,256.885,µmol/L,Humid,18.049,deg,91104,µV,28.88,°C,1017,hPa,35.3,pmil,0,55.4,deg,20,°C,100,%a.s.,22.63,deg,20,°C,972,hPa,0.816,-0.01371,0.000397,-0.00013,0,10.11,Humid,22.75,0,51,240388.53,SABD0000000001,AAV1.0.0.11,1.1.2.0,PSt7-10,191107-136,2/17/22 12:14,0000-00,0,no battery,V
4/18/22,11:56:48,9,default,199182947,OXY-CH9,7.201,min,256.913,µmol/L,Humid,18.047,deg,91099,µV,28.882,°C,1017,hPa,35.3,pmil,0,55.4,deg,20,°C,100,%a.s.,22.63,deg,20,°C,972,hPa,0.816,-0.01371,0.000397,-0.00013,0,10.11,Humid,22.75,0,51,240392.73,SABD0000000001,AAV1.0.0.11,1.1.2.0,PSt7-10,191107-136,2/17/22 12:14,0000-00,0,no battery,V
4/18/22,11:56:49,9,default,199182947,OXY-CH9,7.218,min,257.024,µmol/L,Humid,18.044,deg,91100,µV,28.878,°C,1017,hPa,35.3,pmil,0,55.4,deg,20,°C,100,%a.s.,22.63,deg,20,°C,972,hPa,0.816,-0.01371,0.000397,-0.00013,0,10.11,Humid,22.75,0,51,240395.96,SABD0000000001,AAV1.0.0.11,1.1.2.0,PSt7-10,191107-136,2/17/22 12:14,0000-00,0,no battery,V
4/18/22,11:56:50,9,default,199182947,OXY-CH9,7.234,min,257.118,µmol/L,Humid,18.041,deg,91093,µV,28.875,°C,1017,hPa,35.3,pmil,0,55.4,deg,20,°C,100,%a.s.,22.63,deg,20,°C,972,hPa,0.816,-0.01371,0.000397,-0.00013,0,10.11,Humid,22.75,0,51,240390.95,SABD0000000001,AAV1.0.0.11,1.1.2.0,PSt7-10,191107-136,2/17/22 12:14,0000-00,0,no battery,V
4/18/22,11:56:51,9,default,199182947,OXY-CH9,7.25,min,257.063,µmol/L,Humid,18.042,deg,91089,µV,28.879,°C,1017,hPa,35.3,pmil,0,55.4,deg,20,°C,100,%a.s.,22.63,deg,20,°C,972,hPa,0.816,-0.01371,0.000397,-0.00013,0,10.11,Humid,22.75,0,51,240390.91,SABD0000000001,AAV1.0.0.11,1.1.2.0,PSt7-10,191107-136,2/17/22 12:14,0000-00,0,no battery,V
4/18/22,11:56:52,9,default,199182947,OXY-CH9,7.267,min,257.169,µmol/L,Humid,18.039,deg,91085,µV,28.875,°C,1017,hPa,35.3,pmil,0,55.4,deg,20,°C,100,%a.s.,22.63,deg,20,°C,972,hPa,0.816,-0.01371,0.000397,-0.00013,0,10.11,Humid,22.75,0,51,240388.36,SABD0000000001,AAV1.0.0.11,1.1.2.0,PSt7-10,191107-136,2/17/22 12:14,0000-00,0,no battery,V
4/18/22,11:56:53,9,default,199182947,OXY-CH9,7.284,min,257.094,µmol/L,Humid,18.042,deg,91076,µV,28.875,°C,1017,hPa,35.3,pmil,0,55.4,deg,20,°C,100,%a.s.,22.63,deg,20,°C,972,hPa,0.816,-0.01371,0.000397,-0.00013,0,10.11,Humid,22.75,0,51,240389.8,SABD0000000001,AAV1.0.0.11,1.1.2.0,PSt7-10,191107-136,2/17/22 12:14,0000-00,0,no battery,V
4/18/22,11:56:54,9,default,199182947,OXY-CH9,7.301,min,257.358,µmol/L,Humid,18.035,deg,91074,µV,28.863,°C,1017,hPa,35.3,pmil,0,55.4,deg,20,°C,100,%a.s.,22.63,deg,20,°C,972,hPa,0.816,-0.01371,0.000397,-0.00013,0,10.11,Humid,22.75,0,51,240394.97,SABD0000000001,AAV1.0.0.11,1.1.2.0,PSt7-10,191107-136,2/17/22 12:14,0000-00,0,no battery,V
4/18/22,11:56:55,9,default,199182947,OXY-CH9,7.318,min,257.154,µmol/L,Humid,18.042,deg,91069,µV,28.867,°C,1017,hPa,35.3,pmil,0,55.4,deg,20,°C,100,%a.s.,22.63,deg,20,°C,972,hPa,0.816,-0.01371,0.000397,-0.00013,0,10.11,Humid,22.75,0,51,240385.89,SABD0000000001,AAV1.0.0.11,1.1.2.0,PSt7-10,191107-136,2/17/22 12:14,0000-00,0,no battery,V
4/18/22,11:56:56,9,default,199182947,OXY-CH9,7.334,min,257.365,µmol/L,Humid,18.036,deg,91060,µV,28.859,°C,1017,hPa,35.3,pmil,0,55.4,deg,20,°C,100,%a.s.,22.63,deg,20,°C,972,hPa,0.816,-0.01371,0.000397,-0.00013,0,10.11,Humid,22.75,0,51,240388.23,SABD0000000001,AAV1.0.0.11,1.1.2.0,PSt7-10,191107-136,2/17/22 12:14,0000-00,0,no battery,V
4/18/22,11:56:57,9,default,199182947,OXY-CH9,7.351,min,256.997,µmol/L,Humid,18.043,deg,91056,µV,28.884,°C,1017,hPa,35.3,pmil,0,55.4,deg,20,°C,100,%a.s.,22.63,deg,20,°C,972,hPa,0.816,-0.01371,0.000397,-0.00013,0,10.11,Humid,22.75,0,51,240394.87,SABD0000000001,AAV1.0.0.11,1.1.2.0,PSt7-10,191107-136,2/17/22 12:14,0000-00,0,no battery,V
4/18/22,11:56:58,9,default,199182947,OXY-CH9,7.368,min,257.307,µmol/L,Humid,18.029,deg,91051,µV,28.889,°C,1017,hPa,35.3,pmil,0,55.4,deg,20,°C,100,%a.s.,22.63,deg,20,°C,972,hPa,0.816,-0.01371,0.000397,-0.00013,0,10.11,Humid,22.75,0,51,240396.29,SABD0000000001,AAV1.0.0.11,1.1.2.0,PSt7-10,191107-136,2/17/22 12:14,0000-00,0,no battery,V
4/18/22,11:56:59,9,default,199182947,OXY-CH9,7.384,min,257.315,µmol/L,Humid,18.033,deg,91054,µV,28.875,°C,1017,hPa,35.3,pmil,0,55.4,deg,20,°C,100,%a.s.,22.63,deg,20,°C,972,hPa,0.816,-0.01371,0.000397,-0.00013,0,10.11,Humid,22.75,0,51,240397.5,SABD0000000001,AAV1.0.0.11,1.1.2.0,PSt7-10,191107-136,2/17/22 12:14,0000-00,0,no battery,V
4/18/22,11:57:00,9,default,199182947,OXY-CH9,7.4,min,257.298,µmol/L,Humid,18.035,deg,91042,µV,28.871,°C,1017,hPa,35.3,pmil,0,55.4,deg,20,°C,100,%a.s.,22.63,deg,20,°C,972,hPa,0.816,-0.01371,0.000397,-0.00013,0,10.11,Humid,22.75,0,51,240384.73,SABD0000000001,AAV1.0.0.11,1.1.2.0,PSt7-10,191107-136,2/17/22 12:14,0000-00,0,no battery,V
4/18/22,11:57:01,9,default,199182947,OXY-CH9,7.417,min,257.139,µmol/L,Humid,18.036,deg,91041,µV,28.888,°C,1017,hPa,35.3,pmil,0,55.4,deg,20,°C,100,%a.s.,22.63,deg,20,°C,972,hPa,0.816,-0.01371,0.000397,-0.00013,0,10.11,Humid,22.75,0,51,240394.09,SABD0000000001,AAV1.0.0.11,1.1.2.0,PSt7-10,191107-136,2/17/22 12:14,0000-00,0,no battery,V
4/18/22,11:57:02,9,default,199182947,OXY-CH9,7.434,min,257.058,µmol/L,Humid,18.037,deg,91034,µV,28.895,°C,1017,hPa,35.3,pmil,0,55.4,deg,20,°C,100,%a.s.,22.63,deg,20,°C,972,hPa,0.816,-0.01371,0.000397,-0.00013,0,10.11,Humid,22.75,0,51,240387.67,SABD0000000001,AAV1.0.0.11,1.1.2.0,PSt7-10,191107-136,2/17/22 12:14,0000-00,0,no battery,V
4/18/22,11:57:03,9,default,199182947,OXY-CH9,7.451,min,257.272,µmol/L,Humid,18.031,deg,91039,µV,28.887,°C,1017,hPa,35.3,pmil,0,55.4,deg,20,°C,100,%a.s.,22.63,deg,20,°C,972,hPa,0.816,-0.01371,0.000397,-0.00013,0,10.11,Humid,22.75,0,51,240400.39,SABD0000000001,AAV1.0.0.11,1.1.2.0,PSt7-10,191107-136,2/17/22 12:14,0000-00,0,no battery,V
4/18/22,11:57:04,9,default,199182947,OXY-CH9,7.467,min,257.191,µmol/L,Humid,18.034,deg,91041,µV,28.888,°C,1017,hPa,35.3,pmil,0,55.4,deg,20,°C,100,%a.s.,22.63,deg,20,°C,972,hPa,0.816,-0.01371,0.000397,-0.00013,0,10.11,Humid,22.75,0,51,240406.22,SABD0000000001,AAV1.0.0.11,1.1.2.0,PSt7-10,191107-136,2/17/22 12:14,0000-00,0,no battery,V
4/18/22,11:57:05,9,default,199182947,OXY-CH9,7.484,min,257.191,µmol/L,Humid,18.035,deg,91027,µV,28.885,°C,1017,hPa,35.3,pmil,0,55.4,deg,20,°C,100,%a.s.,22.63,deg,20,°C,972,hPa,0.816,-0.01371,0.000397,-0.00013,0,10.11,Humid,22.75,0,51,240410.94,SABD0000000001,AAV1.0.0.11,1.1.2.0,PSt7-10,191107-136,2/17/22 12:14,0000-00,0,no battery,V
4/18/22,11:57:06,9,default,199182947,OXY-CH9,7.5,min,257.37,µmol/L,Humid,18.029,deg,91028,µV,28.881,°C,1017,hPa,35.3,pmil,0,55.4,deg,20,°C,100,%a.s.,22.63,deg,20,°C,972,hPa,0.816,-0.01371,0.000397,-0.00013,0,10.11,Humid,22.75,0,51,240402.22,SABD0000000001,AAV1.0.0.11,1.1.2.0,PSt7-10,191107-136,2/17/22 12:14,0000-00,0,no battery,V
4/18/22,11:57:07,9,default,199182947,OXY-CH9,7.517,min,257.362,µmol/L,Humid,18.031,deg,91019,µV,28.875,°C,1017,hPa,35.3,pmil,0,55.4,deg,20,°C,100,%a.s.,22.63,deg,20,°C,972,hPa,0.816,-0.01371,0.000397,-0.00013,0,10.11,Humid,22.75,0,51,240399.63,SABD0000000001,AAV1.0.0.11,1.1.2.0,PSt7-10,191107-136,2/17/22 12:14,0000-00,0,no battery,V
4/18/22,11:57:08,9,default,199182947,OXY-CH9,7.534,min,257.298,µmol/L,Humid,18.033,deg,91021,µV,28.877,°C,1017,hPa,35.3,pmil,0,55.4,deg,20,°C,100,%a.s.,22.63,deg,20,°C,972,hPa,0.816,-0.01371,0.000397,-0.00013,0,10.11,Humid,22.75,0,51,240404.94,SABD0000000001,AAV1.0.0.11,1.1.2.0,PSt7-10,191107-136,2/17/22 12:14,0000-00,0,no battery,V
4/18/22,11:57:09,9,default,199182947,OXY-CH9,7.551,min,257.483,µmol/L,Humid,18.028,deg,91021,µV,28.869,°C,1017,hPa,35.3,pmil,0,55.4,deg,20,°C,100,%a.s.,22.63,deg,20,°C,972,hPa,0.816,-0.01371,0.000397,-0.00013,0,10.11,Humid,22.75,0,51,240398.05,SABD0000000001,AAV1.0.0.11,1.1.2.0,PSt7-10,191107-136,2/17/22 12:14,0000-00,0,no battery,V
4/18/22,11:57:10,9,default,199182947,OXY-CH9,7.567,min,257.452,µmol/L,Humid,18.029,deg,91006,µV,28.87,°C,1017,hPa,35.3,pmil,0,55.4,deg,20,°C,100,%a.s.,22.63,deg,20,°C,972,hPa,0.816,-0.01371,0.000397,-0.00013,0,10.11,Humid,22.75,0,51,240404.43,SABD0000000001,AAV1.0.0.11,1.1.2.0,PSt7-10,191107-136,2/17/22 12:14,0000-00,0,no battery,V
4/18/22,11:57:11,9,default,199182947,OXY-CH9,7.584,min,257.448,µmol/L,Humid,18.025,deg,91004,µV,28.883,°C,1017,hPa,35.3,pmil,0,55.4,deg,20,°C,100,%a.s.,22.63,deg,20,°C,972,hPa,0.816,-0.01371,0.000397,-0.00013,0,10.11,Humid,22.75,0,51,240410.45,SABD0000000001,AAV1.0.0.11,1.1.2.0,PSt7-10,191107-136,2/17/22 12:14,0000-00,0,no battery,V
4/18/22,11:57:12,9,default,199182947,OXY-CH9,7.601,min,257.522,µmol/L,Humid,18.026,deg,91008,µV,28.871,°C,1017,hPa,35.3,pmil,0,55.4,deg,20,°C,100,%a.s.,22.63,deg,20,°C,972,hPa,0.816,-0.01371,0.000397,-0.00013,0,10.11,Humid,22.75,0,51,240407.2,SABD0000000001,AAV1.0.0.11,1.1.2.0,PSt7-10,191107-136,2/17/22 12:14,0000-00,0,no battery,V
4/18/22,11:57:13,9,default,199182947,OXY-CH9,7.618,min,257.558,µmol/L,Humid,18.024,deg,90997,µV,28.872,°C,1017,hPa,35.3,pmil,0,55.4,deg,20,°C,100,%a.s.,22.63,deg,20,°C,972,hPa,0.816,-0.01371,0.000397,-0.00013,0,10.11,Humid,22.75,0,51,240416.56,SABD0000000001,AAV1.0.0.11,1.1.2.0,PSt7-10,191107-136,2/17/22 12:14,0000-00,0,no battery,V
4/18/22,11:57:14,9,default,199182947,OXY-CH9,7.634,min,257.672,µmol/L,Humid,18.021,deg,90993,µV,28.867,°C,1017,hPa,35.3,pmil,0,55.4,deg,20,°C,100,%a.s.,22.63,deg,20,°C,972,hPa,0.816,-0.01371,0.000397,-0.00013,0,10.11,Humid,22.75,0,51,240414.34,SABD0000000001,AAV1.0.0.11,1.1.2.0,PSt7-10,191107-136,2/17/22 12:14,0000-00,0,no battery,V
4/18/22,11:57:15,9,default,199182947,OXY-CH9,7.651,min,257.607,µmol/L,Humid,18.027,deg,90993,µV,28.857,°C,1017,hPa,35.3,pmil,0,55.4,deg,20,°C,100,%a.s.,22.63,deg,20,°C,972,hPa,0.816,-0.01371,0.000397,-0.00013,0,10.11,Humid,22.75,0,51,240397.9,SABD0000000001,AAV1.0.0.11,1.1.2.0,PSt7-10,191107-136,2/17/22 12:14,0000-00,0,no battery,V
4/18/22,11:57:16,9,default,199182947,OXY-CH9,7.668,min,257.479,µmol/L,Humid,18.027,deg,90991,µV,28.873,°C,1017,hPa,35.3,pmil,0,55.4,deg,20,°C,100,%a.s.,22.63,deg,20,°C,972,hPa,0.816,-0.01371,0.000397,-0.00013,0,10.11,Humid,22.75,0,51,240404.51,SABD0000000001,AAV1.0.0.11,1.1.2.0,PSt7-10,191107-136,2/17/22 12:14,0000-00,0,no battery,V
4/18/22,11:57:17,9,default,199182947,OXY-CH9,7.685,min,257.634,µmol/L,Humid,18.026,deg,90985,µV,28.856,°C,1017,hPa,35.3,pmil,0,55.4,deg,20,°C,100,%a.s.,22.63,deg,20,°C,972,hPa,0.816,-0.01371,0.000397,-0.00013,0,10.11,Humid,22.75,0,51,240409.55,SABD0000000001,AAV1.0.0.11,1.1.2.0,PSt7-10,191107-136,2/17/22 12:14,0000-00,0,no battery,V
4/18/22,11:57:18,9,default,199182947,OXY-CH9,7.701,min,257.709,µmol/L,Humid,18.019,deg,90983,µV,28.869,°C,1017,hPa,35.3,pmil,0,55.4,deg,20,°C,100,%a.s.,22.63,deg,20,°C,972,hPa,0.816,-0.01371,0.000397,-0.00013,0,10.11,Humid,22.75,0,51,240401.5,SABD0000000001,AAV1.0.0.11,1.1.2.0,PSt7-10,191107-136,2/17/22 12:14,0000-00,0,no battery,V
4/18/22,11:57:19,9,default,199182947,OXY-CH9,7.717,min,257.528,µmol/L,Humid,18.02,deg,90975,µV,28.889,°C,1017,hPa,35.3,pmil,0,55.4,deg,20,°C,100,%a.s.,22.63,deg,20,°C,972,hPa,0.816,-0.01371,0.000397,-0.00013,0,10.11,Humid,22.75,0,51,240396.75,SABD0000000001,AAV1.0.0.11,1.1.2.0,PSt7-10,191107-136,2/17/22 12:14,0000-00,0,no battery,V
4/18/22,11:57:20,9,default,199182947,OXY-CH9,7.734,min,257.461,µmol/L,Humid,18.021,deg,90980,µV,28.894,°C,1017,hPa,35.3,pmil,0,55.4,deg,20,°C,100,%a.s.,22.63,deg,20,°C,972,hPa,0.816,-0.01371,0.000397,-0.00013,0,10.11,Humid,22.75,0,51,240407.88,SABD0000000001,AAV1.0.0.11,1.1.2.0,PSt7-10,191107-136,2/17/22 12:14,0000-00,0,no battery,V
4/18/22,11:57:21,9,default,199182947,OXY-CH9,7.751,min,257.476,µmol/L,Humid,18.021,deg,90964,µV,28.892,°C,1017,hPa,35.3,pmil,0,55.4,deg,20,°C,100,%a.s.,22.63,deg,20,°C,972,hPa,0.816,-0.01371,0.000397,-0.00013,0,10.11,Humid,22.75,0,51,240406.74,SABD0000000001,AAV1.0.0.11,1.1.2.0,PSt7-10,191107-136,2/17/22 12:14,0000-00,0,no battery,V
4/18/22,11:57:22,9,default,199182947,OXY-CH9,7.768,min,257.69,µmol/L,Humid,18.02,deg,90979,µV,28.868,°C,1017,hPa,35.3,pmil,0,55.4,deg,20,°C,100,%a.s.,22.63,deg,20,°C,972,hPa,0.816,-0.01371,0.000397,-0.00013,0,10.11,Humid,22.75,0,51,240407.56,SABD0000000001,AAV1.0.0.11,1.1.2.0,PSt7-10,191107-136,2/17/22 12:14,0000-00,0,no battery,V
4/18/22,11:57:23,9,default,199182947,OXY-CH9,7.784,min,257.68,µmol/L,Humid,18.017,deg,90968,µV,28.879,°C,1017,hPa,35.3,pmil,0,55.4,deg,20,°C,100,%a.s.,22.63,deg,20,°C,972,hPa,0.816,-0.01371,0.000397,-0.00013,0,10.11,Humid,22.75,0,51,240415.36,SABD0000000001,AAV1.0.0.11,1.1.2.0,PSt7-10,191107-136,2/17/22 12:14,0000-00,0,no battery,V
4/18/22,11:57:24,9,default,199182947,OXY-CH9,7.8,min,257.72,µmol/L,Humid,18.017,deg,90960,µV,28.874,°C,1017,hPa,35.3,pmil,0,55.4,deg,20,°C,100,%a.s.,22.63,deg,20,°C,972,hPa,0.816,-0.01371,0.000397,-0.00013,0,10.11,Humid,22.75,0,51,240411.57,SABD0000000001,AAV1.0.0.11,1.1.2.0,PSt7-10,191107-136,2/17/22 12:14,0000-00,0,no battery,V
4/18/22,11:57:25,9,default,199182947,OXY-CH9,7.817,min,257.634,µmol/L,Humid,18.017,deg,90959,µV,28.885,°C,1017,hPa,35.3,pmil,0,55.4,deg,20,°C,100,%a.s.,22.63,deg,20,°C,972,hPa,0.816,-0.01371,0.000397,-0.00013,0,10.11,Humid,22.75,0,51,240411.34,SABD0000000001,AAV1.0.0.11,1.1.2.0,PSt7-10,191107-136,2/17/22 12:14,0000-00,0,no battery,V
4/18/22,11:57:26,9,default,199182947,OXY-CH9,7.834,min,257.742,µmol/L,Humid,18.014,deg,90953,µV,28.88,°C,1017,hPa,35.3,pmil,0,55.4,deg,20,°C,100,%a.s.,22.63,deg,20,°C,972,hPa,0.816,-0.01371,0.000397,-0.00013,0,10.11,Humid,22.75,0,51,240417.93,SABD0000000001,AAV1.0.0.11,1.1.2.0,PSt7-10,191107-136,2/17/22 12:14,0000-00,0,no battery,V
4/18/22,11:57:27,9,default,199182947,OXY-CH9,7.851,min,257.818,µmol/L,Humid,18.015,deg,90947,µV,28.867,°C,1017,hPa,35.3,pmil,0,55.4,deg,20,°C,100,%a.s.,22.63,deg,20,°C,972,hPa,0.816,-0.01371,0.000397,-0.00013,0,10.11,Humid,22.75,0,51,240412.24,SABD0000000001,AAV1.0.0.11,1.1.2.0,PSt7-10,191107-136,2/17/22 12:14,0000-00,0,no battery,V
4/18/22,11:57:28,9,default,199182947,OXY-CH9,7.867,min,257.926,µmol/L,Humid,18.013,deg,90943,µV,28.86,°C,1017,hPa,35.3,pmil,0,55.4,deg,20,°C,100,%a.s.,22.63,deg,20,°C,972,hPa,0.816,-0.01371,0.000397,-0.00013,0,10.11,Humid,22.75,0,51,240413.57,SABD0000000001,AAV1.0.0.11,1.1.2.0,PSt7-10,191107-136,2/17/22 12:14,0000-00,0,no battery,V
4/18/22,11:57:29,9,default,199182947,OXY-CH9,7.884,min,257.643,µmol/L,Humid,18.018,deg,90939,µV,28.88,°C,1017,hPa,35.3,pmil,0,55.4,deg,20,°C,100,%a.s.,22.63,deg,20,°C,972,hPa,0.816,-0.01371,0.000397,-0.00013,0,10.11,Humid,22.75,0,51,240404.91,SABD0000000001,AAV1.0.0.11,1.1.2.0,PSt7-10,191107-136,2/17/22 12:14,0000-00,0,no battery,V
4/18/22,11:57:30,9,default,199182947,OXY-CH9,7.901,min,257.842,µmol/L,Humid,18.011,deg,90934,µV,28.877,°C,1017,hPa,35.3,pmil,0,55.4,deg,20,°C,100,%a.s.,22.63,deg,20,°C,972,hPa,0.816,-0.01371,0.000397,-0.00013,0,10.11,Humid,22.75,0,51,240412.26,SABD0000000001,AAV1.0.0.11,1.1.2.0,PSt7-10,191107-136,2/17/22 12:14,0000-00,0,no battery,V
4/18/22,11:57:31,9,default,199182947,OXY-CH9,7.918,min,257.849,µmol/L,Humid,18.009,deg,90932,µV,28.882,°C,1017,hPa,35.3,pmil,0,55.4,deg,20,°C,100,%a.s.,22.63,deg,20,°C,972,hPa,0.816,-0.01371,0.000397,-0.00013,0,10.11,Humid,22.75,0,51,240412.91,SABD0000000001,AAV1.0.0.11,1.1.2.0,PSt7-10,191107-136,2/17/22 12:14,0000-00,0,no battery,V
4/18/22,11:57:32,9,default,199182947,OXY-CH9,7.935,min,257.999,µmol/L,Humid,18.008,deg,90935,µV,28.866,°C,1017,hPa,35.3,pmil,0,55.4,deg,20,°C,100,%a.s.,22.63,deg,20,°C,972,hPa,0.816,-0.01371,0.000397,-0.00013,0,10.11,Humid,22.75,0,51,240419.24,SABD0000000001,AAV1.0.0.11,1.1.2.0,PSt7-10,191107-136,2/17/22 12:14,0000-00,0,no battery,V
4/18/22,11:57:33,9,default,199182947,OXY-CH9,7.951,min,257.94,µmol/L,Humid,18.009,deg,90926,µV,28.871,°C,1017,hPa,35.3,pmil,0,55.4,deg,20,°C,100,%a.s.,22.63,deg,20,°C,972,hPa,0.816,-0.01371,0.000397,-0.00013,0,10.11,Humid,22.75,0,51,240421.76,SABD0000000001,AAV1.0.0.11,1.1.2.0,PSt7-10,191107-136,2/17/22 12:14,0000-00,0,no battery,V
4/18/22,11:57:34,9,default,199182947,OXY-CH9,7.967,min,257.918,µmol/L,Humid,18.009,deg,90929,µV,28.873,°C,1017,hPa,35.3,pmil,0,55.4,deg,20,°C,100,%a.s.,22.63,deg,20,°C,972,hPa,0.816,-0.01371,0.000397,-0.00013,0,10.11,Humid,22.75,0,51,240425.63,SABD0000000001,AAV1.0.0.11,1.1.2.0,PSt7-10,191107-136,2/17/22 12:14,0000-00,0,no battery,V
4/18/22,11:57:35,9,default,199182947,OXY-CH9,7.984,min,258.048,µmol/L,Humid,18.008,deg,90923,µV,28.86,°C,1017,hPa,35.3,pmil,0,55.4,deg,20,°C,100,%a.s.,22.63,deg,20,°C,972,hPa,0.816,-0.01371,0.000397,-0.00013,0,10.11,Humid,22.75,0,51,240423.31,SABD0000000001,AAV1.0.0.11,1.1.2.0,PSt7-10,191107-136,2/17/22 12:14,0000-00,0,no battery,V
4/18/22,11:57:36,9,default,199182947,OXY-CH9,8.001,min,258.016,µmol/L,Humid,18.009,deg,90914,µV,28.861,°C,1017,hPa,35.3,pmil,0,55.4,deg,20,°C,100,%a.s.,22.63,deg,20,°C,972,hPa,0.816,-0.01371,0.000397,-0.00013,0,10.11,Humid,22.75,0,51,240419.99,SABD0000000001,AAV1.0.0.11,1.1.2.0,PSt7-10,191107-136,2/17/22 12:14,0000-00,0,no battery,V
4/18/22,11:57:37,9,default,199182947,OXY-CH9,8.017,min,258.016,µmol/L,Humid,18.008,deg,90916,µV,28.864,°C,1017,hPa,35.3,pmil,0,55.4,deg,20,°C,100,%a.s.,22.63,deg,20,°C,972,hPa,0.816,-0.01371,0.000397,-0.00013,0,10.11,Humid,22.75,0,51,240413.75,SABD0000000001,AAV1.0.0.11,1.1.2.0,PSt7-10,191107-136,2/17/22 12:14,0000-00,0,no battery,V
4/18/22,11:57:38,9,default,199182947,OXY-CH9,8.034,min,258.005,µmol/L,Humid,18.007,deg,90906,µV,28.869,°C,1017,hPa,35.3,pmil,0,55.4,deg,20,°C,100,%a.s.,22.63,deg,20,°C,972,hPa,0.816,-0.01371,0.000397,-0.00013,0,10.11,Humid,22.75,0,51,240424.92,SABD0000000001,AAV1.0.0.11,1.1.2.0,PSt7-10,191107-136,2/17/22 12:14,0000-00,0,no battery,V
4/18/22,11:57:39,9,default,199182947,OXY-CH9,8.051,min,257.961,µmol/L,Humid,18.008,deg,90906,µV,28.871,°C,1017,hPa,35.3,pmil,0,55.4,deg,20,°C,100,%a.s.,22.63,deg,20,°C,972,hPa,0.816,-0.01371,0.000397,-0.00013,0,10.11,Humid,22.75,0,51,240426.63,SABD0000000001,AAV1.0.0.11,1.1.2.0,PSt7-10,191107-136,2/17/22 12:14,0000-00,0,no battery,V
4/18/22,11:57:40,9,default,199182947,OXY-CH9,8.068,min,257.847,µmol/L,Humid,18.008,deg,90912,µV,28.886,°C,1017,hPa,35.3,pmil,0,55.4,deg,20,°C,100,%a.s.,22.63,deg,20,°C,972,hPa,0.816,-0.01371,0.000397,-0.00013,0,10.11,Humid,22.75,0,51,240435.07,SABD0000000001,AAV1.0.0.11,1.1.2.0,PSt7-10,191107-136,2/17/22 12:14,0000-00,0,no battery,V
4/18/22,11:57:41,9,default,199182947,OXY-CH9,8.084,min,258.045,µmol/L,Humid,18.002,deg,90896,µV,28.879,°C,1017,hPa,35.3,pmil,0,55.4,deg,20,°C,100,%a.s.,22.63,deg,20,°C,972,hPa,0.816,-0.01371,0.000397,-0.00013,0,10.11,Humid,22.75,0,51,240430.89,SABD0000000001,AAV1.0.0.11,1.1.2.0,PSt7-10,191107-136,2/17/22 12:14,0000-00,0,no battery,V
4/18/22,11:57:42,9,default,199182947,OXY-CH9,8.101,min,258.055,µmol/L,Humid,18.003,deg,90893,µV,28.875,°C,1017,hPa,35.3,pmil,0,55.4,deg,20,°C,100,%a.s.,22.63,deg,20,°C,972,hPa,0.816,-0.01371,0.000397,-0.00013,0,10.11,Humid,22.75,0,51,240431.37,SABD0000000001,AAV1.0.0.11,1.1.2.0,PSt7-10,191107-136,2/17/22 12:14,0000-00,0,no battery,V
4/18/22,11:57:43,9,default,199182947,OXY-CH9,8.118,min,258.052,µmol/L,Humid,18.001,deg,90887,µV,28.881,°C,1017,hPa,35.3,pmil,0,55.4,deg,20,°C,100,%a.s.,22.63,deg,20,°C,972,hPa,0.816,-0.01371,0.000397,-0.00013,0,10.11,Humid,22.75,0,51,240426.94,SABD0000000001,AAV1.0.0.11,1.1.2.0,PSt7-10,191107-136,2/17/22 12:14,0000-00,0,no battery,V
4/18/22,11:57:44,9,default,199182947,OXY-CH9,8.134,min,258.228,µmol/L,Humid,17.998,deg,90892,µV,28.869,°C,1017,hPa,35.3,pmil,0,55.4,deg,20,°C,100,%a.s.,22.63,deg,20,°C,972,hPa,0.816,-0.01371,0.000397,-0.00013,0,10.11,Humid,22.75,0,51,240434.12,SABD0000000001,AAV1.0.0.11,1.1.2.0,PSt7-10,191107-136,2/17/22 12:14,0000-00,0,no battery,V
4/18/22,11:57:45,9,default,199182947,OXY-CH9,8.151,min,258.098,µmol/L,Humid,18.003,deg,90879,µV,28.869,°C,1017,hPa,35.3,pmil,0,55.4,deg,20,°C,100,%a.s.,22.63,deg,20,°C,972,hPa,0.816,-0.01371,0.000397,-0.00013,0,10.11,Humid,22.75,0,51,240429.2,SABD0000000001,AAV1.0.0.11,1.1.2.0,PSt7-10,191107-136,2/17/22 12:14,0000-00,0,no battery,V
4/18/22,11:57:46,9,default,199182947,OXY-CH9,8.168,min,258.125,µmol/L,Humid,18.002,deg,90880,µV,28.869,°C,1017,hPa,35.3,pmil,0,55.4,deg,20,°C,100,%a.s.,22.63,deg,20,°C,972,hPa,0.816,-0.01371,0.000397,-0.00013,0,10.11,Humid,22.75,0,51,240430.55,SABD0000000001,AAV1.0.0.11,1.1.2.0,PSt7-10,191107-136,2/17/22 12:14,0000-00,0,no battery,V
4/18/22,11:57:47,9,default,199182947,OXY-CH9,8.184,min,258.263,µmol/L,Humid,18,deg,90879,µV,28.858,°C,1017,hPa,35.3,pmil,0,55.4,deg,20,°C,100,%a.s.,22.63,deg,20,°C,972,hPa,0.816,-0.01371,0.000397,-0.00013,0,10.11,Humid,22.75,0,51,240441.59,SABD0000000001,AAV1.0.0.11,1.1.2.0,PSt7-10,191107-136,2/17/22 12:14,0000-00,0,no battery,V
4/18/22,11:57:48,9,default,199182947,OXY-CH9,8.201,min,258.27,µmol/L,Humid,18.001,deg,90873,µV,28.854,°C,1017,hPa,35.3,pmil,0,55.4,deg,20,°C,100,%a.s.,22.63,deg,20,°C,972,hPa,0.816,-0.01371,0.000397,-0.00013,0,10.11,Humid,22.75,0,51,240426.49,SABD0000000001,AAV1.0.0.11,1.1.2.0,PSt7-10,191107-136,2/17/22 12:14,0000-00,0,no battery,V
4/18/22,11:57:49,9,default,199182947,OXY-CH9,8.217,min,258.195,µmol/L,Humid,17.999,deg,90878,µV,28.87,°C,1017,hPa,35.3,pmil,0,55.4,deg,20,°C,100,%a.s.,22.63,deg,20,°C,972,hPa,0.816,-0.01371,0.000397,-0.00013,0,10.11,Humid,22.75,0,51,240445.35,SABD0000000001,AAV1.0.0.11,1.1.2.0,PSt7-10,191107-136,2/17/22 12:14,0000-00,0,no battery,V
4/18/22,11:57:50,9,default,199182947,OXY-CH9,8.234,min,258.174,µmol/L,Humid,17.998,deg,90869,µV,28.875,°C,1017,hPa,35.3,pmil,0,55.4,deg,20,°C,100,%a.s.,22.63,deg,20,°C,972,hPa,0.816,-0.01371,0.000397,-0.00013,0,10.11,Humid,22.75,0,51,240434.52,SABD0000000001,AAV1.0.0.11,1.1.2.0,PSt7-10,191107-136,2/17/22 12:14,0000-00,0,no battery,V
4/18/22,11:57:51,9,default,199182947,OXY-CH9,8.251,min,258.306,µmol/L,Humid,17.996,deg,90862,µV,28.865,°C,1017,hPa,35.3,pmil,0,55.4,deg,20,°C,100,%a.s.,22.63,deg,20,°C,972,hPa,0.816,-0.01371,0.000397,-0.00013,0,10.11,Humid,22.75,0,51,240444.95,SABD0000000001,AAV1.0.0.11,1.1.2.0,PSt7-10,191107-136,2/17/22 12:14,0000-00,0,no battery,V
4/18/22,11:57:52,9,default,199182947,OXY-CH9,8.267,min,258.221,µmol/L,Humid,17.999,deg,90861,µV,28.866,°C,1017,hPa,35.3,pmil,0,55.4,deg,20,°C,100,%a.s.,22.63,deg,20,°C,972,hPa,0.816,-0.01371,0.000397,-0.00013,0,10.11,Humid,22.75,0,51,240428.7,SABD0000000001,AAV1.0.0.11,1.1.2.0,PSt7-10,191107-136,2/17/22 12:14,0000-00,0,no battery,V
4/18/22,11:57:53,9,default,199182947,OXY-CH9,8.284,min,258.361,µmol/L,Humid,17.996,deg,90856,µV,28.858,°C,1017,hPa,35.3,pmil,0,55.4,deg,20,°C,100,%a.s.,22.63,deg,20,°C,972,hPa,0.816,-0.01371,0.000397,-0.00013,0,10.11,Humid,22.75,0,51,240438.77,SABD0000000001,AAV1.0.0.11,1.1.2.0,PSt7-10,191107-136,2/17/22 12:14,0000-00,0,no battery,V
4/18/22,11:57:54,9,default,199182947,OXY-CH9,8.301,min,258.329,µmol/L,Humid,17.996,deg,90850,µV,28.862,°C,1017,hPa,35.3,pmil,0,55.4,deg,20,°C,100,%a.s.,22.63,deg,20,°C,972,hPa,0.816,-0.01371,0.000397,-0.00013,0,10.11,Humid,22.75,0,51,240436.67,SABD0000000001,AAV1.0.0.11,1.1.2.0,PSt7-10,191107-136,2/17/22 12:14,0000-00,0,no battery,V
4/18/22,11:57:55,9,default,199182947,OXY-CH9,8.318,min,258.3,µmol/L,Humid,17.993,deg,90848,µV,28.875,°C,1017,hPa,35.3,pmil,0,55.4,deg,20,°C,100,%a.s.,22.63,deg,20,°C,972,hPa,0.816,-0.01371,0.000397,-0.00013,0,10.11,Humid,22.75,0,51,240442.4,SABD0000000001,AAV1.0.0.11,1.1.2.0,PSt7-10,191107-136,2/17/22 12:14,0000-00,0,no battery,V
4/18/22,11:57:56,9,default,199182947,OXY-CH9,8.334,min,258.319,µmol/L,Humid,17.998,deg,90851,µV,28.857,°C,1017,hPa,35.3,pmil,0,55.4,deg,20,°C,100,%a.s.,22.63,deg,20,°C,972,hPa,0.816,-0.01371,0.000397,-0.00013,0,10.11,Humid,22.75,0,51,240438.36,SABD0000000001,AAV1.0.0.11,1.1.2.0,PSt7-10,191107-136,2/17/22 12:14,0000-00,0,no battery,V
4/18/22,11:57:57,9,default,199182947,OXY-CH9,8.351,min,258.449,µmol/L,Humid,17.99,deg,90848,µV,28.866,°C,1017,hPa,35.3,pmil,0,55.4,deg,20,°C,100,%a.s.,22.63,deg,20,°C,972,hPa,0.816,-0.01371,0.000397,-0.00013,0,10.11,Humid,22.75,0,51,240439.78,SABD0000000001,AAV1.0.0.11,1.1.2.0,PSt7-10,191107-136,2/17/22 12:14,0000-00,0,no battery,V
4/18/22,11:57:58,9,default,199182947,OXY-CH9,8.368,min,258.241,µmol/L,Humid,17.994,deg,90829,µV,28.879,°C,1017,hPa,35.3,pmil,0,55.4,deg,20,°C,100,%a.s.,22.63,deg,20,°C,972,hPa,0.816,-0.01371,0.000397,-0.00013,0,10.11,Humid,22.75,0,51,240446.17,SABD0000000001,AAV1.0.0.11,1.1.2.0,PSt7-10,191107-136,2/17/22 12:14,0000-00,0,no battery,V
4/18/22,11:57:59,9,default,199182947,OXY-CH9,8.384,min,258.231,µmol/L,Humid,17.994,deg,90837,µV,28.881,°C,1017,hPa,35.3,pmil,0,55.4,deg,20,°C,100,%a.s.,22.63,deg,20,°C,972,hPa,0.816,-0.01371,0.000397,-0.00013,0,10.11,Humid,22.75,0,51,240444.67,SABD0000000001,AAV1.0.0.11,1.1.2.0,PSt7-10,191107-136,2/17/22 12:14,0000-00,0,no battery,V
4/18/22,11:58:00,9,default,199182947,OXY-CH9,8.4,min,258.391,µmol/L,Humid,17.991,deg,90829,µV,28.87,°C,1017,hPa,35.3,pmil,0,55.4,deg,20,°C,100,%a.s.,22.63,deg,20,°C,972,hPa,0.816,-0.01371,0.000397,-0.00013,0,10.11,Humid,22.75,0,51,240442.9,SABD0000000001,AAV1.0.0.11,1.1.2.0,PSt7-10,191107-136,2/17/22 12:14,0000-00,0,no battery,V
4/18/22,11:58:01,9,default,199182947,OXY-CH9,8.417,min,258.378,µmol/L,Humid,17.991,deg,90825,µV,28.871,°C,1017,hPa,35.3,pmil,0,55.4,deg,20,°C,100,%a.s.,22.63,deg,20,°C,972,hPa,0.816,-0.01371,0.000397,-0.00013,0,10.11,Humid,22.75,0,51,240443.44,SABD0000000001,AAV1.0.0.11,1.1.2.0,PSt7-10,191107-136,2/17/22 12:14,0000-00,0,no battery,V
4/18/22,11:58:02,9,default,199182947,OXY-CH9,8.434,min,258.258,µmol/L,Humid,17.993,deg,90816,µV,28.88,°C,1017,hPa,35.3,pmil,0,55.4,deg,20,°C,100,%a.s.,22.63,deg,20,°C,972,hPa,0.816,-0.01371,0.000397,-0.00013,0,10.11,Humid,22.75,0,51,240449.29,SABD0000000001,AAV1.0.0.11,1.1.2.0,PSt7-10,191107-136,2/17/22 12:14,0000-00,0,no battery,V
4/18/22,11:58:03,9,default,199182947,OXY-CH9,8.451,min,258.299,µmol/L,Humid,17.993,deg,90826,µV,28.875,°C,1017,hPa,35.3,pmil,0,55.4,deg,20,°C,100,%a.s.,22.63,deg,20,°C,972,hPa,0.816,-0.01371,0.000397,-0.00013,0,10.11,Humid,22.75,0,51,240453.82,SABD0000000001,AAV1.0.0.11,1.1.2.0,PSt7-10,191107-136,2/17/22 12:14,0000-00,0,no battery,V
4/18/22,11:58:04,9,default,199182947,OXY-CH9,8.468,min,258.545,µmol/L,Humid,17.986,deg,90815,µV,28.866,°C,1017,hPa,35.3,pmil,0,55.4,deg,20,°C,100,%a.s.,22.63,deg,20,°C,972,hPa,0.816,-0.01371,0.000397,-0.00013,0,10.11,Humid,22.75,0,51,240443.77,SABD0000000001,AAV1.0.0.11,1.1.2.0,PSt7-10,191107-136,2/17/22 12:14,0000-00,0,no battery,V
4/18/22,11:58:05,9,default,199182947,OXY-CH9,8.484,min,258.404,µmol/L,Humid,17.988,deg,90816,µV,28.877,°C,1017,hPa,35.3,pmil,0,55.4,deg,20,°C,100,%a.s.,22.63,deg,20,°C,972,hPa,0.816,-0.01371,0.000397,-0.00013,0,10.11,Humid,22.75,0,51,240442.73,SABD0000000001,AAV1.0.0.11,1.1.2.0,PSt7-10,191107-136,2/17/22 12:14,0000-00,0,no battery,V
4/18/22,11:58:06,9,default,199182947,OXY-CH9,8.501,min,258.547,µmol/L,Humid,17.987,deg,90811,µV,28.863,°C,1017,hPa,35.3,pmil,0,55.4,deg,20,°C,100,%a.s.,22.63,deg,20,°C,972,hPa,0.816,-0.01371,0.000397,-0.00013,0,10.11,Humid,22.75,0,51,240442.93,SABD0000000001,AAV1.0.0.11,1.1.2.0,PSt7-10,191107-136,2/17/22 12:14,0000-00,0,no battery,V
4/18/22,11:58:07,9,default,199182947,OXY-CH9,8.518,min,258.523,µmol/L,Humid,17.986,deg,90812,µV,28.869,°C,1017,hPa,35.3,pmil,0,55.4,deg,20,°C,100,%a.s.,22.63,deg,20,°C,972,hPa,0.816,-0.01371,0.000397,-0.00013,0,10.11,Humid,22.75,0,51,240455.73,SABD0000000001,AAV1.0.0.11,1.1.2.0,PSt7-10,191107-136,2/17/22 12:14,0000-00,0,no battery,V
4/18/22,11:58:08,9,default,199182947,OXY-CH9,8.534,min,258.499,µmol/L,Humid,17.984,deg,90806,µV,28.878,°C,1017,hPa,35.3,pmil,0,55.4,deg,20,°C,100,%a.s.,22.63,deg,20,°C,972,hPa,0.816,-0.01371,0.000397,-0.00013,0,10.11,Humid,22.75,0,51,240461.17,SABD0000000001,AAV1.0.0.11,1.1.2.0,PSt7-10,191107-136,2/17/22 12:14,0000-00,0,no battery,V
4/18/22,11:58:09,9,default,199182947,OXY-CH9,8.55,min,258.474,µmol/L,Humid,17.988,deg,90793,µV,28.869,°C,1017,hPa,35.3,pmil,0,55.4,deg,20,°C,100,%a.s.,22.63,deg,20,°C,972,hPa,0.816,-0.01371,0.000397,-0.00013,0,10.11,Humid,22.75,0,51,240440.51,SABD0000000001,AAV1.0.0.11,1.1.2.0,PSt7-10,191107-136,2/17/22 12:14,0000-00,0,no battery,V
4/18/22,11:58:10,9,default,199182947,OXY-CH9,8.567,min,258.634,µmol/L,Humid,17.981,deg,90799,µV,28.87,°C,1017,hPa,35.3,pmil,0,55.4,deg,20,°C,100,%a.s.,22.63,deg,20,°C,972,hPa,0.816,-0.01371,0.000397,-0.00013,0,10.11,Humid,22.75,0,51,240456.7,SABD0000000001,AAV1.0.0.11,1.1.2.0,PSt7-10,191107-136,2/17/22 12:14,0000-00,0,no battery,V
4/18/22,11:58:11,9,default,199182947,OXY-CH9,8.584,min,258.631,µmol/L,Humid,17.985,deg,90796,µV,28.858,°C,1017,hPa,35.3,pmil,0,55.4,deg,20,°C,100,%a.s.,22.63,deg,20,°C,972,hPa,0.816,-0.01371,0.000397,-0.00013,0,10.11,Humid,22.75,0,51,240455.57,SABD0000000001,AAV1.0.0.11,1.1.2.0,PSt7-10,191107-136,2/17/22 12:14,0000-00,0,no battery,V
4/18/22,11:58:12,9,default,199182947,OXY-CH9,8.6,min,258.533,µmol/L,Humid,17.983,deg,90787,µV,28.877,°C,1017,hPa,35.3,pmil,0,55.4,deg,20,°C,100,%a.s.,22.63,deg,20,°C,972,hPa,0.816,-0.01371,0.000397,-0.00013,0,10.11,Humid,22.75,0,51,240449.82,SABD0000000001,AAV1.0.0.11,1.1.2.0,PSt7-10,191107-136,2/17/22 12:14,0000-00,0,no battery,V
4/18/22,11:58:13,9,default,199182947,OXY-CH9,8.617,min,258.573,µmol/L,Humid,17.982,deg,90787,µV,28.875,°C,1017,hPa,35.3,pmil,0,55.4,deg,20,°C,100,%a.s.,22.63,deg,20,°C,972,hPa,0.816,-0.01371,0.000397,-0.00013,0,10.11,Humid,22.75,0,51,240458.52,SABD0000000001,AAV1.0.0.11,1.1.2.0,PSt7-10,191107-136,2/17/22 12:14,0000-00,0,no battery,V
4/18/22,11:58:14,9,default,199182947,OXY-CH9,8.634,min,258.582,µmol/L,Humid,17.985,deg,90791,µV,28.864,°C,1017,hPa,35.3,pmil,0,55.4,deg,20,°C,100,%a.s.,22.63,deg,20,°C,972,hPa,0.816,-0.01371,0.000397,-0.00013,0,10.11,Humid,22.75,0,51,240464.98,SABD0000000001,AAV1.0.0.11,1.1.2.0,PSt7-10,191107-136,2/17/22 12:14,0000-00,0,no battery,V
4/18/22,11:58:15,9,default,199182947,OXY-CH9,8.651,min,258.604,µmol/L,Humid,17.983,deg,90784,µV,28.868,°C,1017,hPa,35.3,pmil,0,55.4,deg,20,°C,100,%a.s.,22.63,deg,20,°C,972,hPa,0.816,-0.01371,0.000397,-0.00013,0,10.11,Humid,22.75,0,51,240470.52,SABD0000000001,AAV1.0.0.11,1.1.2.0,PSt7-10,191107-136,2/17/22 12:14,0000-00,0,no battery,V
4/18/22,11:58:16,9,default,199182947,OXY-CH9,8.667,min,258.646,µmol/L,Humid,17.981,deg,90779,µV,28.869,°C,1017,hPa,35.3,pmil,0,55.4,deg,20,°C,100,%a.s.,22.63,deg,20,°C,972,hPa,0.816,-0.01371,0.000397,-0.00013,0,10.11,Humid,22.75,0,51,240460.34,SABD0000000001,AAV1.0.0.11,1.1.2.0,PSt7-10,191107-136,2/17/22 12:14,0000-00,0,no battery,V
4/18/22,11:58:17,9,default,199182947,OXY-CH9,8.684,min,258.478,µmol/L,Humid,17.981,deg,90781,µV,28.89,°C,1017,hPa,35.3,pmil,0,55.4,deg,20,°C,100,%a.s.,22.63,deg,20,°C,972,hPa,0.816,-0.01371,0.000397,-0.00013,0,10.11,Humid,22.75,0,51,240458.31,SABD0000000001,AAV1.0.0.11,1.1.2.0,PSt7-10,191107-136,2/17/22 12:14,0000-00,0,no battery,V
4/18/22,11:58:18,9,default,199182947,OXY-CH9,8.701,min,258.632,µmol/L,Humid,17.979,deg,90775,µV,28.877,°C,1017,hPa,35.3,pmil,0,55.4,deg,20,°C,100,%a.s.,22.63,deg,20,°C,972,hPa,0.816,-0.01371,0.000397,-0.00013,0,10.11,Humid,22.75,0,51,240460.58,SABD0000000001,AAV1.0.0.11,1.1.2.0,PSt7-10,191107-136,2/17/22 12:14,0000-00,0,no battery,V
4/18/22,11:58:19,9,default,199182947,OXY-CH9,8.718,min,258.748,µmol/L,Humid,17.978,deg,90770,µV,28.865,°C,1017,hPa,35.3,pmil,0,55.4,deg,20,°C,100,%a.s.,22.63,deg,20,°C,972,hPa,0.816,-0.01371,0.000397,-0.00013,0,10.11,Humid,22.75,0,51,240470.22,SABD0000000001,AAV1.0.0.11,1.1.2.0,PSt7-10,191107-136,2/17/22 12:14,0000-00,0,no battery,V
4/18/22,11:58:20,9,default,199182947,OXY-CH9,8.734,min,258.583,µmol/L,Humid,17.98,deg,90757,µV,28.88,°C,1017,hPa,35.3,pmil,0,55.4,deg,20,°C,100,%a.s.,22.63,deg,20,°C,972,hPa,0.816,-0.01371,0.000397,-0.00013,0,10.11,Humid,22.75,0,51,240467.42,SABD0000000001,AAV1.0.0.11,1.1.2.0,PSt7-10,191107-136,2/17/22 12:14,0000-00,0,no battery,V
4/18/22,11:58:21,9,default,199182947,OXY-CH9,8.751,min,258.632,µmol/L,Humid,17.977,deg,90760,µV,28.883,°C,1017,hPa,35.3,pmil,0,55.4,deg,20,°C,100,%a.s.,22.63,deg,20,°C,972,hPa,0.816,-0.01371,0.000397,-0.00013,0,10.11,Humid,22.75,0,51,240461.69,SABD0000000001,AAV1.0.0.11,1.1.2.0,PSt7-10,191107-136,2/17/22 12:14,0000-00,0,no battery,V
4/18/22,11:58:22,9,default,199182947,OXY-CH9,8.768,min,258.823,µmol/L,Humid,17.976,deg,90756,µV,28.862,°C,1017,hPa,35.3,pmil,0,55.4,deg,20,°C,100,%a.s.,22.63,deg,20,°C,972,hPa,0.816,-0.01371,0.000397,-0.00013,0,10.11,Humid,22.75,0,51,240468.09,SABD0000000001,AAV1.0.0.11,1.1.2.0,PSt7-10,191107-136,2/17/22 12:14,0000-00,0,no battery,V
4/18/22,11:58:23,9,default,199182947,OXY-CH9,8.785,min,258.763,µmol/L,Humid,17.976,deg,90751,µV,28.87,°C,1017,hPa,35.3,pmil,0,55.4,deg,20,°C,100,%a.s.,22.63,deg,20,°C,972,hPa,0.816,-0.01371,0.000397,-0.00013,0,10.11,Humid,22.75,0,51,240470.15,SABD0000000001,AAV1.0.0.11,1.1.2.0,PSt7-10,191107-136,2/17/22 12:14,0000-00,0,no battery,V
4/18/22,11:58:24,9,default,199182947,OXY-CH9,8.801,min,258.773,µmol/L,Humid,17.978,deg,90750,µV,28.862,°C,1017,hPa,35.3,pmil,0,55.4,deg,20,°C,100,%a.s.,22.63,deg,20,°C,972,hPa,0.816,-0.01371,0.000397,-0.00013,0,10.11,Humid,22.75,0,51,240461.65,SABD0000000001,AAV1.0.0.11,1.1.2.0,PSt7-10,191107-136,2/17/22 12:14,0000-00,0,no battery,V
4/18/22,11:58:25,9,default,199182947,OXY-CH9,8.818,min,258.911,µmol/L,Humid,17.97,deg,90750,µV,28.87,°C,1017,hPa,35.3,pmil,0,55.4,deg,20,°C,100,%a.s.,22.63,deg,20,°C,972,hPa,0.816,-0.01371,0.000397,-0.00013,0,10.11,Humid,22.75,0,51,240468.24,SABD0000000001,AAV1.0.0.11,1.1.2.0,PSt7-10,191107-136,2/17/22 12:14,0000-00,0,no battery,V
4/18/22,11:58:26,9,default,199182947,OXY-CH9,8.835,min,259.015,µmol/L,Humid,17.968,deg,90744,µV,28.863,°C,1017,hPa,35.3,pmil,0,55.4,deg,20,°C,100,%a.s.,22.63,deg,20,°C,972,hPa,0.816,-0.01371,0.000397,-0.00013,0,10.11,Humid,22.75,0,51,240467.61,SABD0000000001,AAV1.0.0.11,1.1.2.0,PSt7-10,191107-136,2/17/22 12:14,0000-00,0,no battery,V
4/18/22,11:58:27,9,default,199182947,OXY-CH9,8.851,min,258.886,µmol/L,Humid,17.973,deg,90749,µV,28.863,°C,1017,hPa,35.3,pmil,0,55.4,deg,20,°C,100,%a.s.,22.63,deg,20,°C,972,hPa,0.816,-0.01371,0.000397,-0.00013,0,10.11,Humid,22.75,0,51,240467.98,SABD0000000001,AAV1.0.0.11,1.1.2.0,PSt7-10,191107-136,2/17/22 12:14,0000-00,0,no battery,V
4/18/22,11:58:28,9,default,199182947,OXY-CH9,8.867,min,258.881,µmol/L,Humid,17.972,deg,90730,µV,28.867,°C,1017,hPa,35.3,pmil,0,55.4,deg,20,°C,100,%a.s.,22.63,deg,20,°C,972,hPa,0.816,-0.01371,0.000397,-0.00013,0,10.11,Humid,22.75,0,51,240463.88,SABD0000000001,AAV1.0.0.11,1.1.2.0,PSt7-10,191107-136,2/17/22 12:14,0000-00,0,no battery,V
4/18/22,11:58:29,9,default,199182947,OXY-CH9,8.884,min,258.876,µmol/L,Humid,17.972,deg,90733,µV,28.868,°C,1017,hPa,35.3,pmil,0,55.4,deg,20,°C,100,%a.s.,22.63,deg,20,°C,972,hPa,0.816,-0.01371,0.000397,-0.00013,0,10.11,Humid,22.75,0,51,240471.5,SABD0000000001,AAV1.0.0.11,1.1.2.0,PSt7-10,191107-136,2/17/22 12:14,0000-00,0,no battery,V
4/18/22,11:58:30,9,default,199182947,OXY-CH9,8.901,min,258.917,µmol/L,Humid,17.971,deg,90735,µV,28.866,°C,1017,hPa,35.3,pmil,0,55.4,deg,20,°C,100,%a.s.,22.63,deg,20,°C,972,hPa,0.816,-0.01371,0.000397,-0.00013,0,10.11,Humid,22.75,0,51,240482.96,SABD0000000001,AAV1.0.0.11,1.1.2.0,PSt7-10,191107-136,2/17/22 12:14,0000-00,0,no battery,V
4/18/22,11:58:31,9,default,199182947,OXY-CH9,8.917,min,258.929,µmol/L,Humid,17.968,deg,90720,µV,28.874,°C,1017,hPa,35.3,pmil,0,55.4,deg,20,°C,100,%a.s.,22.63,deg,20,°C,972,hPa,0.816,-0.01371,0.000397,-0.00013,0,10.11,Humid,22.75,0,51,240471.37,SABD0000000001,AAV1.0.0.11,1.1.2.0,PSt7-10,191107-136,2/17/22 12:14,0000-00,0,no battery,V
4/18/22,11:58:32,9,default,199182947,OXY-CH9,8.934,min,258.938,µmol/L,Humid,17.967,deg,90727,µV,28.876,°C,1017,hPa,35.3,pmil,0,55.4,deg,20,°C,100,%a.s.,22.63,deg,20,°C,972,hPa,0.816,-0.01371,0.000397,-0.00013,0,10.11,Humid,22.75,0,51,240488.35,SABD0000000001,AAV1.0.0.11,1.1.2.0,PSt7-10,191107-136,2/17/22 12:14,0000-00,0,no battery,V
4/18/22,11:58:33,9,default,199182947,OXY-CH9,8.951,min,259.093,µmol/L,Humid,17.968,deg,90717,µV,28.853,°C,1017,hPa,35.3,pmil,0,55.4,deg,20,°C,100,%a.s.,22.63,deg,20,°C,972,hPa,0.816,-0.01371,0.000397,-0.00013,0,10.11,Humid,22.75,0,51,240489.51,SABD0000000001,AAV1.0.0.11,1.1.2.0,PSt7-10,191107-136,2/17/22 12:14,0000-00,0,no battery,V
4/18/22,11:58:34,9,default,199182947,OXY-CH9,8.968,min,259.006,µmol/L,Humid,17.971,deg,90718,µV,28.855,°C,1017,hPa,35.3,pmil,0,55.4,deg,20,°C,100,%a.s.,22.63,deg,20,°C,972,hPa,0.816,-0.01371,0.000397,-0.00013,0,10.11,Humid,22.75,0,51,240486.72,SABD0000000001,AAV1.0.0.11,1.1.2.0,PSt7-10,191107-136,2/17/22 12:14,0000-00,0,no battery,V
4/18/22,11:58:35,9,default,199182947,OXY-CH9,8.984,min,259.232,µmol/L,Humid,17.962,deg,90716,µV,28.854,°C,1017,hPa,35.3,pmil,0,55.4,deg,20,°C,100,%a.s.,22.63,deg,20,°C,972,hPa,0.816,-0.01371,0.000397,-0.00013,0,10.11,Humid,22.75,0,51,240492.11,SABD0000000001,AAV1.0.0.11,1.1.2.0,PSt7-10,191107-136,2/17/22 12:14,0000-00,0,no battery,V
4/18/22,11:58:36,9,default,199182947,OXY-CH9,9.001,min,258.875,µmol/L,Humid,17.967,deg,90713,µV,28.884,°C,1017,hPa,35.3,pmil,0,55.4,deg,20,°C,100,%a.s.,22.63,deg,20,°C,972,hPa,0.816,-0.01371,0.000397,-0.00013,0,10.11,Humid,22.75,0,51,240489.69,SABD0000000001,AAV1.0.0.11,1.1.2.0,PSt7-10,191107-136,2/17/22 12:14,0000-00,0,no battery,V
4/18/22,11:58:37,9,default,199182947,OXY-CH9,9.018,min,258.877,µmol/L,Humid,17.969,deg,90704,µV,28.877,°C,1017,hPa,35.3,pmil,0,55.4,deg,20,°C,100,%a.s.,22.63,deg,20,°C,972,hPa,0.816,-0.01371,0.000397,-0.00013,0,10.11,Humid,22.75,0,51,240483.86,SABD0000000001,AAV1.0.0.11,1.1.2.0,PSt7-10,191107-136,2/17/22 12:14,0000-00,0,no battery,V
4/18/22,11:58:38,9,default,199182947,OXY-CH9,9.034,min,259.063,µmol/L,Humid,17.96,deg,90706,µV,28.882,°C,1017,hPa,35.3,pmil,0,55.4,deg,20,°C,100,%a.s.,22.63,deg,20,°C,972,hPa,0.816,-0.01371,0.000397,-0.00013,0,10.11,Humid,22.75,0,51,240491.09,SABD0000000001,AAV1.0.0.11,1.1.2.0,PSt7-10,191107-136,2/17/22 12:14,0000-00,0,no battery,V
4/18/22,11:58:39,9,default,199182947,OXY-CH9,9.05,min,259.064,µmol/L,Humid,17.963,deg,90704,µV,28.872,°C,1017,hPa,35.3,pmil,0,55.4,deg,20,°C,100,%a.s.,22.63,deg,20,°C,972,hPa,0.816,-0.01371,0.000397,-0.00013,0,10.11,Humid,22.75,0,51,240488.68,SABD0000000001,AAV1.0.0.11,1.1.2.0,PSt7-10,191107-136,2/17/22 12:14,0000-00,0,no battery,V
4/18/22,11:58:40,9,default,199182947,OXY-CH9,9.067,min,258.959,µmol/L,Humid,17.966,deg,90701,µV,28.876,°C,1017,hPa,35.3,pmil,0,55.4,deg,20,°C,100,%a.s.,22.63,deg,20,°C,972,hPa,0.816,-0.01371,0.000397,-0.00013,0,10.11,Humid,22.75,0,51,240490.11,SABD0000000001,AAV1.0.0.11,1.1.2.0,PSt7-10,191107-136,2/17/22 12:14,0000-00,0,no battery,V
4/18/22,11:58:41,9,default,199182947,OXY-CH9,9.084,min,259.022,µmol/L,Humid,17.965,deg,90695,µV,28.871,°C,1017,hPa,35.3,pmil,0,55.4,deg,20,°C,100,%a.s.,22.63,deg,20,°C,972,hPa,0.816,-0.01371,0.000397,-0.00013,0,10.11,Humid,22.75,0,51,240495.47,SABD0000000001,AAV1.0.0.11,1.1.2.0,PSt7-10,191107-136,2/17/22 12:14,0000-00,0,no battery,V
4/18/22,11:58:42,9,default,199182947,OXY-CH9,9.101,min,259.144,µmol/L,Humid,17.96,deg,90704,µV,28.872,°C,1017,hPa,35.3,pmil,0,55.4,deg,20,°C,100,%a.s.,22.63,deg,20,°C,972,hPa,0.816,-0.01371,0.000397,-0.00013,0,10.11,Humid,22.75,0,51,240503.94,SABD0000000001,AAV1.0.0.11,1.1.2.0,PSt7-10,191107-136,2/17/22 12:14,0000-00,0,no battery,V
4/18/22,11:58:43,9,default,199182947,OXY-CH9,9.118,min,259.141,µmol/L,Humid,17.961,deg,90693,µV,28.869,°C,1017,hPa,35.3,pmil,0,55.4,deg,20,°C,100,%a.s.,22.63,deg,20,°C,972,hPa,0.816,-0.01371,0.000397,-0.00013,0,10.11,Humid,22.75,0,51,240497.09,SABD0000000001,AAV1.0.0.11,1.1.2.0,PSt7-10,191107-136,2/17/22 12:14,0000-00,0,no battery,V
4/18/22,11:58:44,9,default,199182947,OXY-CH9,9.134,min,259.129,µmol/L,Humid,17.963,deg,90686,µV,28.864,°C,1017,hPa,35.3,pmil,0,55.4,deg,20,°C,100,%a.s.,22.63,deg,20,°C,972,hPa,0.816,-0.01371,0.000397,-0.00013,0,10.11,Humid,22.75,0,51,240498.32,SABD0000000001,AAV1.0.0.11,1.1.2.0,PSt7-10,191107-136,2/17/22 12:14,0000-00,0,no battery,V
4/18/22,11:58:45,9,default,199182947,OXY-CH9,9.151,min,259.203,µmol/L,Humid,17.962,deg,90692,µV,28.858,°C,1017,hPa,35.3,pmil,0,55.4,deg,20,°C,100,%a.s.,22.63,deg,20,°C,972,hPa,0.816,-0.01371,0.000397,-0.00013,0,10.11,Humid,22.75,0,51,240501.07,SABD0000000001,AAV1.0.0.11,1.1.2.0,PSt7-10,191107-136,2/17/22 12:14,0000-00,0,no battery,V
4/18/22,11:58:46,9,default,199182947,OXY-CH9,9.168,min,259.229,µmol/L,Humid,17.956,deg,90674,µV,28.873,°C,1017,hPa,35.3,pmil,0,55.4,deg,20,°C,100,%a.s.,22.63,deg,20,°C,972,hPa,0.816,-0.01371,0.000397,-0.00013,0,10.11,Humid,22.75,0,51,240513.65,SABD0000000001,AAV1.0.0.11,1.1.2.0,PSt7-10,191107-136,2/17/22 12:14,0000-00,0,no battery,V
4/18/22,11:58:47,9,default,199182947,OXY-CH9,9.184,min,259.05,µmol/L,Humid,17.961,deg,90683,µV,28.88,°C,1017,hPa,35.3,pmil,0,55.4,deg,20,°C,100,%a.s.,22.63,deg,20,°C,972,hPa,0.816,-0.01371,0.000397,-0.00013,0,10.11,Humid,22.75,0,51,240507.15,SABD0000000001,AAV1.0.0.11,1.1.2.0,PSt7-10,191107-136,2/17/22 12:14,0000-00,0,no battery,V
4/18/22,11:58:48,9,default,199182947,OXY-CH9,9.201,min,259.148,µmol/L,Humid,17.961,deg,90676,µV,28.868,°C,1017,hPa,35.3,pmil,0,55.4,deg,20,°C,100,%a.s.,22.63,deg,20,°C,972,hPa,0.816,-0.01371,0.000397,-0.00013,0,10.11,Humid,22.75,0,51,240497.82,SABD0000000001,AAV1.0.0.11,1.1.2.0,PSt7-10,191107-136,2/17/22 12:14,0000-00,0,no battery,V
4/18/22,11:58:49,9,default,199182947,OXY-CH9,9.217,min,259.38,µmol/L,Humid,17.953,deg,90672,µV,28.864,°C,1017,hPa,35.3,pmil,0,55.4,deg,20,°C,100,%a.s.,22.63,deg,20,°C,972,hPa,0.816,-0.01371,0.000397,-0.00013,0,10.11,Humid,22.75,0,51,240508.36,SABD0000000001,AAV1.0.0.11,1.1.2.0,PSt7-10,191107-136,2/17/22 12:14,0000-00,0,no battery,V
4/18/22,11:58:50,9,default,199182947,OXY-CH9,9.234,min,259.258,µmol/L,Humid,17.959,deg,90673,µV,28.86,°C,1017,hPa,35.3,pmil,0,55.4,deg,20,°C,100,%a.s.,22.63,deg,20,°C,972,hPa,0.816,-0.01371,0.000397,-0.00013,0,10.11,Humid,22.75,0,51,240507.59,SABD0000000001,AAV1.0.0.11,1.1.2.0,PSt7-10,191107-136,2/17/22 12:14,0000-00,0,no battery,V
4/18/22,11:58:51,9,default,199182947,OXY-CH9,9.25,min,259.375,µmol/L,Humid,17.954,deg,90668,µV,28.861,°C,1017,hPa,35.3,pmil,0,55.4,deg,20,°C,100,%a.s.,22.63,deg,20,°C,972,hPa,0.816,-0.01371,0.000397,-0.00013,0,10.11,Humid,22.75,0,51,240500.49,SABD0000000001,AAV1.0.0.11,1.1.2.0,PSt7-10,191107-136,2/17/22 12:14,0000-00,0,no battery,V
4/18/22,11:58:52,9,default,199182947,OXY-CH9,9.267,min,259.361,µmol/L,Humid,17.953,deg,90658,µV,28.866,°C,1017,hPa,35.3,pmil,0,55.4,deg,20,°C,100,%a.s.,22.63,deg,20,°C,972,hPa,0.816,-0.01371,0.000397,-0.00013,0,10.11,Humid,22.75,0,51,240505.81,SABD0000000001,AAV1.0.0.11,1.1.2.0,PSt7-10,191107-136,2/17/22 12:14,0000-00,0,no battery,V
4/18/22,11:58:53,9,default,199182947,OXY-CH9,9.284,min,259.375,µmol/L,Humid,17.951,deg,90655,µV,28.871,°C,1017,hPa,35.3,pmil,0,55.4,deg,20,°C,100,%a.s.,22.63,deg,20,°C,972,hPa,0.816,-0.01371,0.000397,-0.00013,0,10.11,Humid,22.75,0,51,240514.31,SABD0000000001,AAV1.0.0.11,1.1.2.0,PSt7-10,191107-136,2/17/22 12:14,0000-00,0,no battery,V
4/18/22,11:58:54,9,default,199182947,OXY-CH9,9.301,min,259.286,µmol/L,Humid,17.954,deg,90659,µV,28.872,°C,1017,hPa,35.3,pmil,0,55.4,deg,20,°C,100,%a.s.,22.63,deg,20,°C,972,hPa,0.816,-0.01371,0.000397,-0.00013,0,10.11,Humid,22.75,0,51,240511.56,SABD0000000001,AAV1.0.0.11,1.1.2.0,PSt7-10,191107-136,2/17/22 12:14,0000-00,0,no battery,V
4/18/22,11:58:55,9,default,199182947,OXY-CH9,9.317,min,259.362,µmol/L,Humid,17.951,deg,90653,µV,28.872,°C,1017,hPa,35.3,pmil,0,55.4,deg,20,°C,100,%a.s.,22.63,deg,20,°C,972,hPa,0.816,-0.01371,0.000397,-0.00013,0,10.11,Humid,22.75,0,51,240514.38,SABD0000000001,AAV1.0.0.11,1.1.2.0,PSt7-10,191107-136,2/17/22 12:14,0000-00,0,no battery,V
4/18/22,11:58:56,9,default,199182947,OXY-CH9,9.334,min,259.386,µmol/L,Humid,17.951,deg,90644,µV,28.869,°C,1017,hPa,35.3,pmil,0,55.4,deg,20,°C,100,%a.s.,22.63,deg,20,°C,972,hPa,0.816,-0.01371,0.000397,-0.00013,0,10.11,Humid,22.75,0,51,240518.3,SABD0000000001,AAV1.0.0.11,1.1.2.0,PSt7-10,191107-136,2/17/22 12:14,0000-00,0,no battery,V
4/18/22,11:58:57,9,default,199182947,OXY-CH9,9.351,min,259.181,µmol/L,Humid,17.957,deg,90646,µV,28.876,°C,1017,hPa,35.3,pmil,0,55.4,deg,20,°C,100,%a.s.,22.63,deg,20,°C,972,hPa,0.816,-0.01371,0.000397,-0.00013,0,10.11,Humid,22.75,0,51,240517.09,SABD0000000001,AAV1.0.0.11,1.1.2.0,PSt7-10,191107-136,2/17/22 12:14,0000-00,0,no battery,V
4/18/22,11:58:58,9,default,199182947,OXY-CH9,9.368,min,259.449,µmol/L,Humid,17.949,deg,90642,µV,28.867,°C,1017,hPa,35.3,pmil,0,55.4,deg,20,°C,100,%a.s.,22.63,deg,20,°C,972,hPa,0.816,-0.01371,0.000397,-0.00013,0,10.11,Humid,22.75,0,51,240515.16,SABD0000000001,AAV1.0.0.11,1.1.2.0,PSt7-10,191107-136,2/17/22 12:14,0000-00,0,no battery,V
4/18/22,11:58:59,9,default,199182947,OXY-CH9,9.384,min,259.463,µmol/L,Humid,17.95,deg,90643,µV,28.863,°C,1017,hPa,35.3,pmil,0,55.4,deg,20,°C,100,%a.s.,22.63,deg,20,°C,972,hPa,0.816,-0.01371,0.000397,-0.00013,0,10.11,Humid,22.75,0,51,240518.94,SABD0000000001,AAV1.0.0.11,1.1.2.0,PSt7-10,191107-136,2/17/22 12:14,0000-00,0,no battery,V
4/18/22,11:59:00,9,default,199182947,OXY-CH9,9.401,min,259.482,µmol/L,Humid,17.948,deg,90630,µV,28.866,°C,1017,hPa,35.3,pmil,0,55.4,deg,20,°C,100,%a.s.,22.63,deg,20,°C,972,hPa,0.816,-0.01371,0.000397,-0.00013,0,10.11,Humid,22.75,0,51,240520.87,SABD0000000001,AAV1.0.0.11,1.1.2.0,PSt7-10,191107-136,2/17/22 12:14,0000-00,0,no battery,V
4/18/22,11:59:01,9,default,199182947,OXY-CH9,9.418,min,259.393,µmol/L,Humid,17.95,deg,90632,µV,28.871,°C,1017,hPa,35.3,pmil,0,55.4,deg,20,°C,100,%a.s.,22.63,deg,20,°C,972,hPa,0.816,-0.01371,0.000397,-0.00013,0,10.11,Humid,22.75,0,51,240521.87,SABD0000000001,AAV1.0.0.11,1.1.2.0,PSt7-10,191107-136,2/17/22 12:14,0000-00,0,no battery,V
4/18/22,11:59:02,9,default,199182947,OXY-CH9,9.434,min,259.601,µmol/L,Humid,17.944,deg,90630,µV,28.864,°C,1017,hPa,35.3,pmil,0,55.4,deg,20,°C,100,%a.s.,22.63,deg,20,°C,972,hPa,0.816,-0.01371,0.000397,-0.00013,0,10.11,Humid,22.75,0,51,240510.56,SABD0000000001,AAV1.0.0.11,1.1.2.0,PSt7-10,191107-136,2/17/22 12:14,0000-00,0,no battery,V
4/18/22,11:59:03,9,default,199182947,OXY-CH9,9.451,min,259.545,µmol/L,Humid,17.939,deg,90624,µV,28.887,°C,1017,hPa,35.3,pmil,0,55.4,deg,20,°C,100,%a.s.,22.63,deg,20,°C,972,hPa,0.816,-0.01371,0.000397,-0.00013,0,10.11,Humid,22.75,0,51,240518.91,SABD0000000001,AAV1.0.0.11,1.1.2.0,PSt7-10,191107-136,2/17/22 12:14,0000-00,0,no battery,V
4/18/22,11:59:04,9,default,199182947,OXY-CH9,9.468,min,259.402,µmol/L,Humid,17.949,deg,90621,µV,28.873,°C,1017,hPa,35.3,pmil,0,55.4,deg,20,°C,100,%a.s.,22.63,deg,20,°C,972,hPa,0.816,-0.01371,0.000397,-0.00013,0,10.11,Humid,22.75,0,51,240524.12,SABD0000000001,AAV1.0.0.11,1.1.2.0,PSt7-10,191107-136,2/17/22 12:14,0000-00,0,no battery,V
4/18/22,11:59:05,9,default,199182947,OXY-CH9,9.484,min,259.406,µmol/L,Humid,17.949,deg,90616,µV,28.873,°C,1017,hPa,35.3,pmil,0,55.4,deg,20,°C,100,%a.s.,22.63,deg,20,°C,972,hPa,0.816,-0.01371,0.000397,-0.00013,0,10.11,Humid,22.75,0,51,240518.54,SABD0000000001,AAV1.0.0.11,1.1.2.0,PSt7-10,191107-136,2/17/22 12:14,0000-00,0,no battery,V
4/18/22,11:59:06,9,default,199182947,OXY-CH9,9.501,min,259.568,µmol/L,Humid,17.946,deg,90619,µV,28.862,°C,1017,hPa,35.3,pmil,0,55.4,deg,20,°C,100,%a.s.,22.63,deg,20,°C,972,hPa,0.816,-0.01371,0.000397,-0.00013,0,10.11,Humid,22.75,0,51,240507.17,SABD0000000001,AAV1.0.0.11,1.1.2.0,PSt7-10,191107-136,2/17/22 12:14,0000-00,0,no battery,V
4/18/22,11:59:07,9,default,199182947,OXY-CH9,9.517,min,259.644,µmol/L,Humid,17.943,deg,90612,µV,28.862,°C,1017,hPa,35.3,pmil,0,55.4,deg,20,°C,100,%a.s.,22.63,deg,20,°C,972,hPa,0.816,-0.01371,0.000397,-0.00013,0,10.11,Humid,22.75,0,51,240526.85,SABD0000000001,AAV1.0.0.11,1.1.2.0,PSt7-10,191107-136,2/17/22 12:14,0000-00,0,no battery,V
4/18/22,11:59:08,9,default,199182947,OXY-CH9,9.534,min,259.642,µmol/L,Humid,17.943,deg,90609,µV,28.862,°C,1017,hPa,35.3,pmil,0,55.4,deg,20,°C,100,%a.s.,22.63,deg,20,°C,972,hPa,0.816,-0.01371,0.000397,-0.00013,0,10.11,Humid,22.75,0,51,240531.45,SABD0000000001,AAV1.0.0.11,1.1.2.0,PSt7-10,191107-136,2/17/22 12:14,0000-00,0,no battery,V
4/18/22,11:59:09,9,default,199182947,OXY-CH9,9.551,min,259.604,µmol/L,Humid,17.945,deg,90610,µV,28.861,°C,1017,hPa,35.3,pmil,0,55.4,deg,20,°C,100,%a.s.,22.63,deg,20,°C,972,hPa,0.816,-0.01371,0.000397,-0.00013,0,10.11,Humid,22.75,0,51,240531.88,SABD0000000001,AAV1.0.0.11,1.1.2.0,PSt7-10,191107-136,2/17/22 12:14,0000-00,0,no battery,V
4/18/22,11:59:10,9,default,199182947,OXY-CH9,9.568,min,259.588,µmol/L,Humid,17.944,deg,90590,µV,28.866,°C,1017,hPa,35.3,pmil,0,55.4,deg,20,°C,100,%a.s.,22.63,deg,20,°C,972,hPa,0.816,-0.01371,0.000397,-0.00013,0,10.11,Humid,22.75,0,51,240537.34,SABD0000000001,AAV1.0.0.11,1.1.2.0,PSt7-10,191107-136,2/17/22 12:14,0000-00,0,no battery,V
4/18/22,11:59:11,9,default,199182947,OXY-CH9,9.584,min,259.703,µmol/L,Humid,17.939,deg,90598,µV,28.867,°C,1017,hPa,35.3,pmil,0,55.4,deg,20,°C,100,%a.s.,22.63,deg,20,°C,972,hPa,0.816,-0.01371,0.000397,-0.00013,0,10.11,Humid,22.75,0,51,240525.16,SABD0000000001,AAV1.0.0.11,1.1.2.0,PSt7-10,191107-136,2/17/22 12:14,0000-00,0,no battery,V
4/18/22,11:59:12,9,default,199182947,OXY-CH9,9.601,min,259.86,µmol/L,Humid,17.94,deg,90592,µV,28.844,°C,1017,hPa,35.3,pmil,0,55.4,deg,20,°C,100,%a.s.,22.63,deg,20,°C,972,hPa,0.816,-0.01371,0.000397,-0.00013,0,10.11,Humid,22.75,0,51,240534.58,SABD0000000001,AAV1.0.0.11,1.1.2.0,PSt7-10,191107-136,2/17/22 12:14,0000-00,0,no battery,V
4/18/22,11:59:13,9,default,199182947,OXY-CH9,9.618,min,259.563,µmol/L,Humid,17.945,deg,90591,µV,28.866,°C,1017,hPa,35.3,pmil,0,55.4,deg,20,°C,100,%a.s.,22.63,deg,20,°C,972,hPa,0.816,-0.01371,0.000397,-0.00013,0,10.11,Humid,22.75,0,51,240536.66,SABD0000000001,AAV1.0.0.11,1.1.2.0,PSt7-10,191107-136,2/17/22 12:14,0000-00,0,no battery,V
4/18/22,11:59:14,9,default,199182947,OXY-CH9,9.635,min,259.557,µmol/L,Humid,17.941,deg,90587,µV,28.879,°C,1017,hPa,35.3,pmil,0,55.4,deg,20,°C,100,%a.s.,22.63,deg,20,°C,972,hPa,0.816,-0.01371,0.000397,-0.00013,0,10.11,Humid,22.75,0,51,240543.77,SABD0000000001,AAV1.0.0.11,1.1.2.0,PSt7-10,191107-136,2/17/22 12:14,0000-00,0,no battery,V
4/18/22,11:59:15,9,default,199182947,OXY-CH9,9.651,min,259.657,µmol/L,Humid,17.937,deg,90584,µV,28.879,°C,1017,hPa,35.3,pmil,0,55.4,deg,20,°C,100,%a.s.,22.63,deg,20,°C,972,hPa,0.816,-0.01371,0.000397,-0.00013,0,10.11,Humid,22.75,0,51,240528.93,SABD0000000001,AAV1.0.0.11,1.1.2.0,PSt7-10,191107-136,2/17/22 12:14,0000-00,0,no battery,V
4/18/22,11:59:16,9,default,199182947,OXY-CH9,9.667,min,259.628,µmol/L,Humid,17.94,deg,90585,µV,28.873,°C,1017,hPa,35.3,pmil,0,55.4,deg,20,°C,100,%a.s.,22.63,deg,20,°C,972,hPa,0.816,-0.01371,0.000397,-0.00013,0,10.11,Humid,22.75,0,51,240538.45,SABD0000000001,AAV1.0.0.11,1.1.2.0,PSt7-10,191107-136,2/17/22 12:14,0000-00,0,no battery,V
4/18/22,11:59:17,9,default,199182947,OXY-CH9,9.684,min,259.886,µmol/L,Humid,17.933,deg,90576,µV,28.863,°C,1017,hPa,35.3,pmil,0,55.4,deg,20,°C,100,%a.s.,22.63,deg,20,°C,972,hPa,0.816,-0.01371,0.000397,-0.00013,0,10.11,Humid,22.75,0,51,240536.66,SABD0000000001,AAV1.0.0.11,1.1.2.0,PSt7-10,191107-136,2/17/22 12:14,0000-00,0,no battery,V
4/18/22,11:59:18,9,default,199182947,OXY-CH9,9.701,min,259.769,µmol/L,Humid,17.936,deg,90573,µV,28.868,°C,1017,hPa,35.3,pmil,0,55.4,deg,20,°C,100,%a.s.,22.63,deg,20,°C,972,hPa,0.816,-0.01371,0.000397,-0.00013,0,10.11,Humid,22.75,0,51,240532.88,SABD0000000001,AAV1.0.0.11,1.1.2.0,PSt7-10,191107-136,2/17/22 12:14,0000-00,0,no battery,V
4/18/22,11:59:19,9,default,199182947,OXY-CH9,9.717,min,260.025,µmol/L,Humid,17.93,deg,90569,µV,28.855,°C,1017,hPa,35.3,pmil,0,55.4,deg,20,°C,100,%a.s.,22.63,deg,20,°C,972,hPa,0.816,-0.01371,0.000397,-0.00013,0,10.11,Humid,22.75,0,51,240537.26,SABD0000000001,AAV1.0.0.11,1.1.2.0,PSt7-10,191107-136,2/17/22 12:14,0000-00,0,no battery,V
4/18/22,11:59:20,9,default,199182947,OXY-CH9,9.734,min,259.891,µmol/L,Humid,17.931,deg,90572,µV,28.868,°C,1017,hPa,35.3,pmil,0,55.4,deg,20,°C,100,%a.s.,22.63,deg,20,°C,972,hPa,0.816,-0.01371,0.000397,-0.00013,0,10.11,Humid,22.75,0,51,240542.51,SABD0000000001,AAV1.0.0.11,1.1.2.0,PSt7-10,191107-136,2/17/22 12:14,0000-00,0,no battery,V
4/18/22,11:59:21,9,default,199182947,OXY-CH9,9.751,min,259.89,µmol/L,Humid,17.931,deg,90564,µV,28.868,°C,1017,hPa,35.3,pmil,0,55.4,deg,20,°C,100,%a.s.,22.63,deg,20,°C,972,hPa,0.816,-0.01371,0.000397,-0.00013,0,10.11,Humid,22.75,0,51,240549.65,SABD0000000001,AAV1.0.0.11,1.1.2.0,PSt7-10,191107-136,2/17/22 12:14,0000-00,0,no battery,V
4/18/22,11:59:22,9,default,199182947,OXY-CH9,9.768,min,259.797,µmol/L,Humid,17.933,deg,90561,µV,28.874,°C,1017,hPa,35.3,pmil,0,55.4,deg,20,°C,100,%a.s.,22.63,deg,20,°C,972,hPa,0.816,-0.01371,0.000397,-0.00013,0,10.11,Humid,22.75,0,51,240541.27,SABD0000000001,AAV1.0.0.11,1.1.2.0,PSt7-10,191107-136,2/17/22 12:14,0000-00,0,no battery,V
4/18/22,11:59:23,9,default,199182947,OXY-CH9,9.784,min,259.855,µmol/L,Humid,17.937,deg,90560,µV,28.854,°C,1017,hPa,35.3,pmil,0,55.4,deg,20,°C,100,%a.s.,22.63,deg,20,°C,972,hPa,0.816,-0.01371,0.000397,-0.00013,0,10.11,Humid,22.75,0,51,240546.27,SABD0000000001,AAV1.0.0.11,1.1.2.0,PSt7-10,191107-136,2/17/22 12:14,0000-00,0,no battery,V
4/18/22,11:59:24,9,default,199182947,OXY-CH9,9.801,min,259.903,µmol/L,Humid,17.932,deg,90551,µV,28.864,°C,1017,hPa,35.3,pmil,0,55.4,deg,20,°C,100,%a.s.,22.63,deg,20,°C,972,hPa,0.816,-0.01371,0.000397,-0.00013,0,10.11,Humid,22.75,0,51,240545.36,SABD0000000001,AAV1.0.0.11,1.1.2.0,PSt7-10,191107-136,2/17/22 12:14,0000-00,0,no battery,V
4/18/22,11:59:25,9,default,199182947,OXY-CH9,9.818,min,259.846,µmol/L,Humid,17.931,deg,90555,µV,28.874,°C,1017,hPa,35.3,pmil,0,55.4,deg,20,°C,100,%a.s.,22.63,deg,20,°C,972,hPa,0.816,-0.01371,0.000397,-0.00013,0,10.11,Humid,22.75,0,51,240545.11,SABD0000000001,AAV1.0.0.11,1.1.2.0,PSt7-10,191107-136,2/17/22 12:14,0000-00,0,no battery,V
4/18/22,11:59:26,9,default,199182947,OXY-CH9,9.834,min,259.991,µmol/L,Humid,17.929,deg,90543,µV,28.862,°C,1017,hPa,35.3,pmil,0,55.4,deg,20,°C,100,%a.s.,22.63,deg,20,°C,972,hPa,0.816,-0.01371,0.000397,-0.00013,0,10.11,Humid,22.75,0,51,240549.71,SABD0000000001,AAV1.0.0.11,1.1.2.0,PSt7-10,191107-136,2/17/22 12:14,0000-00,0,no battery,V
4/18/22,11:59:27,9,default,199182947,OXY-CH9,9.85,min,259.982,µmol/L,Humid,17.929,deg,90545,µV,28.863,°C,1017,hPa,35.3,pmil,0,55.4,deg,20,°C,100,%a.s.,22.63,deg,20,°C,972,hPa,0.816,-0.01371,0.000397,-0.00013,0,10.11,Humid,22.75,0,51,240549.02,SABD0000000001,AAV1.0.0.11,1.1.2.0,PSt7-10,191107-136,2/17/22 12:14,0000-00,0,no battery,V
4/18/22,11:59:28,9,default,199182947,OXY-CH9,9.867,min,259.887,µmol/L,Humid,17.932,deg,90537,µV,28.866,°C,1017,hPa,35.3,pmil,0,55.4,deg,20,°C,100,%a.s.,22.63,deg,20,°C,972,hPa,0.816,-0.01371,0.000397,-0.00013,0,10.11,Humid,22.75,0,51,240547.57,SABD0000000001,AAV1.0.0.11,1.1.2.0,PSt7-10,191107-136,2/17/22 12:14,0000-00,0,no battery,V
4/18/22,11:59:29,9,default,199182947,OXY-CH9,9.884,min,260.11,µmol/L,Humid,17.926,deg,90539,µV,28.856,°C,1017,hPa,35.3,pmil,0,55.4,deg,20,°C,100,%a.s.,22.63,deg,20,°C,972,hPa,0.816,-0.01371,0.000397,-0.00013,0,10.11,Humid,22.75,0,51,240543.33,SABD0000000001,AAV1.0.0.11,1.1.2.0,PSt7-10,191107-136,2/17/22 12:14,0000-00,0,no battery,V
4/18/22,11:59:30,9,default,199182947,OXY-CH9,9.901,min,260.033,µmol/L,Humid,17.927,deg,90538,µV,28.863,°C,1017,hPa,35.3,pmil,0,55.4,deg,20,°C,100,%a.s.,22.63,deg,20,°C,972,hPa,0.816,-0.01371,0.000397,-0.00013,0,10.11,Humid,22.75,0,51,240550.92,SABD0000000001,AAV1.0.0.11,1.1.2.0,PSt7-10,191107-136,2/17/22 12:14,0000-00,0,no battery,V
4/18/22,11:59:31,9,default,199182947,OXY-CH9,9.918,min,260.158,µmol/L,Humid,17.922,deg,90532,µV,28.863,°C,1017,hPa,35.3,pmil,0,55.4,deg,20,°C,100,%a.s.,22.63,deg,20,°C,972,hPa,0.816,-0.01371,0.000397,-0.00013,0,10.11,Humid,22.75,0,51,240552.79,SABD0000000001,AAV1.0.0.11,1.1.2.0,PSt7-10,191107-136,2/17/22 12:14,0000-00,0,no battery,V
4/18/22,11:59:32,9,default,199182947,OXY-CH9,9.934,min,260.108,µmol/L,Humid,17.928,deg,90521,µV,28.85,°C,1017,hPa,35.3,pmil,0,55.4,deg,20,°C,100,%a.s.,22.63,deg,20,°C,972,hPa,0.816,-0.01371,0.000397,-0.00013,0,10.11,Humid,22.75,0,51,240552.37,SABD0000000001,AAV1.0.0.11,1.1.2.0,PSt7-10,191107-136,2/17/22 12:14,0000-00,0,no battery,V
4/18/22,11:59:33,9,default,199182947,OXY-CH9,9.951,min,260.176,µmol/L,Humid,17.924,deg,90519,µV,28.854,°C,1017,hPa,35.3,pmil,0,55.4,deg,20,°C,100,%a.s.,22.63,deg,20,°C,972,hPa,0.816,-0.01371,0.000397,-0.00013,0,10.11,Humid,22.75,0,51,240564,SABD0000000001,AAV1.0.0.11,1.1.2.0,PSt7-10,191107-136,2/17/22 12:14,0000-00,0,no battery,V
4/18/22,11:59:34,9,default,199182947,OXY-CH9,9.968,min,260.033,µmol/L,Humid,17.925,deg,90513,µV,28.869,°C,1017,hPa,35.3,pmil,0,55.4,deg,20,°C,100,%a.s.,22.63,deg,20,°C,972,hPa,0.816,-0.01371,0.000397,-0.00013,0,10.11,Humid,22.75,0,51,240564.65,SABD0000000001,AAV1.0.0.11,1.1.2.0,PSt7-10,191107-136,2/17/22 12:14,0000-00,0,no battery,V
4/18/22,11:59:35,9,default,199182947,OXY-CH9,9.984,min,260.026,µmol/L,Humid,17.926,deg,90516,µV,28.867,°C,1017,hPa,35.3,pmil,0,55.4,deg,20,°C,100,%a.s.,22.63,deg,20,°C,972,hPa,0.816,-0.01371,0.000397,-0.00013,0,10.11,Humid,22.75,0,51,240558.79,SABD0000000001,AAV1.0.0.11,1.1.2.0,PSt7-10,191107-136,2/17/22 12:14,0000-00,0,no battery,V
4/18/22,11:59:36,9,default,199182947,OXY-CH9,10.001,min,260.063,µmol/L,Humid,17.925,deg,90512,µV,28.865,°C,1017,hPa,35.3,pmil,0,55.4,deg,20,°C,100,%a.s.,22.63,deg,20,°C,972,hPa,0.816,-0.01371,0.000397,-0.00013,0,10.11,Humid,22.75,0,51,240574.68,SABD0000000001,AAV1.0.0.11,1.1.2.0,PSt7-10,191107-136,2/17/22 12:14,0000-00,0,no battery,V
4/18/22,11:59:37,9,default,199182947,OXY-CH9,10.017,min,260.098,µmol/L,Humid,17.923,deg,90510,µV,28.867,°C,1017,hPa,35.3,pmil,0,55.4,deg,20,°C,100,%a.s.,22.63,deg,20,°C,972,hPa,0.816,-0.01371,0.000397,-0.00013,0,10.11,Humid,22.75,0,51,240558.64,SABD0000000001,AAV1.0.0.11,1.1.2.0,PSt7-10,191107-136,2/17/22 12:14,0000-00,0,no battery,V
4/18/22,11:59:38,9,default,199182947,OXY-CH9,10.034,min,260.139,µmol/L,Humid,17.923,deg,90503,µV,28.862,°C,1017,hPa,35.3,pmil,0,55.4,deg,20,°C,100,%a.s.,22.63,deg,20,°C,972,hPa,0.816,-0.01371,0.000397,-0.00013,0,10.11,Humid,22.75,0,51,240570.05,SABD0000000001,AAV1.0.0.11,1.1.2.0,PSt7-10,191107-136,2/17/22 12:14,0000-00,0,no battery,V
4/18/22,11:59:39,9,default,199182947,OXY-CH9,10.051,min,260.128,µmol/L,Humid,17.924,deg,90489,µV,28.86,°C,1017,hPa,35.3,pmil,0,55.4,deg,20,°C,100,%a.s.,22.63,deg,20,°C,972,hPa,0.816,-0.01371,0.000397,-0.00013,0,10.11,Humid,22.75,0,51,240564.96,SABD0000000001,AAV1.0.0.11,1.1.2.0,PSt7-10,191107-136,2/17/22 12:14,0000-00,0,no battery,V
4/18/22,11:59:40,9,default,199182947,OXY-CH9,10.067,min,260.128,µmol/L,Humid,17.922,deg,90497,µV,28.867,°C,1017,hPa,35.3,pmil,0,55.4,deg,20,°C,100,%a.s.,22.63,deg,20,°C,972,hPa,0.816,-0.01371,0.000397,-0.00013,0,10.11,Humid,22.75,0,51,240563.11,SABD0000000001,AAV1.0.0.11,1.1.2.0,PSt7-10,191107-136,2/17/22 12:14,0000-00,0,no battery,V
4/18/22,11:59:41,9,default,199182947,OXY-CH9,10.084,min,260.372,µmol/L,Humid,17.916,deg,90489,µV,28.855,°C,1017,hPa,35.3,pmil,0,55.4,deg,20,°C,100,%a.s.,22.63,deg,20,°C,972,hPa,0.816,-0.01371,0.000397,-0.00013,0,10.11,Humid,22.75,0,51,240559.76,SABD0000000001,AAV1.0.0.11,1.1.2.0,PSt7-10,191107-136,2/17/22 12:14,0000-00,0,no battery,V
4/18/22,11:59:42,9,default,199182947,OXY-CH9,10.101,min,260.374,µmol/L,Humid,17.915,deg,90494,µV,28.858,°C,1017,hPa,35.3,pmil,0,55.4,deg,20,°C,100,%a.s.,22.63,deg,20,°C,972,hPa,0.816,-0.01371,0.000397,-0.00013,0,10.11,Humid,22.75,0,51,240576.13,SABD0000000001,AAV1.0.0.11,1.1.2.0,PSt7-10,191107-136,2/17/22 12:14,0000-00,0,no battery,V
4/18/22,11:59:43,9,default,199182947,OXY-CH9,10.118,min,260.242,µmol/L,Humid,17.918,deg,90492,µV,28.865,°C,1017,hPa,35.3,pmil,0,55.4,deg,20,°C,100,%a.s.,22.63,deg,20,°C,972,hPa,0.816,-0.01371,0.000397,-0.00013,0,10.11,Humid,22.75,0,51,240581.55,SABD0000000001,AAV1.0.0.11,1.1.2.0,PSt7-10,191107-136,2/17/22 12:14,0000-00,0,no battery,V
4/18/22,11:59:44,9,default,199182947,OXY-CH9,10.134,min,260.28,µmol/L,Humid,17.917,deg,90488,µV,28.863,°C,1017,hPa,35.3,pmil,0,55.4,deg,20,°C,100,%a.s.,22.63,deg,20,°C,972,hPa,0.816,-0.01371,0.000397,-0.00013,0,10.11,Humid,22.75,0,51,240574.07,SABD0000000001,AAV1.0.0.11,1.1.2.0,PSt7-10,191107-136,2/17/22 12:14,0000-00,0,no battery,V
4/18/22,11:59:45,9,default,199182947,OXY-CH9,10.151,min,260.143,µmol/L,Humid,17.918,deg,90478,µV,28.877,°C,1017,hPa,35.3,pmil,0,55.4,deg,20,°C,100,%a.s.,22.63,deg,20,°C,972,hPa,0.816,-0.01371,0.000397,-0.00013,0,10.11,Humid,22.75,0,51,240582.42,SABD0000000001,AAV1.0.0.11,1.1.2.0,PSt7-10,191107-136,2/17/22 12:14,0000-00,0,no battery,V
4/18/22,11:59:46,9,default,199182947,OXY-CH9,10.168,min,260.378,µmol/L,Humid,17.914,deg,90480,µV,28.86,°C,1017,hPa,35.3,pmil,0,55.4,deg,20,°C,100,%a.s.,22.63,deg,20,°C,972,hPa,0.816,-0.01371,0.000397,-0.00013,0,10.11,Humid,22.75,0,51,240566.29,SABD0000000001,AAV1.0.0.11,1.1.2.0,PSt7-10,191107-136,2/17/22 12:14,0000-00,0,no battery,V
4/18/22,11:59:47,9,default,199182947,OXY-CH9,10.184,min,260.305,µmol/L,Humid,17.917,deg,90472,µV,28.86,°C,1017,hPa,35.3,pmil,0,55.4,deg,20,°C,100,%a.s.,22.63,deg,20,°C,972,hPa,0.816,-0.01371,0.000397,-0.00013,0,10.11,Humid,22.75,0,51,240580.91,SABD0000000001,AAV1.0.0.11,1.1.2.0,PSt7-10,191107-136,2/17/22 12:14,0000-00,0,no battery,V
4/18/22,11:59:48,9,default,199182947,OXY-CH9,10.2,min,260.265,µmol/L,Humid,17.915,deg,90464,µV,28.871,°C,1017,hPa,35.3,pmil,0,55.4,deg,20,°C,100,%a.s.,22.63,deg,20,°C,972,hPa,0.816,-0.01371,0.000397,-0.00013,0,10.11,Humid,22.75,0,51,240575.77,SABD0000000001,AAV1.0.0.11,1.1.2.0,PSt7-10,191107-136,2/17/22 12:14,0000-00,0,no battery,V
4/18/22,11:59:49,9,default,199182947,OXY-CH9,10.217,min,260.275,µmol/L,Humid,17.915,deg,90460,µV,28.87,°C,1017,hPa,35.3,pmil,0,55.4,deg,20,°C,100,%a.s.,22.63,deg,20,°C,972,hPa,0.816,-0.01371,0.000397,-0.00013,0,10.11,Humid,22.75,0,51,240572.89,SABD0000000001,AAV1.0.0.11,1.1.2.0,PSt7-10,191107-136,2/17/22 12:14,0000-00,0,no battery,V
4/18/22,11:59:50,9,default,199182947,OXY-CH9,10.234,min,260.482,µmol/L,Humid,17.91,deg,90460,µV,28.86,°C,1017,hPa,35.3,pmil,0,55.4,deg,20,°C,100,%a.s.,22.63,deg,20,°C,972,hPa,0.816,-0.01371,0.000397,-0.00013,0,10.11,Humid,22.75,0,51,240578.86,SABD0000000001,AAV1.0.0.11,1.1.2.0,PSt7-10,191107-136,2/17/22 12:14,0000-00,0,no battery,V
4/18/22,11:59:51,9,default,199182947,OXY-CH9,10.251,min,260.446,µmol/L,Humid,17.914,deg,90459,µV,28.852,°C,1017,hPa,35.3,pmil,0,55.4,deg,20,°C,100,%a.s.,22.63,deg,20,°C,972,hPa,0.816,-0.01371,0.000397,-0.00013,0,10.11,Humid,22.75,0,51,240585.12,SABD0000000001,AAV1.0.0.11,1.1.2.0,PSt7-10,191107-136,2/17/22 12:14,0000-00,0,no battery,V
4/18/22,11:59:52,9,default,199182947,OXY-CH9,10.268,min,260.336,µmol/L,Humid,17.911,deg,90462,µV,28.875,°C,1017,hPa,35.3,pmil,0,55.4,deg,20,°C,100,%a.s.,22.63,deg,20,°C,972,hPa,0.816,-0.01371,0.000397,-0.00013,0,10.11,Humid,22.75,0,51,240580.8,SABD0000000001,AAV1.0.0.11,1.1.2.0,PSt7-10,191107-136,2/17/22 12:14,0000-00,0,no battery,V
4/18/22,11:59:53,9,default,199182947,OXY-CH9,10.284,min,260.452,µmol/L,Humid,17.907,deg,90454,µV,28.873,°C,1017,hPa,35.3,pmil,0,55.4,deg,20,°C,100,%a.s.,22.63,deg,20,°C,972,hPa,0.816,-0.01371,0.000397,-0.00013,0,10.11,Humid,22.75,0,51,240578.39,SABD0000000001,AAV1.0.0.11,1.1.2.0,PSt7-10,191107-136,2/17/22 12:14,0000-00,0,no battery,V
4/18/22,11:59:54,9,default,199182947,OXY-CH9,10.301,min,260.484,µmol/L,Humid,17.909,deg,90450,µV,28.863,°C,1017,hPa,35.3,pmil,0,55.4,deg,20,°C,100,%a.s.,22.63,deg,20,°C,972,hPa,0.816,-0.01371,0.000397,-0.00013,0,10.11,Humid,22.75,0,51,240585.53,SABD0000000001,AAV1.0.0.11,1.1.2.0,PSt7-10,191107-136,2/17/22 12:14,0000-00,0,no battery,V
4/18/22,11:59:55,9,default,199182947,OXY-CH9,10.318,min,260.382,µmol/L,Humid,17.913,deg,90451,µV,28.863,°C,1017,hPa,35.3,pmil,0,55.4,deg,20,°C,100,%a.s.,22.63,deg,20,°C,972,hPa,0.816,-0.01371,0.000397,-0.00013,0,10.11,Humid,22.75,0,51,240586.07,SABD0000000001,AAV1.0.0.11,1.1.2.0,PSt7-10,191107-136,2/17/22 12:14,0000-00,0,no battery,V
4/18/22,11:59:56,9,default,199182947,OXY-CH9,10.334,min,260.519,µmol/L,Humid,17.907,deg,90443,µV,28.865,°C,1017,hPa,35.3,pmil,0,55.4,deg,20,°C,100,%a.s.,22.63,deg,20,°C,972,hPa,0.816,-0.01371,0.000397,-0.00013,0,10.11,Humid,22.75,0,51,240590.38,SABD0000000001,AAV1.0.0.11,1.1.2.0,PSt7-10,191107-136,2/17/22 12:14,0000-00,0,no battery,V
4/18/22,11:59:57,9,default,199182947,OXY-CH9,10.351,min,260.554,µmol/L,Humid,17.906,deg,90435,µV,28.863,°C,1017,hPa,35.3,pmil,0,55.4,deg,20,°C,100,%a.s.,22.63,deg,20,°C,972,hPa,0.816,-0.01371,0.000397,-0.00013,0,10.11,Humid,22.75,0,51,240580.12,SABD0000000001,AAV1.0.0.11,1.1.2.0,PSt7-10,191107-136,2/17/22 12:14,0000-00,0,no battery,V
4/18/22,11:59:58,9,default,199182947,OXY-CH9,10.368,min,260.553,µmol/L,Humid,17.904,deg,90440,µV,28.87,°C,1017,hPa,35.3,pmil,0,55.4,deg,20,°C,100,%a.s.,22.63,deg,20,°C,972,hPa,0.816,-0.01371,0.000397,-0.00013,0,10.11,Humid,22.75,0,51,240578.97,SABD0000000001,AAV1.0.0.11,1.1.2.0,PSt7-10,191107-136,2/17/22 12:14,0000-00,0,no battery,V
4/18/22,11:59:59,9,default,199182947,OXY-CH9,10.384,min,260.575,µmol/L,Humid,17.908,deg,90432,µV,28.854,°C,1017,hPa,35.3,pmil,0,55.4,deg,20,°C,100,%a.s.,22.63,deg,20,°C,972,hPa,0.816,-0.01371,0.000397,-0.00013,0,10.11,Humid,22.75,0,51,240591.67,SABD0000000001,AAV1.0.0.11,1.1.2.0,PSt7-10,191107-136,2/17/22 12:14,0000-00,0,no battery,V
4/18/22,12:00:00,9,default,199182947,OXY-CH9,10.401,min,260.668,µmol/L,Humid,17.902,deg,90436,µV,28.861,°C,1017,hPa,35.3,pmil,0,55.4,deg,20,°C,100,%a.s.,22.63,deg,20,°C,972,hPa,0.816,-0.01371,0.000397,-0.00013,0,10.11,Humid,22.75,0,51,240583.77,SABD0000000001,AAV1.0.0.11,1.1.2.0,PSt7-10,191107-136,2/17/22 12:14,0000-00,0,no battery,V
4/18/22,12:00:01,9,default,199182947,OXY-CH9,10.417,min,260.656,µmol/L,Humid,17.903,deg,90435,µV,28.86,°C,1017,hPa,35.3,pmil,0,55.4,deg,20,°C,100,%a.s.,22.63,deg,20,°C,972,hPa,0.816,-0.01371,0.000397,-0.00013,0,10.11,Humid,22.75,0,51,240585.13,SABD0000000001,AAV1.0.0.11,1.1.2.0,PSt7-10,191107-136,2/17/22 12:14,0000-00,0,no battery,V
4/18/22,12:00:02,9,default,199182947,OXY-CH9,10.434,min,260.573,µmol/L,Humid,17.902,deg,90427,µV,28.873,°C,1017,hPa,35.3,pmil,0,55.4,deg,20,°C,100,%a.s.,22.63,deg,20,°C,972,hPa,0.816,-0.01371,0.000397,-0.00013,0,10.11,Humid,22.75,0,51,240588.63,SABD0000000001,AAV1.0.0.11,1.1.2.0,PSt7-10,191107-136,2/17/22 12:14,0000-00,0,no battery,V
4/18/22,12:00:03,9,default,199182947,OXY-CH9,10.451,min,260.588,µmol/L,Humid,17.904,deg,90426,µV,28.865,°C,1017,hPa,35.3,pmil,0,55.4,deg,20,°C,100,%a.s.,22.63,deg,20,°C,972,hPa,0.816,-0.01371,0.000397,-0.00013,0,10.11,Humid,22.75,0,51,240597.75,SABD0000000001,AAV1.0.0.11,1.1.2.0,PSt7-10,191107-136,2/17/22 12:14,0000-00,0,no battery,V
4/18/22,12:00:04,9,default,199182947,OXY-CH9,10.468,min,260.671,µmol/L,Humid,17.901,deg,90420,µV,28.864,°C,1017,hPa,35.3,pmil,0,55.4,deg,20,°C,100,%a.s.,22.63,deg,20,°C,972,hPa,0.816,-0.01371,0.000397,-0.00013,0,10.11,Humid,22.75,0,51,240587.53,SABD0000000001,AAV1.0.0.11,1.1.2.0,PSt7-10,191107-136,2/17/22 12:14,0000-00,0,no battery,V
4/18/22,12:00:05,9,default,199182947,OXY-CH9,10.484,min,260.532,µmol/L,Humid,17.904,deg,90418,µV,28.872,°C,1017,hPa,35.3,pmil,0,55.4,deg,20,°C,100,%a.s.,22.63,deg,20,°C,972,hPa,0.816,-0.01371,0.000397,-0.00013,0,10.11,Humid,22.75,0,51,240585.86,SABD0000000001,AAV1.0.0.11,1.1.2.0,PSt7-10,191107-136,2/17/22 12:14,0000-00,0,no battery,V
4/18/22,12:00:06,9,default,199182947,OXY-CH9,10.501,min,260.573,µmol/L,Humid,17.902,deg,90410,µV,28.873,°C,1017,hPa,35.3,pmil,0,55.4,deg,20,°C,100,%a.s.,22.63,deg,20,°C,972,hPa,0.816,-0.01371,0.000397,-0.00013,0,10.11,Humid,22.75,0,51,240595.04,SABD0000000001,AAV1.0.0.11,1.1.2.0,PSt7-10,191107-136,2/17/22 12:14,0000-00,0,no battery,V
4/18/22,12:00:07,9,default,199182947,OXY-CH9,10.518,min,260.687,µmol/L,Humid,17.903,deg,90404,µV,28.856,°C,1017,hPa,35.3,pmil,0,55.4,deg,20,°C,100,%a.s.,22.63,deg,20,°C,972,hPa,0.816,-0.01371,0.000397,-0.00013,0,10.11,Humid,22.75,0,51,240597.9,SABD0000000001,AAV1.0.0.11,1.1.2.0,PSt7-10,191107-136,2/17/22 12:14,0000-00,0,no battery,V
4/18/22,12:00:08,9,default,199182947,OXY-CH9,10.534,min,260.686,µmol/L,Humid,17.901,deg,90406,µV,28.862,°C,1017,hPa,35.3,pmil,0,55.4,deg,20,°C,100,%a.s.,22.63,deg,20,°C,972,hPa,0.816,-0.01371,0.000397,-0.00013,0,10.11,Humid,22.75,0,51,240601.83,SABD0000000001,AAV1.0.0.11,1.1.2.0,PSt7-10,191107-136,2/17/22 12:14,0000-00,0,no battery,V
4/18/22,12:00:09,9,default,199182947,OXY-CH9,10.55,min,260.725,µmol/L,Humid,17.898,deg,90406,µV,28.867,°C,1017,hPa,35.3,pmil,0,55.4,deg,20,°C,100,%a.s.,22.63,deg,20,°C,972,hPa,0.816,-0.01371,0.000397,-0.00013,0,10.11,Humid,22.75,0,51,240609.43,SABD0000000001,AAV1.0.0.11,1.1.2.0,PSt7-10,191107-136,2/17/22 12:14,0000-00,0,no battery,V
4/18/22,12:00:10,9,default,199182947,OXY-CH9,10.567,min,260.897,µmol/L,Humid,17.895,deg,90403,µV,28.855,°C,1017,hPa,35.3,pmil,0,55.4,deg,20,°C,100,%a.s.,22.63,deg,20,°C,972,hPa,0.816,-0.01371,0.000397,-0.00013,0,10.11,Humid,22.75,0,51,240607.09,SABD0000000001,AAV1.0.0.11,1.1.2.0,PSt7-10,191107-136,2/17/22 12:14,0000-00,0,no battery,V
4/18/22,12:00:11,9,default,199182947,OXY-CH9,10.584,min,260.804,µmol/L,Humid,17.895,deg,90391,µV,28.866,°C,1017,hPa,35.3,pmil,0,55.4,deg,20,°C,100,%a.s.,22.63,deg,20,°C,972,hPa,0.816,-0.01371,0.000397,-0.00013,0,10.11,Humid,22.75,0,51,240599.01,SABD0000000001,AAV1.0.0.11,1.1.2.0,PSt7-10,191107-136,2/17/22 12:14,0000-00,0,no battery,V
4/18/22,12:00:12,9,default,199182947,OXY-CH9,10.601,min,260.833,µmol/L,Humid,17.897,deg,90395,µV,28.856,°C,1017,hPa,35.3,pmil,0,55.4,deg,20,°C,100,%a.s.,22.63,deg,20,°C,972,hPa,0.816,-0.01371,0.000397,-0.00013,0,10.11,Humid,22.75,0,51,240600.48,SABD0000000001,AAV1.0.0.11,1.1.2.0,PSt7-10,191107-136,2/17/22 12:14,0000-00,0,no battery,V
4/18/22,12:00:13,9,default,199182947,OXY-CH9,10.618,min,260.781,µmol/L,Humid,17.893,deg,90396,µV,28.876,°C,1017,hPa,35.3,pmil,0,55.4,deg,20,°C,100,%a.s.,22.63,deg,20,°C,972,hPa,0.816,-0.01371,0.000397,-0.00013,0,10.11,Humid,22.75,0,51,240605.82,SABD0000000001,AAV1.0.0.11,1.1.2.0,PSt7-10,191107-136,2/17/22 12:14,0000-00,0,no battery,V
4/18/22,12:00:14,9,default,199182947,OXY-CH9,10.634,min,260.779,µmol/L,Humid,17.895,deg,90387,µV,28.87,°C,1017,hPa,35.3,pmil,0,55.4,deg,20,°C,100,%a.s.,22.63,deg,20,°C,972,hPa,0.816,-0.01371,0.000397,-0.00013,0,10.11,Humid,22.75,0,51,240597.94,SABD0000000001,AAV1.0.0.11,1.1.2.0,PSt7-10,191107-136,2/17/22 12:14,0000-00,0,no battery,V
4/18/22,12:00:15,9,default,199182947,OXY-CH9,10.651,min,260.882,µmol/L,Humid,17.893,deg,90395,µV,28.863,°C,1017,hPa,35.3,pmil,0,55.4,deg,20,°C,100,%a.s.,22.63,deg,20,°C,972,hPa,0.816,-0.01371,0.000397,-0.00013,0,10.11,Humid,22.75,0,51,240597.64,SABD0000000001,AAV1.0.0.11,1.1.2.0,PSt7-10,191107-136,2/17/22 12:14,0000-00,0,no battery,V
4/18/22,12:00:16,9,default,199182947,OXY-CH9,10.668,min,260.741,µmol/L,Humid,17.895,deg,90386,µV,28.874,°C,1017,hPa,35.3,pmil,0,55.4,deg,20,°C,100,%a.s.,22.63,deg,20,°C,972,hPa,0.816,-0.01371,0.000397,-0.00013,0,10.11,Humid,22.75,0,51,240609.57,SABD0000000001,AAV1.0.0.11,1.1.2.0,PSt7-10,191107-136,2/17/22 12:14,0000-00,0,no battery,V
4/18/22,12:00:17,9,default,199182947,OXY-CH9,10.684,min,260.896,µmol/L,Humid,17.891,deg,90384,µV,28.867,°C,1017,hPa,35.3,pmil,0,55.4,deg,20,°C,100,%a.s.,22.63,deg,20,°C,972,hPa,0.816,-0.01371,0.000397,-0.00013,0,10.11,Humid,22.75,0,51,240597.29,SABD0000000001,AAV1.0.0.11,1.1.2.0,PSt7-10,191107-136,2/17/22 12:14,0000-00,0,no battery,V
4/18/22,12:00:18,9,default,199182947,OXY-CH9,10.701,min,260.852,µmol/L,Humid,17.893,deg,90376,µV,28.867,°C,1017,hPa,35.3,pmil,0,55.4,deg,20,°C,100,%a.s.,22.63,deg,20,°C,972,hPa,0.816,-0.01371,0.000397,-0.00013,0,10.11,Humid,22.75,0,51,240611.28,SABD0000000001,AAV1.0.0.11,1.1.2.0,PSt7-10,191107-136,2/17/22 12:14,0000-00,0,no battery,V
4/18/22,12:00:19,9,default,199182947,OXY-CH9,10.717,min,260.995,µmol/L,Humid,17.891,deg,90377,µV,28.855,°C,1017,hPa,35.3,pmil,0,55.4,deg,20,°C,100,%a.s.,22.63,deg,20,°C,972,hPa,0.816,-0.01371,0.000397,-0.00013,0,10.11,Humid,22.75,0,51,240606.76,SABD0000000001,AAV1.0.0.11,1.1.2.0,PSt7-10,191107-136,2/17/22 12:14,0000-00,0,no battery,V
4/18/22,12:00:20,9,default,199182947,OXY-CH9,10.734,min,260.905,µmol/L,Humid,17.891,deg,90378,µV,28.866,°C,1017,hPa,35.3,pmil,0,55.4,deg,20,°C,100,%a.s.,22.63,deg,20,°C,972,hPa,0.816,-0.01371,0.000397,-0.00013,0,10.11,Humid,22.75,0,51,240626.8,SABD0000000001,AAV1.0.0.11,1.1.2.0,PSt7-10,191107-136,2/17/22 12:14,0000-00,0,no battery,V
4/18/22,12:00:21,9,default,199182947,OXY-CH9,10.751,min,260.888,µmol/L,Humid,17.89,deg,90380,µV,28.872,°C,1017,hPa,35.3,pmil,0,55.4,deg,20,°C,100,%a.s.,22.63,deg,20,°C,972,hPa,0.816,-0.01371,0.000397,-0.00013,0,10.11,Humid,22.75,0,51,240622.83,SABD0000000001,AAV1.0.0.11,1.1.2.0,PSt7-10,191107-136,2/17/22 12:14,0000-00,0,no battery,V
4/18/22,12:00:22,9,default,199182947,OXY-CH9,10.767,min,261.034,µmol/L,Humid,17.886,deg,90372,µV,28.866,°C,1017,hPa,35.3,pmil,0,55.4,deg,20,°C,100,%a.s.,22.63,deg,20,°C,972,hPa,0.816,-0.01371,0.000397,-0.00013,0,10.11,Humid,22.75,0,51,240617.22,SABD0000000001,AAV1.0.0.11,1.1.2.0,PSt7-10,191107-136,2/17/22 12:14,0000-00,0,no battery,V
4/18/22,12:00:23,9,default,199182947,OXY-CH9,10.784,min,260.995,µmol/L,Humid,17.89,deg,90364,µV,28.858,°C,1017,hPa,35.3,pmil,0,55.4,deg,20,°C,100,%a.s.,22.63,deg,20,°C,972,hPa,0.816,-0.01371,0.000397,-0.00013,0,10.11,Humid,22.75,0,51,240621.17,SABD0000000001,AAV1.0.0.11,1.1.2.0,PSt7-10,191107-136,2/17/22 12:14,0000-00,0,no battery,V
4/18/22,12:00:24,9,default,199182947,OXY-CH9,10.801,min,261.081,µmol/L,Humid,17.886,deg,90360,µV,28.86,°C,1017,hPa,35.3,pmil,0,55.4,deg,20,°C,100,%a.s.,22.63,deg,20,°C,972,hPa,0.816,-0.01371,0.000397,-0.00013,0,10.11,Humid,22.75,0,51,240608.83,SABD0000000001,AAV1.0.0.11,1.1.2.0,PSt7-10,191107-136,2/17/22 12:14,0000-00,0,no battery,V
4/18/22,12:00:25,9,default,199182947,OXY-CH9,10.817,min,261.132,µmol/L,Humid,17.883,deg,90362,µV,28.863,°C,1017,hPa,35.3,pmil,0,55.4,deg,20,°C,100,%a.s.,22.63,deg,20,°C,972,hPa,0.816,-0.01371,0.000397,-0.00013,0,10.11,Humid,22.75,0,51,240615.67,SABD0000000001,AAV1.0.0.11,1.1.2.0,PSt7-10,191107-136,2/17/22 12:14,0000-00,0,no battery,V
4/18/22,12:00:26,9,default,199182947,OXY-CH9,10.834,min,261.126,µmol/L,Humid,17.886,deg,90359,µV,28.854,°C,1017,hPa,35.3,pmil,0,55.4,deg,20,°C,100,%a.s.,22.63,deg,20,°C,972,hPa,0.816,-0.01371,0.000397,-0.00013,0,10.11,Humid,22.75,0,51,240615.65,SABD0000000001,AAV1.0.0.11,1.1.2.0,PSt7-10,191107-136,2/17/22 12:14,0000-00,0,no battery,V
4/18/22,12:00:27,9,default,199182947,OXY-CH9,10.851,min,261.041,µmol/L,Humid,17.887,deg,90352,µV,28.862,°C,1017,hPa,35.3,pmil,0,55.4,deg,20,°C,100,%a.s.,22.63,deg,20,°C,972,hPa,0.816,-0.01371,0.000397,-0.00013,0,10.11,Humid,22.75,0,51,240620.57,SABD0000000001,AAV1.0.0.11,1.1.2.0,PSt7-10,191107-136,2/17/22 12:14,0000-00,0,no battery,V
4/18/22,12:00:28,9,default,199182947,OXY-CH9,10.868,min,261.041,µmol/L,Humid,17.885,deg,90345,µV,28.868,°C,1017,hPa,35.3,pmil,0,55.4,deg,20,°C,100,%a.s.,22.63,deg,20,°C,972,hPa,0.816,-0.01371,0.000397,-0.00013,0,10.11,Humid,22.75,0,51,240621.54,SABD0000000001,AAV1.0.0.11,1.1.2.0,PSt7-10,191107-136,2/17/22 12:14,0000-00,0,no battery,V
4/18/22,12:00:29,9,default,199182947,OXY-CH9,10.885,min,261.248,µmol/L,Humid,17.882,deg,90348,µV,28.852,°C,1017,hPa,35.3,pmil,0,55.4,deg,20,°C,100,%a.s.,22.63,deg,20,°C,972,hPa,0.816,-0.01371,0.000397,-0.00013,0,10.11,Humid,22.75,0,51,240615.6,SABD0000000001,AAV1.0.0.11,1.1.2.0,PSt7-10,191107-136,2/17/22 12:14,0000-00,0,no battery,V
4/18/22,12:00:30,9,default,199182947,OXY-CH9,10.901,min,261.175,µmol/L,Humid,17.884,deg,90348,µV,28.854,°C,1017,hPa,35.3,pmil,0,55.4,deg,20,°C,100,%a.s.,22.63,deg,20,°C,972,hPa,0.816,-0.01371,0.000397,-0.00013,0,10.11,Humid,22.75,0,51,240621.89,SABD0000000001,AAV1.0.0.11,1.1.2.0,PSt7-10,191107-136,2/17/22 12:14,0000-00,0,no battery,V
4/18/22,12:00:31,9,default,199182947,OXY-CH9,10.917,min,260.997,µmol/L,Humid,17.883,deg,90343,µV,28.88,°C,1017,hPa,35.3,pmil,0,55.4,deg,20,°C,100,%a.s.,22.63,deg,20,°C,972,hPa,0.816,-0.01371,0.000397,-0.00013,0,10.11,Humid,22.75,0,51,240619.8,SABD0000000001,AAV1.0.0.11,1.1.2.0,PSt7-10,191107-136,2/17/22 12:14,0000-00,0,no battery,V
4/18/22,12:00:32,9,default,199182947,OXY-CH9,10.934,min,261.127,µmol/L,Humid,17.882,deg,90346,µV,28.867,°C,1017,hPa,35.3,pmil,0,55.4,deg,20,°C,100,%a.s.,22.63,deg,20,°C,972,hPa,0.816,-0.01371,0.000397,-0.00013,0,10.11,Humid,22.75,0,51,240636.91,SABD0000000001,AAV1.0.0.11,1.1.2.0,PSt7-10,191107-136,2/17/22 12:14,0000-00,0,no battery,V
4/18/22,12:00:33,9,default,199182947,OXY-CH9,10.951,min,261.285,µmol/L,Humid,17.877,deg,90339,µV,28.863,°C,1017,hPa,35.3,pmil,0,55.4,deg,20,°C,100,%a.s.,22.63,deg,20,°C,972,hPa,0.816,-0.01371,0.000397,-0.00013,0,10.11,Humid,22.75,0,51,240629.47,SABD0000000001,AAV1.0.0.11,1.1.2.0,PSt7-10,191107-136,2/17/22 12:14,0000-00,0,no battery,V
4/18/22,12:00:34,9,default,199182947,OXY-CH9,10.967,min,261.193,µmol/L,Humid,17.881,deg,90336,µV,28.862,°C,1017,hPa,35.3,pmil,0,55.4,deg,20,°C,100,%a.s.,22.63,deg,20,°C,972,hPa,0.816,-0.01371,0.000397,-0.00013,0,10.11,Humid,22.75,0,51,240624.04,SABD0000000001,AAV1.0.0.11,1.1.2.0,PSt7-10,191107-136,2/17/22 12:14,0000-00,0,no battery,V
4/18/22,12:00:35,9,default,199182947,OXY-CH9,10.984,min,261.133,µmol/L,Humid,17.881,deg,90328,µV,28.869,°C,1017,hPa,35.3,pmil,0,55.4,deg,20,°C,100,%a.s.,22.63,deg,20,°C,972,hPa,0.816,-0.01371,0.000397,-0.00013,0,10.11,Humid,22.75,0,51,240625.3,SABD0000000001,AAV1.0.0.11,1.1.2.0,PSt7-10,191107-136,2/17/22 12:14,0000-00,0,no battery,V
4/18/22,12:00:36,9,default,199182947,OXY-CH9,11.001,min,261.124,µmol/L,Humid,17.882,deg,90331,µV,28.867,°C,1017,hPa,35.3,pmil,0,55.4,deg,20,°C,100,%a.s.,22.63,deg,20,°C,972,hPa,0.816,-0.01371,0.000397,-0.00013,0,10.11,Humid,22.75,0,51,240634.13,SABD0000000001,AAV1.0.0.11,1.1.2.0,PSt7-10,191107-136,2/17/22 12:14,0000-00,0,no battery,V
4/18/22,12:00:37,9,default,199182947,OXY-CH9,11.018,min,261.162,µmol/L,Humid,17.881,deg,90337,µV,28.865,°C,1017,hPa,35.3,pmil,0,55.4,deg,20,°C,100,%a.s.,22.63,deg,20,°C,972,hPa,0.816,-0.01371,0.000397,-0.00013,0,10.11,Humid,22.75,0,51,240635.19,SABD0000000001,AAV1.0.0.11,1.1.2.0,PSt7-10,191107-136,2/17/22 12:14,0000-00,0,no battery,V
4/18/22,12:00:38,9,default,199182947,OXY-CH9,11.034,min,261.26,µmol/L,Humid,17.879,deg,90326,µV,28.859,°C,1017,hPa,35.3,pmil,0,55.4,deg,20,°C,100,%a.s.,22.63,deg,20,°C,972,hPa,0.816,-0.01371,0.000397,-0.00013,0,10.11,Humid,22.75,0,51,240625.93,SABD0000000001,AAV1.0.0.11,1.1.2.0,PSt7-10,191107-136,2/17/22 12:14,0000-00,0,no battery,V
4/18/22,12:00:39,9,default,199182947,OXY-CH9,11.051,min,261.366,µmol/L,Humid,17.877,deg,90323,µV,28.852,°C,1017,hPa,35.3,pmil,0,55.4,deg,20,°C,100,%a.s.,22.63,deg,20,°C,972,hPa,0.816,-0.01371,0.000397,-0.00013,0,10.11,Humid,22.75,0,51,240631.32,SABD0000000001,AAV1.0.0.11,1.1.2.0,PSt7-10,191107-136,2/17/22 12:14,0000-00,0,no battery,V
4/18/22,12:00:40,9,default,199182947,OXY-CH9,11.067,min,261.344,µmol/L,Humid,17.877,deg,90315,µV,28.855,°C,1017,hPa,35.3,pmil,0,55.4,deg,20,°C,100,%a.s.,22.63,deg,20,°C,972,hPa,0.816,-0.01371,0.000397,-0.00013,0,10.11,Humid,22.75,0,51,240638.07,SABD0000000001,AAV1.0.0.11,1.1.2.0,PSt7-10,191107-136,2/17/22 12:14,0000-00,0,no battery,V
4/18/22,12:00:41,9,default,199182947,OXY-CH9,11.084,min,261.242,µmol/L,Humid,17.878,deg,90314,µV,28.865,°C,1017,hPa,35.3,pmil,0,55.4,deg,20,°C,100,%a.s.,22.63,deg,20,°C,972,hPa,0.816,-0.01371,0.000397,-0.00013,0,10.11,Humid,22.75,0,51,240635.09,SABD0000000001,AAV1.0.0.11,1.1.2.0,PSt7-10,191107-136,2/17/22 12:14,0000-00,0,no battery,V
4/18/22,12:00:42,9,default,199182947,OXY-CH9,11.101,min,261.389,µmol/L,Humid,17.877,deg,90307,µV,28.85,°C,1017,hPa,35.3,pmil,0,55.4,deg,20,°C,100,%a.s.,22.63,deg,20,°C,972,hPa,0.816,-0.01371,0.000397,-0.00013,0,10.11,Humid,22.75,0,51,240634.55,SABD0000000001,AAV1.0.0.11,1.1.2.0,PSt7-10,191107-136,2/17/22 12:14,0000-00,0,no battery,V
4/18/22,12:00:43,9,default,199182947,OXY-CH9,11.117,min,261.293,µmol/L,Humid,17.88,deg,90311,µV,28.852,°C,1017,hPa,35.3,pmil,0,55.4,deg,20,°C,100,%a.s.,22.63,deg,20,°C,972,hPa,0.816,-0.01371,0.000397,-0.00013,0,10.11,Humid,22.75,0,51,240621.49,SABD0000000001,AAV1.0.0.11,1.1.2.0,PSt7-10,191107-136,2/17/22 12:14,0000-00,0,no battery,V
4/18/22,12:00:44,9,default,199182947,OXY-CH9,11.134,min,261.456,µmol/L,Humid,17.873,deg,90308,µV,28.854,°C,1017,hPa,35.3,pmil,0,55.4,deg,20,°C,100,%a.s.,22.63,deg,20,°C,972,hPa,0.816,-0.01371,0.000397,-0.00013,0,10.11,Humid,22.75,0,51,240631.52,SABD0000000001,AAV1.0.0.11,1.1.2.0,PSt7-10,191107-136,2/17/22 12:14,0000-00,0,no battery,V
4/18/22,12:00:45,9,default,199182947,OXY-CH9,11.151,min,261.421,µmol/L,Humid,17.874,deg,90305,µV,28.855,°C,1017,hPa,35.3,pmil,0,55.4,deg,20,°C,100,%a.s.,22.63,deg,20,°C,972,hPa,0.816,-0.01371,0.000397,-0.00013,0,10.11,Humid,22.75,0,51,240634.7,SABD0000000001,AAV1.0.0.11,1.1.2.0,PSt7-10,191107-136,2/17/22 12:14,0000-00,0,no battery,V
4/18/22,12:00:46,9,default,199182947,OXY-CH9,11.168,min,261.454,µmol/L,Humid,17.872,deg,90302,µV,28.857,°C,1017,hPa,35.3,pmil,0,55.4,deg,20,°C,100,%a.s.,22.63,deg,20,°C,972,hPa,0.816,-0.01371,0.000397,-0.00013,0,10.11,Humid,22.75,0,51,240644.15,SABD0000000001,AAV1.0.0.11,1.1.2.0,PSt7-10,191107-136,2/17/22 12:14,0000-00,0,no battery,V
4/18/22,12:00:47,9,default,199182947,OXY-CH9,11.184,min,261.544,µmol/L,Humid,17.872,deg,90301,µV,28.846,°C,1017,hPa,35.3,pmil,0,55.4,deg,20,°C,100,%a.s.,22.63,deg,20,°C,972,hPa,0.816,-0.01371,0.000397,-0.00013,0,10.11,Humid,22.75,0,51,240642.15,SABD0000000001,AAV1.0.0.11,1.1.2.0,PSt7-10,191107-136,2/17/22 12:14,0000-00,0,no battery,V
4/18/22,12:00:48,9,default,199182947,OXY-CH9,11.201,min,261.459,µmol/L,Humid,17.872,deg,90297,µV,28.856,°C,1017,hPa,35.3,pmil,0,55.4,deg,20,°C,100,%a.s.,22.63,deg,20,°C,972,hPa,0.816,-0.01371,0.000397,-0.00013,0,10.11,Humid,22.75,0,51,240652.33,SABD0000000001,AAV1.0.0.11,1.1.2.0,PSt7-10,191107-136,2/17/22 12:14,0000-00,0,no battery,V
4/18/22,12:00:49,9,default,199182947,OXY-CH9,11.218,min,261.417,µmol/L,Humid,17.87,deg,90304,µV,28.868,°C,1017,hPa,35.3,pmil,0,55.4,deg,20,°C,100,%a.s.,22.63,deg,20,°C,972,hPa,0.816,-0.01371,0.000397,-0.00013,0,10.11,Humid,22.75,0,51,240640.11,SABD0000000001,AAV1.0.0.11,1.1.2.0,PSt7-10,191107-136,2/17/22 12:14,0000-00,0,no battery,V
4/18/22,12:00:50,9,default,199182947,OXY-CH9,11.235,min,261.38,µmol/L,Humid,17.871,deg,90294,µV,28.869,°C,1017,hPa,35.3,pmil,0,55.4,deg,20,°C,100,%a.s.,22.63,deg,20,°C,972,hPa,0.816,-0.01371,0.000397,-0.00013,0,10.11,Humid,22.75,0,51,240644.69,SABD0000000001,AAV1.0.0.11,1.1.2.0,PSt7-10,191107-136,2/17/22 12:14,0000-00,0,no battery,V
4/18/22,12:00:51,9,default,199182947,OXY-CH9,11.251,min,261.394,µmol/L,Humid,17.87,deg,90289,µV,28.871,°C,1017,hPa,35.3,pmil,0,55.4,deg,20,°C,100,%a.s.,22.63,deg,20,°C,972,hPa,0.816,-0.01371,0.000397,-0.00013,0,10.11,Humid,22.75,0,51,240638.91,SABD0000000001,AAV1.0.0.11,1.1.2.0,PSt7-10,191107-136,2/17/22 12:14,0000-00,0,no battery,V
4/18/22,12:00:52,9,default,199182947,OXY-CH9,11.267,min,261.437,µmol/L,Humid,17.871,deg,90289,µV,28.862,°C,1017,hPa,35.3,pmil,0,55.4,deg,20,°C,100,%a.s.,22.63,deg,20,°C,972,hPa,0.816,-0.01371,0.000397,-0.00013,0,10.11,Humid,22.75,0,51,240661.27,SABD0000000001,AAV1.0.0.11,1.1.2.0,PSt7-10,191107-136,2/17/22 12:14,0000-00,0,no battery,V
4/18/22,12:00:53,9,default,199182947,OXY-CH9,11.284,min,261.541,µmol/L,Humid,17.869,deg,90286,µV,28.856,°C,1017,hPa,35.3,pmil,0,55.4,deg,20,°C,100,%a.s.,22.63,deg,20,°C,972,hPa,0.816,-0.01371,0.000397,-0.00013,0,10.11,Humid,22.75,0,51,240655.23,SABD0000000001,AAV1.0.0.11,1.1.2.0,PSt7-10,191107-136,2/17/22 12:14,0000-00,0,no battery,V
4/18/22,12:00:54,9,default,199182947,OXY-CH9,11.301,min,261.47,µmol/L,Humid,17.867,deg,90287,µV,28.871,°C,1017,hPa,35.3,pmil,0,55.4,deg,20,°C,100,%a.s.,22.63,deg,20,°C,972,hPa,0.816,-0.01371,0.000397,-0.00013,0,10.11,Humid,22.75,0,51,240654.92,SABD0000000001,AAV1.0.0.11,1.1.2.0,PSt7-10,191107-136,2/17/22 12:14,0000-00,0,no battery,V
4/18/22,12:00:55,9,default,199182947,OXY-CH9,11.317,min,261.4,µmol/L,Humid,17.872,deg,90276,µV,28.864,°C,1017,hPa,35.3,pmil,0,55.4,deg,20,°C,100,%a.s.,22.63,deg,20,°C,972,hPa,0.816,-0.01371,0.000397,-0.00013,0,10.11,Humid,22.75,0,51,240648.13,SABD0000000001,AAV1.0.0.11,1.1.2.0,PSt7-10,191107-136,2/17/22 12:14,0000-00,0,no battery,V
4/18/22,12:00:56,9,default,199182947,OXY-CH9,11.334,min,261.573,µmol/L,Humid,17.867,deg,90277,µV,28.858,°C,1017,hPa,35.3,pmil,0,55.4,deg,20,°C,100,%a.s.,22.63,deg,20,°C,972,hPa,0.816,-0.01371,0.000397,-0.00013,0,10.11,Humid,22.75,0,51,240661.84,SABD0000000001,AAV1.0.0.11,1.1.2.0,PSt7-10,191107-136,2/17/22 12:14,0000-00,0,no battery,V
4/18/22,12:00:57,9,default,199182947,OXY-CH9,11.351,min,261.538,µmol/L,Humid,17.866,deg,90274,µV,28.865,°C,1017,hPa,35.3,pmil,0,55.4,deg,20,°C,100,%a.s.,22.63,deg,20,°C,972,hPa,0.816,-0.01371,0.000397,-0.00013,0,10.11,Humid,22.75,0,51,240654.15,SABD0000000001,AAV1.0.0.11,1.1.2.0,PSt7-10,191107-136,2/17/22 12:14,0000-00,0,no battery,V
4/18/22,12:00:58,9,default,199182947,OXY-CH9,11.368,min,261.823,µmol/L,Humid,17.859,deg,90268,µV,28.852,°C,1017,hPa,35.3,pmil,0,55.4,deg,20,°C,100,%a.s.,22.63,deg,20,°C,972,hPa,0.816,-0.01371,0.000397,-0.00013,0,10.11,Humid,22.75,0,51,240654.68,SABD0000000001,AAV1.0.0.11,1.1.2.0,PSt7-10,191107-136,2/17/22 12:14,0000-00,0,no battery,V
4/18/22,12:00:59,9,default,199182947,OXY-CH9,11.384,min,261.667,µmol/L,Humid,17.861,deg,90263,µV,28.865,°C,1017,hPa,35.3,pmil,0,55.4,deg,20,°C,100,%a.s.,22.63,deg,20,°C,972,hPa,0.816,-0.01371,0.000397,-0.00013,0,10.11,Humid,22.75,0,51,240650.12,SABD0000000001,AAV1.0.0.11,1.1.2.0,PSt7-10,191107-136,2/17/22 12:14,0000-00,0,no battery,V
4/18/22,12:01:00,9,default,199182947,OXY-CH9,11.401,min,261.685,µmol/L,Humid,17.862,deg,90256,µV,28.86,°C,1017,hPa,35.3,pmil,0,55.4,deg,20,°C,100,%a.s.,22.63,deg,20,°C,972,hPa,0.816,-0.01371,0.000397,-0.00013,0,10.11,Humid,22.75,0,51,240644.9,SABD0000000001,AAV1.0.0.11,1.1.2.0,PSt7-10,191107-136,2/17/22 12:14,0000-00,0,no battery,V
4/18/22,12:01:01,9,default,199182947,OXY-CH9,11.418,min,261.618,µmol/L,Humid,17.863,deg,90258,µV,28.865,°C,1017,hPa,35.3,pmil,0,55.4,deg,20,°C,100,%a.s.,22.63,deg,20,°C,972,hPa,0.816,-0.01371,0.000397,-0.00013,0,10.11,Humid,22.75,0,51,240652.29,SABD0000000001,AAV1.0.0.11,1.1.2.0,PSt7-10,191107-136,2/17/22 12:14,0000-00,0,no battery,V
4/18/22,12:01:02,9,default,199182947,OXY-CH9,11.434,min,261.713,µmol/L,Humid,17.862,deg,90255,µV,28.856,°C,1017,hPa,35.3,pmil,0,55.4,deg,20,°C,100,%a.s.,22.63,deg,20,°C,972,hPa,0.816,-0.01371,0.000397,-0.00013,0,10.11,Humid,22.75,0,51,240651.43,SABD0000000001,AAV1.0.0.11,1.1.2.0,PSt7-10,191107-136,2/17/22 12:14,0000-00,0,no battery,V
4/18/22,12:01:03,9,default,199182947,OXY-CH9,11.451,min,261.672,µmol/L,Humid,17.861,deg,90257,µV,28.864,°C,1017,hPa,35.3,pmil,0,55.4,deg,20,°C,100,%a.s.,22.63,deg,20,°C,972,hPa,0.816,-0.01371,0.000397,-0.00013,0,10.11,Humid,22.75,0,51,240647.44,SABD0000000001,AAV1.0.0.11,1.1.2.0,PSt7-10,191107-136,2/17/22 12:14,0000-00,0,no battery,V
4/18/22,12:01:04,9,default,199182947,OXY-CH9,11.467,min,261.673,µmol/L,Humid,17.864,deg,90252,µV,28.855,°C,1017,hPa,35.3,pmil,0,55.4,deg,20,°C,100,%a.s.,22.63,deg,20,°C,972,hPa,0.816,-0.01371,0.000397,-0.00013,0,10.11,Humid,22.75,0,51,240655.83,SABD0000000001,AAV1.0.0.11,1.1.2.0,PSt7-10,191107-136,2/17/22 12:14,0000-00,0,no battery,V
4/18/22,12:01:05,9,default,199182947,OXY-CH9,11.484,min,261.771,µmol/L,Humid,17.857,deg,90245,µV,28.865,°C,1017,hPa,35.3,pmil,0,55.4,deg,20,°C,100,%a.s.,22.63,deg,20,°C,972,hPa,0.816,-0.01371,0.000397,-0.00013,0,10.11,Humid,22.75,0,51,240648.04,SABD0000000001,AAV1.0.0.11,1.1.2.0,PSt7-10,191107-136,2/17/22 12:14,0000-00,0,no battery,V
4/18/22,12:01:06,9,default,199182947,OXY-CH9,11.501,min,261.779,µmol/L,Humid,17.862,deg,90244,µV,28.848,°C,1017,hPa,35.3,pmil,0,55.4,deg,20,°C,100,%a.s.,22.63,deg,20,°C,972,hPa,0.816,-0.01371,0.000397,-0.00013,0,10.11,Humid,22.75,0,51,240649.38,SABD0000000001,AAV1.0.0.11,1.1.2.0,PSt7-10,191107-136,2/17/22 12:14,0000-00,0,no battery,V
4/18/22,12:01:07,9,default,199182947,OXY-CH9,11.517,min,261.772,µmol/L,Humid,17.861,deg,90240,µV,28.852,°C,1017,hPa,35.3,pmil,0,55.4,deg,20,°C,100,%a.s.,22.63,deg,20,°C,972,hPa,0.816,-0.01371,0.000397,-0.00013,0,10.11,Humid,22.75,0,51,240652.53,SABD0000000001,AAV1.0.0.11,1.1.2.0,PSt7-10,191107-136,2/17/22 12:14,0000-00,0,no battery,V
4/18/22,12:01:08,9,default,199182947,OXY-CH9,11.534,min,261.821,µmol/L,Humid,17.857,deg,90237,µV,28.858,°C,1017,hPa,35.3,pmil,0,55.4,deg,20,°C,100,%a.s.,22.63,deg,20,°C,972,hPa,0.816,-0.01371,0.000397,-0.00013,0,10.11,Humid,22.75,0,51,240646.71,SABD0000000001,AAV1.0.0.11,1.1.2.0,PSt7-10,191107-136,2/17/22 12:14,0000-00,0,no battery,V
4/18/22,12:01:09,9,default,199182947,OXY-CH9,11.551,min,261.851,µmol/L,Humid,17.852,deg,90233,µV,28.87,°C,1017,hPa,35.3,pmil,0,55.4,deg,20,°C,100,%a.s.,22.63,deg,20,°C,972,hPa,0.816,-0.01371,0.000397,-0.00013,0,10.11,Humid,22.75,0,51,240656.83,SABD0000000001,AAV1.0.0.11,1.1.2.0,PSt7-10,191107-136,2/17/22 12:14,0000-00,0,no battery,V
4/18/22,12:01:10,9,default,199182947,OXY-CH9,11.568,min,261.869,µmol/L,Humid,17.853,deg,90225,µV,28.865,°C,1017,hPa,35.3,pmil,0,55.4,deg,20,°C,100,%a.s.,22.63,deg,20,°C,972,hPa,0.816,-0.01371,0.000397,-0.00013,0,10.11,Humid,22.75,0,51,240651.78,SABD0000000001,AAV1.0.0.11,1.1.2.0,PSt7-10,191107-136,2/17/22 12:14,0000-00,0,no battery,V
4/18/22,12:01:11,9,default,199182947,OXY-CH9,11.584,min,262.005,µmol/L,Humid,17.852,deg,90230,µV,28.851,°C,1017,hPa,35.3,pmil,0,55.4,deg,20,°C,100,%a.s.,22.63,deg,20,°C,972,hPa,0.816,-0.01371,0.000397,-0.00013,0,10.11,Humid,22.75,0,51,240655.08,SABD0000000001,AAV1.0.0.11,1.1.2.0,PSt7-10,191107-136,2/17/22 12:14,0000-00,0,no battery,V
4/18/22,12:01:12,9,default,199182947,OXY-CH9,11.601,min,261.849,µmol/L,Humid,17.853,deg,90231,µV,28.867,°C,1017,hPa,35.3,pmil,0,55.4,deg,20,°C,100,%a.s.,22.63,deg,20,°C,972,hPa,0.816,-0.01371,0.000397,-0.00013,0,10.11,Humid,22.75,0,51,240656.41,SABD0000000001,AAV1.0.0.11,1.1.2.0,PSt7-10,191107-136,2/17/22 12:14,0000-00,0,no battery,V
4/18/22,12:01:13,9,default,199182947,OXY-CH9,11.618,min,261.905,µmol/L,Humid,17.853,deg,90223,µV,28.86,°C,1017,hPa,35.3,pmil,0,55.4,deg,20,°C,100,%a.s.,22.63,deg,20,°C,972,hPa,0.816,-0.01371,0.000397,-0.00013,0,10.11,Humid,22.75,0,51,240660.01,SABD0000000001,AAV1.0.0.11,1.1.2.0,PSt7-10,191107-136,2/17/22 12:14,0000-00,0,no battery,V
4/18/22,12:01:14,9,default,199182947,OXY-CH9,11.634,min,261.852,µmol/L,Humid,17.853,deg,90212,µV,28.867,°C,1017,hPa,35.3,pmil,0,55.4,deg,20,°C,100,%a.s.,22.63,deg,20,°C,972,hPa,0.816,-0.01371,0.000397,-0.00013,0,10.11,Humid,22.75,0,51,240667.16,SABD0000000001,AAV1.0.0.11,1.1.2.0,PSt7-10,191107-136,2/17/22 12:14,0000-00,0,no battery,V
4/18/22,12:01:15,9,default,199182947,OXY-CH9,11.65,min,261.817,µmol/L,Humid,17.854,deg,90218,µV,28.868,°C,1017,hPa,35.3,pmil,0,55.4,deg,20,°C,100,%a.s.,22.63,deg,20,°C,972,hPa,0.816,-0.01371,0.000397,-0.00013,0,10.11,Humid,22.75,0,51,240655.61,SABD0000000001,AAV1.0.0.11,1.1.2.0,PSt7-10,191107-136,2/17/22 12:14,0000-00,0,no battery,V
4/18/22,12:01:16,9,default,199182947,OXY-CH9,11.667,min,261.83,µmol/L,Humid,17.856,deg,90218,µV,28.86,°C,1017,hPa,35.3,pmil,0,55.4,deg,20,°C,100,%a.s.,22.63,deg,20,°C,972,hPa,0.816,-0.01371,0.000397,-0.00013,0,10.11,Humid,22.75,0,51,240669,SABD0000000001,AAV1.0.0.11,1.1.2.0,PSt7-10,191107-136,2/17/22 12:14,0000-00,0,no battery,V
4/18/22,12:01:17,9,default,199182947,OXY-CH9,11.684,min,262.009,µmol/L,Humid,17.851,deg,90212,µV,28.854,°C,1017,hPa,35.3,pmil,0,55.4,deg,20,°C,100,%a.s.,22.63,deg,20,°C,972,hPa,0.816,-0.01371,0.000397,-0.00013,0,10.11,Humid,22.75,0,51,240678.31,SABD0000000001,AAV1.0.0.11,1.1.2.0,PSt7-10,191107-136,2/17/22 12:14,0000-00,0,no battery,V
4/18/22,12:01:18,9,default,199182947,OXY-CH9,11.701,min,262.005,µmol/L,Humid,17.853,deg,90209,µV,28.848,°C,1017,hPa,35.3,pmil,0,55.4,deg,20,°C,100,%a.s.,22.63,deg,20,°C,972,hPa,0.816,-0.01371,0.000397,-0.00013,0,10.11,Humid,22.75,0,51,240665.72,SABD0000000001,AAV1.0.0.11,1.1.2.0,PSt7-10,191107-136,2/17/22 12:14,0000-00,0,no battery,V
4/18/22,12:01:19,9,default,199182947,OXY-CH9,11.717,min,261.888,µmol/L,Humid,17.852,deg,90210,µV,28.866,°C,1017,hPa,35.3,pmil,0,55.4,deg,20,°C,100,%a.s.,22.63,deg,20,°C,972,hPa,0.816,-0.01371,0.000397,-0.00013,0,10.11,Humid,22.75,0,51,240672.72,SABD0000000001,AAV1.0.0.11,1.1.2.0,PSt7-10,191107-136,2/17/22 12:14,0000-00,0,no battery,V
4/18/22,12:01:20,9,default,199182947,OXY-CH9,11.734,min,262.099,µmol/L,Humid,17.845,deg,90202,µV,28.861,°C,1017,hPa,35.3,pmil,0,55.4,deg,20,°C,100,%a.s.,22.63,deg,20,°C,972,hPa,0.816,-0.01371,0.000397,-0.00013,0,10.11,Humid,22.75,0,51,240679.61,SABD0000000001,AAV1.0.0.11,1.1.2.0,PSt7-10,191107-136,2/17/22 12:14,0000-00,0,no battery,V
4/18/22,12:01:21,9,default,199182947,OXY-CH9,11.751,min,262.087,µmol/L,Humid,17.847,deg,90195,µV,28.857,°C,1017,hPa,35.3,pmil,0,55.4,deg,20,°C,100,%a.s.,22.63,deg,20,°C,972,hPa,0.816,-0.01371,0.000397,-0.00013,0,10.11,Humid,22.75,0,51,240669.78,SABD0000000001,AAV1.0.0.11,1.1.2.0,PSt7-10,191107-136,2/17/22 12:14,0000-00,0,no battery,V
4/18/22,12:01:22,9,default,199182947,OXY-CH9,11.767,min,262.084,µmol/L,Humid,17.847,deg,90192,µV,28.857,°C,1017,hPa,35.3,pmil,0,55.4,deg,20,°C,100,%a.s.,22.63,deg,20,°C,972,hPa,0.816,-0.01371,0.000397,-0.00013,0,10.11,Humid,22.75,0,51,240669.1,SABD0000000001,AAV1.0.0.11,1.1.2.0,PSt7-10,191107-136,2/17/22 12:14,0000-00,0,no battery,V
4/18/22,12:01:23,9,default,199182947,OXY-CH9,11.784,min,262.209,µmol/L,Humid,17.844,deg,90191,µV,28.851,°C,1017,hPa,35.3,pmil,0,55.4,deg,20,°C,100,%a.s.,22.63,deg,20,°C,972,hPa,0.816,-0.01371,0.000397,-0.00013,0,10.11,Humid,22.75,0,51,240673.27,SABD0000000001,AAV1.0.0.11,1.1.2.0,PSt7-10,191107-136,2/17/22 12:14,0000-00,0,no battery,V
4/18/22,12:01:24,9,default,199182947,OXY-CH9,11.801,min,262.128,µmol/L,Humid,17.845,deg,90190,µV,28.858,°C,1017,hPa,35.3,pmil,0,55.4,deg,20,°C,100,%a.s.,22.63,deg,20,°C,972,hPa,0.816,-0.01371,0.000397,-0.00013,0,10.11,Humid,22.75,0,51,240672.6,SABD0000000001,AAV1.0.0.11,1.1.2.0,PSt7-10,191107-136,2/17/22 12:14,0000-00,0,no battery,V
4/18/22,12:01:25,9,default,199182947,OXY-CH9,11.818,min,262.184,µmol/L,Humid,17.846,deg,90186,µV,28.848,°C,1017,hPa,35.3,pmil,0,55.4,deg,20,°C,100,%a.s.,22.63,deg,20,°C,972,hPa,0.816,-0.01371,0.000397,-0.00013,0,10.11,Humid,22.75,0,51,240678.45,SABD0000000001,AAV1.0.0.11,1.1.2.0,PSt7-10,191107-136,2/17/22 12:14,0000-00,0,no battery,V
4/18/22,12:01:26,9,default,199182947,OXY-CH9,11.834,min,262.21,µmol/L,Humid,17.844,deg,90178,µV,28.851,°C,1017,hPa,35.3,pmil,0,55.4,deg,20,°C,100,%a.s.,22.63,deg,20,°C,972,hPa,0.816,-0.01371,0.000397,-0.00013,0,10.11,Humid,22.75,0,51,240678.11,SABD0000000001,AAV1.0.0.11,1.1.2.0,PSt7-10,191107-136,2/17/22 12:14,0000-00,0,no battery,V
4/18/22,12:01:27,9,default,199182947,OXY-CH9,11.851,min,262.182,µmol/L,Humid,17.845,deg,90181,µV,28.851,°C,1017,hPa,35.3,pmil,0,55.4,deg,20,°C,100,%a.s.,22.63,deg,20,°C,972,hPa,0.816,-0.01371,0.000397,-0.00013,0,10.11,Humid,22.75,0,51,240680.49,SABD0000000001,AAV1.0.0.11,1.1.2.0,PSt7-10,191107-136,2/17/22 12:14,0000-00,0,no battery,V
4/18/22,12:01:28,9,default,199182947,OXY-CH9,11.868,min,262.253,µmol/L,Humid,17.84,deg,90180,µV,28.858,°C,1017,hPa,35.3,pmil,0,55.4,deg,20,°C,100,%a.s.,22.63,deg,20,°C,972,hPa,0.816,-0.01371,0.000397,-0.00013,0,10.11,Humid,22.75,0,51,240677.09,SABD0000000001,AAV1.0.0.11,1.1.2.0,PSt7-10,191107-136,2/17/22 12:14,0000-00,0,no battery,V
4/18/22,12:01:29,9,default,199182947,OXY-CH9,11.885,min,262.081,µmol/L,Humid,17.846,deg,90169,µV,28.86,°C,1017,hPa,35.3,pmil,0,55.4,deg,20,°C,100,%a.s.,22.63,deg,20,°C,972,hPa,0.816,-0.01371,0.000397,-0.00013,0,10.11,Humid,22.75,0,51,240683.01,SABD0000000001,AAV1.0.0.11,1.1.2.0,PSt7-10,191107-136,2/17/22 12:14,0000-00,0,no battery,V
4/18/22,12:01:30,9,default,199182947,OXY-CH9,11.901,min,262.227,µmol/L,Humid,17.839,deg,90169,µV,28.864,°C,1017,hPa,35.3,pmil,0,55.4,deg,20,°C,100,%a.s.,22.63,deg,20,°C,972,hPa,0.816,-0.01371,0.000397,-0.00013,0,10.11,Humid,22.75,0,51,240674.07,SABD0000000001,AAV1.0.0.11,1.1.2.0,PSt7-10,191107-136,2/17/22 12:14,0000-00,0,no battery,V
4/18/22,12:01:31,9,default,199182947,OXY-CH9,11.917,min,262.14,µmol/L,Humid,17.844,deg,90167,µV,28.859,°C,1017,hPa,35.3,pmil,0,55.4,deg,20,°C,100,%a.s.,22.63,deg,20,°C,972,hPa,0.816,-0.01371,0.000397,-0.00013,0,10.11,Humid,22.75,0,51,240678.23,SABD0000000001,AAV1.0.0.11,1.1.2.0,PSt7-10,191107-136,2/17/22 12:14,0000-00,0,no battery,V
4/18/22,12:01:32,9,default,199182947,OXY-CH9,11.934,min,262.298,µmol/L,Humid,17.838,deg,90166,µV,28.858,°C,1017,hPa,35.3,pmil,0,55.4,deg,20,°C,100,%a.s.,22.63,deg,20,°C,972,hPa,0.816,-0.01371,0.000397,-0.00013,0,10.11,Humid,22.75,0,51,240691.18,SABD0000000001,AAV1.0.0.11,1.1.2.0,PSt7-10,191107-136,2/17/22 12:14,0000-00,0,no battery,V
4/18/22,12:01:33,9,default,199182947,OXY-CH9,11.951,min,262.289,µmol/L,Humid,17.837,deg,90157,µV,28.863,°C,1017,hPa,35.3,pmil,0,55.4,deg,20,°C,100,%a.s.,22.63,deg,20,°C,972,hPa,0.816,-0.01371,0.000397,-0.00013,0,10.11,Humid,22.75,0,51,240676.67,SABD0000000001,AAV1.0.0.11,1.1.2.0,PSt7-10,191107-136,2/17/22 12:14,0000-00,0,no battery,V
4/18/22,12:01:34,9,default,199182947,OXY-CH9,11.967,min,262.398,µmol/L,Humid,17.839,deg,90153,µV,28.843,°C,1017,hPa,35.3,pmil,0,55.4,deg,20,°C,100,%a.s.,22.63,deg,20,°C,972,hPa,0.816,-0.01371,0.000397,-0.00013,0,10.11,Humid,22.75,0,51,240673.11,SABD0000000001,AAV1.0.0.11,1.1.2.0,PSt7-10,191107-136,2/17/22 12:14,0000-00,0,no battery,V
4/18/22,12:01:35,9,default,199182947,OXY-CH9,11.984,min,262.433,µmol/L,Humid,17.838,deg,90155,µV,28.842,°C,1017,hPa,35.3,pmil,0,55.4,deg,20,°C,100,%a.s.,22.63,deg,20,°C,972,hPa,0.816,-0.01371,0.000397,-0.00013,0,10.11,Humid,22.75,0,51,240680.09,SABD0000000001,AAV1.0.0.11,1.1.2.0,PSt7-10,191107-136,2/17/22 12:14,0000-00,0,no battery,V
4/18/22,12:01:36,9,default,199182947,OXY-CH9,12.001,min,262.302,µmol/L,Humid,17.836,deg,90152,µV,28.864,°C,1017,hPa,35.3,pmil,0,55.4,deg,20,°C,100,%a.s.,22.63,deg,20,°C,972,hPa,0.816,-0.01371,0.000397,-0.00013,0,10.11,Humid,22.75,0,51,240679.61,SABD0000000001,AAV1.0.0.11,1.1.2.0,PSt7-10,191107-136,2/17/22 12:14,0000-00,0,no battery,V
4/18/22,12:01:37,9,default,199182947,OXY-CH9,12.017,min,262.274,µmol/L,Humid,17.839,deg,90152,µV,28.858,°C,1017,hPa,35.3,pmil,0,55.4,deg,20,°C,100,%a.s.,22.63,deg,20,°C,972,hPa,0.816,-0.01371,0.000397,-0.00013,0,10.11,Humid,22.75,0,51,240671.57,SABD0000000001,AAV1.0.0.11,1.1.2.0,PSt7-10,191107-136,2/17/22 12:14,0000-00,0,no battery,V
4/18/22,12:01:38,9,default,199182947,OXY-CH9,12.034,min,262.361,µmol/L,Humid,17.834,deg,90146,µV,28.863,°C,1017,hPa,35.3,pmil,0,55.4,deg,20,°C,100,%a.s.,22.63,deg,20,°C,972,hPa,0.816,-0.01371,0.000397,-0.00013,0,10.11,Humid,22.75,0,51,240679.61,SABD0000000001,AAV1.0.0.11,1.1.2.0,PSt7-10,191107-136,2/17/22 12:14,0000-00,0,no battery,V
4/18/22,12:01:39,9,default,199182947,OXY-CH9,12.051,min,262.327,µmol/L,Humid,17.836,deg,90144,µV,28.861,°C,1017,hPa,35.3,pmil,0,55.4,deg,20,°C,100,%a.s.,22.63,deg,20,°C,972,hPa,0.816,-0.01371,0.000397,-0.00013,0,10.11,Humid,22.75,0,51,240670.05,SABD0000000001,AAV1.0.0.11,1.1.2.0,PSt7-10,191107-136,2/17/22 12:14,0000-00,0,no battery,V
4/18/22,12:01:40,9,default,199182947,OXY-CH9,12.068,min,262.389,µmol/L,Humid,17.835,deg,90135,µV,28.857,°C,1017,hPa,35.3,pmil,0,55.4,deg,20,°C,100,%a.s.,22.63,deg,20,°C,972,hPa,0.816,-0.01371,0.000397,-0.00013,0,10.11,Humid,22.75,0,51,240684.61,SABD0000000001,AAV1.0.0.11,1.1.2.0,PSt7-10,191107-136,2/17/22 12:14,0000-00,0,no battery,V
4/18/22,12:01:41,9,default,199182947,OXY-CH9,12.085,min,262.53,µmol/L,Humid,17.833,deg,90131,µV,28.845,°C,1017,hPa,35.3,pmil,0,55.4,deg,20,°C,100,%a.s.,22.63,deg,20,°C,972,hPa,0.816,-0.01371,0.000397,-0.00013,0,10.11,Humid,22.75,0,51,240673.84,SABD0000000001,AAV1.0.0.11,1.1.2.0,PSt7-10,191107-136,2/17/22 12:14,0000-00,0,no battery,V
4/18/22,12:01:42,9,default,199182947,OXY-CH9,12.1,min,262.523,µmol/L,Humid,17.829,deg,90131,µV,28.859,°C,1017,hPa,35.3,pmil,0,55.4,deg,20,°C,100,%a.s.,22.63,deg,20,°C,972,hPa,0.816,-0.01371,0.000397,-0.00013,0,10.11,Humid,22.75,0,51,240684.8,SABD0000000001,AAV1.0.0.11,1.1.2.0,PSt7-10,191107-136,2/17/22 12:14,0000-00,0,no battery,V
4/18/22,12:01:43,9,default,199182947,OXY-CH9,12.117,min,262.503,µmol/L,Humid,17.83,deg,90135,µV,28.858,°C,1017,hPa,35.3,pmil,0,55.4,deg,20,°C,100,%a.s.,22.63,deg,20,°C,972,hPa,0.816,-0.01371,0.000397,-0.00013,0,10.11,Humid,22.75,0,51,240666,SABD0000000001,AAV1.0.0.11,1.1.2.0,PSt7-10,191107-136,2/17/22 12:14,0000-00,0,no battery,V
4/18/22,12:01:44,9,default,199182947,OXY-CH9,12.134,min,262.721,µmol/L,Humid,17.826,deg,90129,µV,28.843,°C,1017,hPa,35.3,pmil,0,55.4,deg,20,°C,100,%a.s.,22.63,deg,20,°C,972,hPa,0.816,-0.01371,0.000397,-0.00013,0,10.11,Humid,22.75,0,51,240682.42,SABD0000000001,AAV1.0.0.11,1.1.2.0,PSt7-10,191107-136,2/17/22 12:14,0000-00,0,no battery,V
4/18/22,12:01:45,9,default,199182947,OXY-CH9,12.151,min,262.672,µmol/L,Humid,17.828,deg,90126,µV,28.843,°C,1017,hPa,35.3,pmil,0,55.4,deg,20,°C,100,%a.s.,22.63,deg,20,°C,972,hPa,0.816,-0.01371,0.000397,-0.00013,0,10.11,Humid,22.75,0,51,240675.41,SABD0000000001,AAV1.0.0.11,1.1.2.0,PSt7-10,191107-136,2/17/22 12:14,0000-00,0,no battery,V
4/18/22,12:01:46,9,default,199182947,OXY-CH9,12.167,min,262.599,µmol/L,Humid,17.83,deg,90116,µV,28.846,°C,1017,hPa,35.3,pmil,0,55.4,deg,20,°C,100,%a.s.,22.63,deg,20,°C,972,hPa,0.816,-0.01371,0.000397,-0.00013,0,10.11,Humid,22.75,0,51,240679.63,SABD0000000001,AAV1.0.0.11,1.1.2.0,PSt7-10,191107-136,2/17/22 12:14,0000-00,0,no battery,V
4/18/22,12:01:47,9,default,199182947,OXY-CH9,12.184,min,262.499,µmol/L,Humid,17.83,deg,90122,µV,28.859,°C,1017,hPa,35.3,pmil,0,55.4,deg,20,°C,100,%a.s.,22.63,deg,20,°C,972,hPa,0.816,-0.01371,0.000397,-0.00013,0,10.11,Humid,22.75,0,51,240697.62,SABD0000000001,AAV1.0.0.11,1.1.2.0,PSt7-10,191107-136,2/17/22 12:14,0000-00,0,no battery,V
4/18/22,12:01:48,9,default,199182947,OXY-CH9,12.201,min,262.439,µmol/L,Humid,17.83,deg,90114,µV,28.866,°C,1017,hPa,35.3,pmil,0,55.4,deg,20,°C,100,%a.s.,22.63,deg,20,°C,972,hPa,0.816,-0.01371,0.000397,-0.00013,0,10.11,Humid,22.75,0,51,240693.94,SABD0000000001,AAV1.0.0.11,1.1.2.0,PSt7-10,191107-136,2/17/22 12:14,0000-00,0,no battery,V
4/18/22,12:01:49,9,default,199182947,OXY-CH9,12.218,min,262.629,µmol/L,Humid,17.829,deg,90104,µV,28.846,°C,1017,hPa,35.3,pmil,0,55.4,deg,20,°C,100,%a.s.,22.63,deg,20,°C,972,hPa,0.816,-0.01371,0.000397,-0.00013,0,10.11,Humid,22.75,0,51,240693.35,SABD0000000001,AAV1.0.0.11,1.1.2.0,PSt7-10,191107-136,2/17/22 12:14,0000-00,0,no battery,V
4/18/22,12:01:50,9,default,199182947,OXY-CH9,12.234,min,262.539,µmol/L,Humid,17.827,deg,90108,µV,28.863,°C,1017,hPa,35.3,pmil,0,55.4,deg,20,°C,100,%a.s.,22.63,deg,20,°C,972,hPa,0.816,-0.01371,0.000397,-0.00013,0,10.11,Humid,22.75,0,51,240683.03,SABD0000000001,AAV1.0.0.11,1.1.2.0,PSt7-10,191107-136,2/17/22 12:14,0000-00,0,no battery,V
4/18/22,12:01:51,9,default,199182947,OXY-CH9,12.251,min,262.454,µmol/L,Humid,17.832,deg,90107,µV,28.858,°C,1017,hPa,35.3,pmil,0,55.4,deg,20,°C,100,%a.s.,22.63,deg,20,°C,972,hPa,0.816,-0.01371,0.000397,-0.00013,0,10.11,Humid,22.75,0,51,240695.3,SABD0000000001,AAV1.0.0.11,1.1.2.0,PSt7-10,191107-136,2/17/22 12:14,0000-00,0,no battery,V
4/18/22,12:01:52,9,default,199182947,OXY-CH9,12.268,min,262.612,µmol/L,Humid,17.822,deg,90100,µV,28.87,°C,1017,hPa,35.3,pmil,0,55.4,deg,20,°C,100,%a.s.,22.63,deg,20,°C,972,hPa,0.816,-0.01371,0.000397,-0.00013,0,10.11,Humid,22.75,0,51,240683.54,SABD0000000001,AAV1.0.0.11,1.1.2.0,PSt7-10,191107-136,2/17/22 12:14,0000-00,0,no battery,V
4/18/22,12:01:53,9,default,199182947,OXY-CH9,12.284,min,262.712,µmol/L,Humid,17.823,deg,90104,µV,28.854,°C,1017,hPa,35.3,pmil,0,55.4,deg,20,°C,100,%a.s.,22.63,deg,20,°C,972,hPa,0.816,-0.01371,0.000397,-0.00013,0,10.11,Humid,22.75,0,51,240689.08,SABD0000000001,AAV1.0.0.11,1.1.2.0,PSt7-10,191107-136,2/17/22 12:14,0000-00,0,no battery,V
4/18/22,12:01:54,9,default,199182947,OXY-CH9,12.3,min,262.687,µmol/L,Humid,17.825,deg,90095,µV,28.851,°C,1017,hPa,35.3,pmil,0,55.4,deg,20,°C,100,%a.s.,22.63,deg,20,°C,972,hPa,0.816,-0.01371,0.000397,-0.00013,0,10.11,Humid,22.75,0,51,240689.04,SABD0000000001,AAV1.0.0.11,1.1.2.0,PSt7-10,191107-136,2/17/22 12:14,0000-00,0,no battery,V
4/18/22,12:01:55,9,default,199182947,OXY-CH9,12.317,min,262.809,µmol/L,Humid,17.822,deg,90092,µV,28.845,°C,1017,hPa,35.3,pmil,0,55.4,deg,20,°C,100,%a.s.,22.63,deg,20,°C,972,hPa,0.816,-0.01371,0.000397,-0.00013,0,10.11,Humid,22.75,0,51,240693.37,SABD0000000001,AAV1.0.0.11,1.1.2.0,PSt7-10,191107-136,2/17/22 12:14,0000-00,0,no battery,V
4/18/22,12:01:56,9,default,199182947,OXY-CH9,12.334,min,262.64,µmol/L,Humid,17.824,deg,90093,µV,28.86,°C,1017,hPa,35.3,pmil,0,55.4,deg,20,°C,100,%a.s.,22.63,deg,20,°C,972,hPa,0.816,-0.01371,0.000397,-0.00013,0,10.11,Humid,22.75,0,51,240704.44,SABD0000000001,AAV1.0.0.11,1.1.2.0,PSt7-10,191107-136,2/17/22 12:14,0000-00,0,no battery,V
4/18/22,12:01:57,9,default,199182947,OXY-CH9,12.351,min,262.678,µmol/L,Humid,17.823,deg,90094,µV,28.858,°C,1017,hPa,35.3,pmil,0,55.4,deg,20,°C,100,%a.s.,22.63,deg,20,°C,972,hPa,0.816,-0.01371,0.000397,-0.00013,0,10.11,Humid,22.75,0,51,240703.26,SABD0000000001,AAV1.0.0.11,1.1.2.0,PSt7-10,191107-136,2/17/22 12:14,0000-00,0,no battery,V
4/18/22,12:01:58,9,default,199182947,OXY-CH9,12.367,min,262.594,µmol/L,Humid,17.825,deg,90090,µV,28.862,°C,1017,hPa,35.3,pmil,0,55.4,deg,20,°C,100,%a.s.,22.63,deg,20,°C,972,hPa,0.816,-0.01371,0.000397,-0.00013,0,10.11,Humid,22.75,0,51,240702.22,SABD0000000001,AAV1.0.0.11,1.1.2.0,PSt7-10,191107-136,2/17/22 12:14,0000-00,0,no battery,V
4/18/22,12:01:59,9,default,199182947,OXY-CH9,12.384,min,262.914,µmol/L,Humid,17.817,deg,90075,µV,28.848,°C,1017,hPa,35.3,pmil,0,55.4,deg,20,°C,100,%a.s.,22.63,deg,20,°C,972,hPa,0.816,-0.01371,0.000397,-0.00013,0,10.11,Humid,22.75,0,51,240697.79,SABD0000000001,AAV1.0.0.11,1.1.2.0,PSt7-10,191107-136,2/17/22 12:14,0000-00,0,no battery,V
4/18/22,12:02:00,9,default,199182947,OXY-CH9,12.401,min,262.846,µmol/L,Humid,17.822,deg,90083,µV,28.84,°C,1017,hPa,35.3,pmil,0,55.4,deg,20,°C,100,%a.s.,22.63,deg,20,°C,972,hPa,0.816,-0.01371,0.000397,-0.00013,0,10.11,Humid,22.75,0,51,240699.97,SABD0000000001,AAV1.0.0.11,1.1.2.0,PSt7-10,191107-136,2/17/22 12:14,0000-00,0,no battery,V
4/18/22,12:02:01,9,default,199182947,OXY-CH9,12.418,min,262.819,µmol/L,Humid,17.819,deg,90076,µV,28.853,°C,1017,hPa,35.3,pmil,0,55.4,deg,20,°C,100,%a.s.,22.63,deg,20,°C,972,hPa,0.816,-0.01371,0.000397,-0.00013,0,10.11,Humid,22.75,0,51,240705.66,SABD0000000001,AAV1.0.0.11,1.1.2.0,PSt7-10,191107-136,2/17/22 12:14,0000-00,0,no battery,V
4/18/22,12:02:02,9,default,199182947,OXY-CH9,12.434,min,262.79,µmol/L,Humid,17.819,deg,90075,µV,28.857,°C,1017,hPa,35.3,pmil,0,55.4,deg,20,°C,100,%a.s.,22.63,deg,20,°C,972,hPa,0.816,-0.01371,0.000397,-0.00013,0,10.11,Humid,22.75,0,51,240701.74,SABD0000000001,AAV1.0.0.11,1.1.2.0,PSt7-10,191107-136,2/17/22 12:14,0000-00,0,no battery,V
4/18/22,12:02:03,9,default,199182947,OXY-CH9,12.451,min,262.824,µmol/L,Humid,17.819,deg,90064,µV,28.853,°C,1017,hPa,35.3,pmil,0,55.4,deg,20,°C,100,%a.s.,22.63,deg,20,°C,972,hPa,0.816,-0.01371,0.000397,-0.00013,0,10.11,Humid,22.75,0,51,240711.71,SABD0000000001,AAV1.0.0.11,1.1.2.0,PSt7-10,191107-136,2/17/22 12:14,0000-00,0,no battery,V
4/18/22,12:02:04,9,default,199182947,OXY-CH9,12.468,min,262.958,µmol/L,Humid,17.816,deg,90071,µV,28.845,°C,1017,hPa,35.3,pmil,0,55.4,deg,20,°C,100,%a.s.,22.63,deg,20,°C,972,hPa,0.816,-0.01371,0.000397,-0.00013,0,10.11,Humid,22.75,0,51,240712.29,SABD0000000001,AAV1.0.0.11,1.1.2.0,PSt7-10,191107-136,2/17/22 12:14,0000-00,0,no battery,V
4/18/22,12:02:05,9,default,199182947,OXY-CH9,12.484,min,262.912,µmol/L,Humid,17.819,deg,90060,µV,28.842,°C,1017,hPa,35.3,pmil,0,55.4,deg,20,°C,100,%a.s.,22.63,deg,20,°C,972,hPa,0.816,-0.01371,0.000397,-0.00013,0,10.11,Humid,22.75,0,51,240698.73,SABD0000000001,AAV1.0.0.11,1.1.2.0,PSt7-10,191107-136,2/17/22 12:14,0000-00,0,no battery,V
4/18/22,12:02:06,9,default,199182947,OXY-CH9,12.501,min,262.813,µmol/L,Humid,17.815,deg,90057,µV,28.866,°C,1017,hPa,35.3,pmil,0,55.4,deg,20,°C,100,%a.s.,22.63,deg,20,°C,972,hPa,0.816,-0.01371,0.000397,-0.00013,0,10.11,Humid,22.75,0,51,240706.22,SABD0000000001,AAV1.0.0.11,1.1.2.0,PSt7-10,191107-136,2/17/22 12:14,0000-00,0,no battery,V
4/18/22,12:02:07,9,default,199182947,OXY-CH9,12.518,min,262.916,µmol/L,Humid,17.813,deg,90054,µV,28.86,°C,1017,hPa,35.3,pmil,0,55.4,deg,20,°C,100,%a.s.,22.63,deg,20,°C,972,hPa,0.816,-0.01371,0.000397,-0.00013,0,10.11,Humid,22.75,0,51,240710.18,SABD0000000001,AAV1.0.0.11,1.1.2.0,PSt7-10,191107-136,2/17/22 12:14,0000-00,0,no battery,V
4/18/22,12:02:08,9,default,199182947,OXY-CH9,12.534,min,262.862,µmol/L,Humid,17.816,deg,90050,µV,28.857,°C,1017,hPa,35.3,pmil,0,55.4,deg,20,°C,100,%a.s.,22.63,deg,20,°C,972,hPa,0.816,-0.01371,0.000397,-0.00013,0,10.11,Humid,22.75,0,51,240702.87,SABD0000000001,AAV1.0.0.11,1.1.2.0,PSt7-10,191107-136,2/17/22 12:14,0000-00,0,no battery,V
4/18/22,12:02:09,9,default,199182947,OXY-CH9,12.551,min,262.895,µmol/L,Humid,17.814,deg,90050,µV,28.859,°C,1017,hPa,35.3,pmil,0,55.4,deg,20,°C,100,%a.s.,22.63,deg,20,°C,972,hPa,0.816,-0.01371,0.000397,-0.00013,0,10.11,Humid,22.75,0,51,240700.63,SABD0000000001,AAV1.0.0.11,1.1.2.0,PSt7-10,191107-136,2/17/22 12:14,0000-00,0,no battery,V
4/18/22,12:02:10,9,default,199182947,OXY-CH9,12.567,min,262.982,µmol/L,Humid,17.811,deg,90038,µV,28.858,°C,1017,hPa,35.3,pmil,0,55.4,deg,20,°C,100,%a.s.,22.63,deg,20,°C,972,hPa,0.816,-0.01371,0.000397,-0.00013,0,10.11,Humid,22.75,0,51,240709.15,SABD0000000001,AAV1.0.0.11,1.1.2.0,PSt7-10,191107-136,2/17/22 12:14,0000-00,0,no battery,V
4/18/22,12:02:11,9,default,199182947,OXY-CH9,12.584,min,263.002,µmol/L,Humid,17.811,deg,90040,µV,28.856,°C,1017,hPa,35.3,pmil,0,55.4,deg,20,°C,100,%a.s.,22.63,deg,20,°C,972,hPa,0.816,-0.01371,0.000397,-0.00013,0,10.11,Humid,22.75,0,51,240714.98,SABD0000000001,AAV1.0.0.11,1.1.2.0,PSt7-10,191107-136,2/17/22 12:14,0000-00,0,no battery,V
4/18/22,12:02:12,9,default,199182947,OXY-CH9,12.601,min,262.958,µmol/L,Humid,17.814,deg,90036,µV,28.852,°C,1017,hPa,35.3,pmil,0,55.4,deg,20,°C,100,%a.s.,22.63,deg,20,°C,972,hPa,0.816,-0.01371,0.000397,-0.00013,0,10.11,Humid,22.75,0,51,240710.9,SABD0000000001,AAV1.0.0.11,1.1.2.0,PSt7-10,191107-136,2/17/22 12:14,0000-00,0,no battery,V
4/18/22,12:02:13,9,default,199182947,OXY-CH9,12.618,min,263.148,µmol/L,Humid,17.808,deg,90034,µV,28.847,°C,1017,hPa,35.3,pmil,0,55.4,deg,20,°C,100,%a.s.,22.63,deg,20,°C,972,hPa,0.816,-0.01371,0.000397,-0.00013,0,10.11,Humid,22.75,0,51,240699.01,SABD0000000001,AAV1.0.0.11,1.1.2.0,PSt7-10,191107-136,2/17/22 12:14,0000-00,0,no battery,V
4/18/22,12:02:14,9,default,199182947,OXY-CH9,12.634,min,262.968,µmol/L,Humid,17.813,deg,90035,µV,28.854,°C,1017,hPa,35.3,pmil,0,55.4,deg,20,°C,100,%a.s.,22.63,deg,20,°C,972,hPa,0.816,-0.01371,0.000397,-0.00013,0,10.11,Humid,22.75,0,51,240716.33,SABD0000000001,AAV1.0.0.11,1.1.2.0,PSt7-10,191107-136,2/17/22 12:14,0000-00,0,no battery,V
4/18/22,12:02:15,9,default,199182947,OXY-CH9,12.651,min,263.128,µmol/L,Humid,17.806,deg,90024,µV,28.856,°C,1017,hPa,35.3,pmil,0,55.4,deg,20,°C,100,%a.s.,22.63,deg,20,°C,972,hPa,0.816,-0.01371,0.000397,-0.00013,0,10.11,Humid,22.75,0,51,240706.01,SABD0000000001,AAV1.0.0.11,1.1.2.0,PSt7-10,191107-136,2/17/22 12:14,0000-00,0,no battery,V
4/18/22,12:02:16,9,default,199182947,OXY-CH9,12.667,min,263.127,µmol/L,Humid,17.808,deg,90024,µV,28.849,°C,1017,hPa,35.3,pmil,0,55.4,deg,20,°C,100,%a.s.,22.63,deg,20,°C,972,hPa,0.816,-0.01371,0.000397,-0.00013,0,10.11,Humid,22.75,0,51,240705.36,SABD0000000001,AAV1.0.0.11,1.1.2.0,PSt7-10,191107-136,2/17/22 12:14,0000-00,0,no battery,V
4/18/22,12:02:17,9,default,199182947,OXY-CH9,12.684,min,262.975,µmol/L,Humid,17.809,deg,90021,µV,28.865,°C,1017,hPa,35.3,pmil,0,55.4,deg,20,°C,100,%a.s.,22.63,deg,20,°C,972,hPa,0.816,-0.01371,0.000397,-0.00013,0,10.11,Humid,22.75,0,51,240710.41,SABD0000000001,AAV1.0.0.11,1.1.2.0,PSt7-10,191107-136,2/17/22 12:14,0000-00,0,no battery,V
4/18/22,12:02:18,9,default,199182947,OXY-CH9,12.701,min,263.083,µmol/L,Humid,17.806,deg,90017,µV,28.861,°C,1017,hPa,35.3,pmil,0,55.4,deg,20,°C,100,%a.s.,22.63,deg,20,°C,972,hPa,0.816,-0.01371,0.000397,-0.00013,0,10.11,Humid,22.75,0,51,240708.13,SABD0000000001,AAV1.0.0.11,1.1.2.0,PSt7-10,191107-136,2/17/22 12:14,0000-00,0,no battery,V
4/18/22,12:02:19,9,default,199182947,OXY-CH9,12.718,min,263.013,µmol/L,Humid,17.809,deg,90017,µV,28.861,°C,1017,hPa,35.3,pmil,0,55.4,deg,20,°C,100,%a.s.,22.63,deg,20,°C,972,hPa,0.816,-0.01371,0.000397,-0.00013,0,10.11,Humid,22.75,0,51,240711.7,SABD0000000001,AAV1.0.0.11,1.1.2.0,PSt7-10,191107-136,2/17/22 12:14,0000-00,0,no battery,V
4/18/22,12:02:20,9,default,199182947,OXY-CH9,12.735,min,263.171,µmol/L,Humid,17.809,deg,90010,µV,28.841,°C,1017,hPa,35.3,pmil,0,55.4,deg,20,°C,100,%a.s.,22.63,deg,20,°C,972,hPa,0.816,-0.01371,0.000397,-0.00013,0,10.11,Humid,22.75,0,51,240708.27,SABD0000000001,AAV1.0.0.11,1.1.2.0,PSt7-10,191107-136,2/17/22 12:14,0000-00,0,no battery,V
4/18/22,12:02:21,9,default,199182947,OXY-CH9,12.751,min,263.184,µmol/L,Humid,17.803,deg,90000,µV,28.858,°C,1017,hPa,35.3,pmil,0,55.4,deg,20,°C,100,%a.s.,22.63,deg,20,°C,972,hPa,0.816,-0.01371,0.000397,-0.00013,0,10.11,Humid,22.75,0,51,240707.59,SABD0000000001,AAV1.0.0.11,1.1.2.0,PSt7-10,191107-136,2/17/22 12:14,0000-00,0,no battery,V
4/18/22,12:02:22,9,default,199182947,OXY-CH9,12.767,min,263.37,µmol/L,Humid,17.8,deg,90003,µV,28.845,°C,1017,hPa,35.3,pmil,0,55.4,deg,20,°C,100,%a.s.,22.63,deg,20,°C,972,hPa,0.816,-0.01371,0.000397,-0.00013,0,10.11,Humid,22.75,0,51,240712.86,SABD0000000001,AAV1.0.0.11,1.1.2.0,PSt7-10,191107-136,2/17/22 12:14,0000-00,0,no battery,V
4/18/22,12:02:23,9,default,199182947,OXY-CH9,12.784,min,263.479,µmol/L,Humid,17.803,deg,89997,µV,28.821,°C,1017,hPa,35.3,pmil,0,55.4,deg,20,°C,100,%a.s.,22.63,deg,20,°C,972,hPa,0.816,-0.01371,0.000397,-0.00013,0,10.11,Humid,22.75,0,51,240714.97,SABD0000000001,AAV1.0.0.11,1.1.2.0,PSt7-10,191107-136,2/17/22 12:14,0000-00,0,no battery,V
4/18/22,12:02:24,9,default,199182947,OXY-CH9,12.801,min,263.466,µmol/L,Humid,17.803,deg,89995,µV,28.823,°C,1017,hPa,35.3,pmil,0,55.4,deg,20,°C,100,%a.s.,22.63,deg,20,°C,972,hPa,0.816,-0.01371,0.000397,-0.00013,0,10.11,Humid,22.75,0,51,240717.74,SABD0000000001,AAV1.0.0.11,1.1.2.0,PSt7-10,191107-136,2/17/22 12:14,0000-00,0,no battery,V
4/18/22,12:02:25,9,default,199182947,OXY-CH9,12.817,min,263.154,µmol/L,Humid,17.803,deg,89983,µV,28.862,°C,1017,hPa,35.3,pmil,0,55.4,deg,20,°C,100,%a.s.,22.63,deg,20,°C,972,hPa,0.816,-0.01371,0.000397,-0.00013,0,10.11,Humid,22.75,0,51,240709.29,SABD0000000001,AAV1.0.0.11,1.1.2.0,PSt7-10,191107-136,2/17/22 12:14,0000-00,0,no battery,V
4/18/22,12:02:26,9,default,199182947,OXY-CH9,12.834,min,263.212,µmol/L,Humid,17.802,deg,89992,µV,28.858,°C,1017,hPa,35.3,pmil,0,55.4,deg,20,°C,100,%a.s.,22.63,deg,20,°C,972,hPa,0.816,-0.01371,0.000397,-0.00013,0,10.11,Humid,22.75,0,51,240717.36,SABD0000000001,AAV1.0.0.11,1.1.2.0,PSt7-10,191107-136,2/17/22 12:14,0000-00,0,no battery,V
4/18/22,12:02:27,9,default,199182947,OXY-CH9,12.851,min,263.3,µmol/L,Humid,17.803,deg,89986,µV,28.844,°C,1017,hPa,35.3,pmil,0,55.4,deg,20,°C,100,%a.s.,22.63,deg,20,°C,972,hPa,0.816,-0.01371,0.000397,-0.00013,0,10.11,Humid,22.75,0,51,240715.9,SABD0000000001,AAV1.0.0.11,1.1.2.0,PSt7-10,191107-136,2/17/22 12:14,0000-00,0,no battery,V
4/18/22,12:02:28,9,default,199182947,OXY-CH9,12.868,min,263.278,µmol/L,Humid,17.8,deg,89981,µV,28.856,°C,1017,hPa,35.3,pmil,0,55.4,deg,20,°C,100,%a.s.,22.63,deg,20,°C,972,hPa,0.816,-0.01371,0.000397,-0.00013,0,10.11,Humid,22.75,0,51,240723.28,SABD0000000001,AAV1.0.0.11,1.1.2.0,PSt7-10,191107-136,2/17/22 12:14,0000-00,0,no battery,V
4/18/22,12:02:29,9,default,199182947,OXY-CH9,12.884,min,263.292,µmol/L,Humid,17.803,deg,89982,µV,28.845,°C,1017,hPa,35.3,pmil,0,55.4,deg,20,°C,100,%a.s.,22.63,deg,20,°C,972,hPa,0.816,-0.01371,0.000397,-0.00013,0,10.11,Humid,22.75,0,51,240713.83,SABD0000000001,AAV1.0.0.11,1.1.2.0,PSt7-10,191107-136,2/17/22 12:14,0000-00,0,no battery,V
4/18/22,12:02:30,9,default,199182947,OXY-CH9,12.901,min,263.35,µmol/L,Humid,17.8,deg,89973,µV,28.847,°C,1017,hPa,35.3,pmil,0,55.4,deg,20,°C,100,%a.s.,22.63,deg,20,°C,972,hPa,0.816,-0.01371,0.000397,-0.00013,0,10.11,Humid,22.75,0,51,240724.34,SABD0000000001,AAV1.0.0.11,1.1.2.0,PSt7-10,191107-136,2/17/22 12:14,0000-00,0,no battery,V
4/18/22,12:02:31,9,default,199182947,OXY-CH9,12.918,min,263.399,µmol/L,Humid,17.798,deg,89980,µV,28.847,°C,1017,hPa,35.3,pmil,0,55.4,deg,20,°C,100,%a.s.,22.63,deg,20,°C,972,hPa,0.816,-0.01371,0.000397,-0.00013,0,10.11,Humid,22.75,0,51,240715.67,SABD0000000001,AAV1.0.0.11,1.1.2.0,PSt7-10,191107-136,2/17/22 12:14,0000-00,0,no battery,V
4/18/22,12:02:32,9,default,199182947,OXY-CH9,12.934,min,263.504,µmol/L,Humid,17.795,deg,89971,µV,28.843,°C,1017,hPa,35.3,pmil,0,55.4,deg,20,°C,100,%a.s.,22.63,deg,20,°C,972,hPa,0.816,-0.01371,0.000397,-0.00013,0,10.11,Humid,22.75,0,51,240722.5,SABD0000000001,AAV1.0.0.11,1.1.2.0,PSt7-10,191107-136,2/17/22 12:14,0000-00,0,no battery,V
4/18/22,12:02:33,9,default,199182947,OXY-CH9,12.951,min,263.353,µmol/L,Humid,17.799,deg,89965,µV,28.85,°C,1017,hPa,35.3,pmil,0,55.4,deg,20,°C,100,%a.s.,22.63,deg,20,°C,972,hPa,0.816,-0.01371,0.000397,-0.00013,0,10.11,Humid,22.75,0,51,240700.53,SABD0000000001,AAV1.0.0.11,1.1.2.0,PSt7-10,191107-136,2/17/22 12:14,0000-00,0,no battery,V
4/18/22,12:02:34,9,default,199182947,OXY-CH9,12.967,min,263.495,µmol/L,Humid,17.794,deg,89968,µV,28.848,°C,1017,hPa,35.3,pmil,0,55.4,deg,20,°C,100,%a.s.,22.63,deg,20,°C,972,hPa,0.816,-0.01371,0.000397,-0.00013,0,10.11,Humid,22.75,0,51,240714.84,SABD0000000001,AAV1.0.0.11,1.1.2.0,PSt7-10,191107-136,2/17/22 12:14,0000-00,0,no battery,V
4/18/22,12:02:35,9,default,199182947,OXY-CH9,12.984,min,263.418,µmol/L,Humid,17.797,deg,89960,µV,28.848,°C,1017,hPa,35.3,pmil,0,55.4,deg,20,°C,100,%a.s.,22.63,deg,20,°C,972,hPa,0.816,-0.01371,0.000397,-0.00013,0,10.11,Humid,22.75,0,51,240722.15,SABD0000000001,AAV1.0.0.11,1.1.2.0,PSt7-10,191107-136,2/17/22 12:14,0000-00,0,no battery,V
4/18/22,12:02:36,9,default,199182947,OXY-CH9,13,min,263.318,µmol/L,Humid,17.798,deg,89949,µV,28.857,°C,1017,hPa,35.3,pmil,0,55.4,deg,20,°C,100,%a.s.,22.63,deg,20,°C,972,hPa,0.816,-0.01371,0.000397,-0.00013,0,10.11,Humid,22.75,0,51,240716.51,SABD0000000001,AAV1.0.0.11,1.1.2.0,PSt7-10,191107-136,2/17/22 12:14,0000-00,0,no battery,V
4/18/22,12:02:37,9,default,199182947,OXY-CH9,13.017,min,263.579,µmol/L,Humid,17.794,deg,89951,µV,28.837,°C,1017,hPa,35.3,pmil,0,55.4,deg,20,°C,100,%a.s.,22.63,deg,20,°C,972,hPa,0.816,-0.01371,0.000397,-0.00013,0,10.11,Humid,22.75,0,51,240721.81,SABD0000000001,AAV1.0.0.11,1.1.2.0,PSt7-10,191107-136,2/17/22 12:14,0000-00,0,no battery,V
4/18/22,12:02:38,9,default,199182947,OXY-CH9,13.034,min,263.409,µmol/L,Humid,17.795,deg,89953,µV,28.855,°C,1017,hPa,35.3,pmil,0,55.4,deg,20,°C,100,%a.s.,22.63,deg,20,°C,972,hPa,0.816,-0.01371,0.000397,-0.00013,0,10.11,Humid,22.75,0,51,240720.76,SABD0000000001,AAV1.0.0.11,1.1.2.0,PSt7-10,191107-136,2/17/22 12:14,0000-00,0,no battery,V
4/18/22,12:02:39,9,default,199182947,OXY-CH9,13.051,min,263.5,µmol/L,Humid,17.792,deg,89948,µV,28.853,°C,1017,hPa,35.3,pmil,0,55.4,deg,20,°C,100,%a.s.,22.63,deg,20,°C,972,hPa,0.816,-0.01371,0.000397,-0.00013,0,10.11,Humid,22.75,0,51,240722.28,SABD0000000001,AAV1.0.0.11,1.1.2.0,PSt7-10,191107-136,2/17/22 12:14,0000-00,0,no battery,V
4/18/22,12:02:40,9,default,199182947,OXY-CH9,13.067,min,263.449,µmol/L,Humid,17.792,deg,89940,µV,28.86,°C,1017,hPa,35.3,pmil,0,55.4,deg,20,°C,100,%a.s.,22.63,deg,20,°C,972,hPa,0.816,-0.01371,0.000397,-0.00013,0,10.11,Humid,22.75,0,51,240725.14,SABD0000000001,AAV1.0.0.11,1.1.2.0,PSt7-10,191107-136,2/17/22 12:14,0000-00,0,no battery,V
4/18/22,12:02:41,9,default,199182947,OXY-CH9,13.084,min,263.76,µmol/L,Humid,17.784,deg,89940,µV,28.846,°C,1017,hPa,35.3,pmil,0,55.4,deg,20,°C,100,%a.s.,22.63,deg,20,°C,972,hPa,0.816,-0.01371,0.000397,-0.00013,0,10.11,Humid,22.75,0,51,240723.1,SABD0000000001,AAV1.0.0.11,1.1.2.0,PSt7-10,191107-136,2/17/22 12:14,0000-00,0,no battery,V
4/18/22,12:02:42,9,default,199182947,OXY-CH9,13.101,min,263.69,µmol/L,Humid,17.788,deg,89938,µV,28.843,°C,1017,hPa,35.3,pmil,0,55.4,deg,20,°C,100,%a.s.,22.63,deg,20,°C,972,hPa,0.816,-0.01371,0.000397,-0.00013,0,10.11,Humid,22.75,0,51,240731.35,SABD0000000001,AAV1.0.0.11,1.1.2.0,PSt7-10,191107-136,2/17/22 12:14,0000-00,0,no battery,V
4/18/22,12:02:43,9,default,199182947,OXY-CH9,13.118,min,263.547,µmol/L,Humid,17.791,deg,89928,µV,28.851,°C,1017,hPa,35.3,pmil,0,55.4,deg,20,°C,100,%a.s.,22.63,deg,20,°C,972,hPa,0.816,-0.01371,0.000397,-0.00013,0,10.11,Humid,22.75,0,51,240726.46,SABD0000000001,AAV1.0.0.11,1.1.2.0,PSt7-10,191107-136,2/17/22 12:14,0000-00,0,no battery,V
4/18/22,12:02:44,9,default,199182947,OXY-CH9,13.134,min,263.471,µmol/L,Humid,17.789,deg,89923,µV,28.867,°C,1017,hPa,35.3,pmil,0,55.4,deg,20,°C,100,%a.s.,22.63,deg,20,°C,972,hPa,0.816,-0.01371,0.000397,-0.00013,0,10.11,Humid,22.75,0,51,240719.72,SABD0000000001,AAV1.0.0.11,1.1.2.0,PSt7-10,191107-136,2/17/22 12:14,0000-00,0,no battery,V
4/18/22,12:02:45,9,default,199182947,OXY-CH9,13.151,min,263.629,µmol/L,Humid,17.788,deg,89927,µV,28.85,°C,1017,hPa,35.3,pmil,0,55.4,deg,20,°C,100,%a.s.,22.63,deg,20,°C,972,hPa,0.816,-0.01371,0.000397,-0.00013,0,10.11,Humid,22.75,0,51,240722.89,SABD0000000001,AAV1.0.0.11,1.1.2.0,PSt7-10,191107-136,2/17/22 12:14,0000-00,0,no battery,V
4/18/22,12:02:46,9,default,199182947,OXY-CH9,13.168,min,263.805,µmol/L,Humid,17.783,deg,89919,µV,28.844,°C,1017,hPa,35.3,pmil,0,55.4,deg,20,°C,100,%a.s.,22.63,deg,20,°C,972,hPa,0.816,-0.01371,0.000397,-0.00013,0,10.11,Humid,22.75,0,51,240724.42,SABD0000000001,AAV1.0.0.11,1.1.2.0,PSt7-10,191107-136,2/17/22 12:14,0000-00,0,no battery,V
4/18/22,12:02:47,9,default,199182947,OXY-CH9,13.184,min,263.591,µmol/L,Humid,17.788,deg,89917,µV,28.855,°C,1017,hPa,35.3,pmil,0,55.4,deg,20,°C,100,%a.s.,22.63,deg,20,°C,972,hPa,0.816,-0.01371,0.000397,-0.00013,0,10.11,Humid,22.75,0,51,240723.97,SABD0000000001,AAV1.0.0.11,1.1.2.0,PSt7-10,191107-136,2/17/22 12:14,0000-00,0,no battery,V
4/18/22,12:02:48,9,default,199182947,OXY-CH9,13.201,min,263.701,µmol/L,Humid,17.788,deg,89920,µV,28.841,°C,1017,hPa,35.3,pmil,0,55.4,deg,20,°C,100,%a.s.,22.63,deg,20,°C,972,hPa,0.816,-0.01371,0.000397,-0.00013,0,10.11,Humid,22.75,0,51,240723.02,SABD0000000001,AAV1.0.0.11,1.1.2.0,PSt7-10,191107-136,2/17/22 12:14,0000-00,0,no battery,V
4/18/22,12:02:49,9,default,199182947,OXY-CH9,13.217,min,263.789,µmol/L,Humid,17.784,deg,89917,µV,28.843,°C,1017,hPa,35.3,pmil,0,55.4,deg,20,°C,100,%a.s.,22.63,deg,20,°C,972,hPa,0.816,-0.01371,0.000397,-0.00013,0,10.11,Humid,22.75,0,51,240726.42,SABD0000000001,AAV1.0.0.11,1.1.2.0,PSt7-10,191107-136,2/17/22 12:14,0000-00,0,no battery,V
4/18/22,12:02:50,9,default,199182947,OXY-CH9,13.234,min,263.464,µmol/L,Humid,17.787,deg,89913,µV,28.874,°C,1017,hPa,35.3,pmil,0,55.4,deg,20,°C,100,%a.s.,22.63,deg,20,°C,972,hPa,0.816,-0.01371,0.000397,-0.00013,0,10.11,Humid,22.75,0,51,240726.41,SABD0000000001,AAV1.0.0.11,1.1.2.0,PSt7-10,191107-136,2/17/22 12:14,0000-00,0,no battery,V
4/18/22,12:02:51,9,default,199182947,OXY-CH9,13.251,min,263.892,µmol/L,Humid,17.781,deg,89911,µV,28.839,°C,1017,hPa,35.3,pmil,0,55.4,deg,20,°C,100,%a.s.,22.63,deg,20,°C,972,hPa,0.816,-0.01371,0.000397,-0.00013,0,10.11,Humid,22.75,0,51,240728.39,SABD0000000001,AAV1.0.0.11,1.1.2.0,PSt7-10,191107-136,2/17/22 12:14,0000-00,0,no battery,V
4/18/22,12:02:52,9,default,199182947,OXY-CH9,13.268,min,263.907,µmol/L,Humid,17.78,deg,89902,µV,28.841,°C,1017,hPa,35.3,pmil,0,55.4,deg,20,°C,100,%a.s.,22.63,deg,20,°C,972,hPa,0.816,-0.01371,0.000397,-0.00013,0,10.11,Humid,22.75,0,51,240728.76,SABD0000000001,AAV1.0.0.11,1.1.2.0,PSt7-10,191107-136,2/17/22 12:14,0000-00,0,no battery,V
4/18/22,12:02:53,9,default,199182947,OXY-CH9,13.284,min,263.859,µmol/L,Humid,17.781,deg,89903,µV,28.844,°C,1017,hPa,35.3,pmil,0,55.4,deg,20,°C,100,%a.s.,22.63,deg,20,°C,972,hPa,0.816,-0.01371,0.000397,-0.00013,0,10.11,Humid,22.75,0,51,240719.44,SABD0000000001,AAV1.0.0.11,1.1.2.0,PSt7-10,191107-136,2/17/22 12:14,0000-00,0,no battery,V
4/18/22,12:02:54,9,default,199182947,OXY-CH9,13.301,min,263.8,µmol/L,Humid,17.782,deg,89900,µV,28.848,°C,1017,hPa,35.3,pmil,0,55.4,deg,20,°C,100,%a.s.,22.63,deg,20,°C,972,hPa,0.816,-0.01371,0.000397,-0.00013,0,10.11,Humid,22.75,0,51,240734.68,SABD0000000001,AAV1.0.0.11,1.1.2.0,PSt7-10,191107-136,2/17/22 12:14,0000-00,0,no battery,V
4/18/22,12:02:55,9,default,199182947,OXY-CH9,13.318,min,263.783,µmol/L,Humid,17.779,deg,89891,µV,28.859,°C,1017,hPa,35.3,pmil,0,55.4,deg,20,°C,100,%a.s.,22.63,deg,20,°C,972,hPa,0.816,-0.01371,0.000397,-0.00013,0,10.11,Humid,22.75,0,51,240734.34,SABD0000000001,AAV1.0.0.11,1.1.2.0,PSt7-10,191107-136,2/17/22 12:14,0000-00,0,no battery,V
4/18/22,12:02:56,9,default,199182947,OXY-CH9,13.334,min,263.741,µmol/L,Humid,17.784,deg,89895,µV,28.849,°C,1017,hPa,35.3,pmil,0,55.4,deg,20,°C,100,%a.s.,22.63,deg,20,°C,972,hPa,0.816,-0.01371,0.000397,-0.00013,0,10.11,Humid,22.75,0,51,240736.06,SABD0000000001,AAV1.0.0.11,1.1.2.0,PSt7-10,191107-136,2/17/22 12:14,0000-00,0,no battery,V
4/18/22,12:02:57,9,default,199182947,OXY-CH9,13.351,min,263.971,µmol/L,Humid,17.778,deg,89892,µV,28.839,°C,1017,hPa,35.3,pmil,0,55.4,deg,20,°C,100,%a.s.,22.63,deg,20,°C,972,hPa,0.816,-0.01371,0.000397,-0.00013,0,10.11,Humid,22.75,0,51,240727.2,SABD0000000001,AAV1.0.0.11,1.1.2.0,PSt7-10,191107-136,2/17/22 12:14,0000-00,0,no battery,V
4/18/22,12:02:58,9,default,199182947,OXY-CH9,13.367,min,263.988,µmol/L,Humid,17.777,deg,89883,µV,28.84,°C,1017,hPa,35.3,pmil,0,55.4,deg,20,°C,100,%a.s.,22.63,deg,20,°C,972,hPa,0.816,-0.01371,0.000397,-0.00013,0,10.11,Humid,22.75,0,51,240721.58,SABD0000000001,AAV1.0.0.11,1.1.2.0,PSt7-10,191107-136,2/17/22 12:14,0000-00,0,no battery,V
4/18/22,12:02:59,9,default,199182947,OXY-CH9,13.384,min,264.065,µmol/L,Humid,17.776,deg,89877,µV,28.834,°C,1017,hPa,35.3,pmil,0,55.4,deg,20,°C,100,%a.s.,22.63,deg,20,°C,972,hPa,0.816,-0.01371,0.000397,-0.00013,0,10.11,Humid,22.75,0,51,240724.67,SABD0000000001,AAV1.0.0.11,1.1.2.0,PSt7-10,191107-136,2/17/22 12:14,0000-00,0,no battery,V
4/18/22,12:03:00,9,default,199182947,OXY-CH9,13.401,min,263.978,µmol/L,Humid,17.773,deg,89880,µV,28.854,°C,1017,hPa,35.3,pmil,0,55.4,deg,20,°C,100,%a.s.,22.63,deg,20,°C,972,hPa,0.816,-0.01371,0.000397,-0.00013,0,10.11,Humid,22.75,0,51,240726.98,SABD0000000001,AAV1.0.0.11,1.1.2.0,PSt7-10,191107-136,2/17/22 12:14,0000-00,0,no battery,V
4/18/22,12:03:01,9,default,199182947,OXY-CH9,13.418,min,264.125,µmol/L,Humid,17.774,deg,89869,µV,28.833,°C,1017,hPa,35.3,pmil,0,55.4,deg,20,°C,100,%a.s.,22.63,deg,20,°C,972,hPa,0.816,-0.01371,0.000397,-0.00013,0,10.11,Humid,22.75,0,51,240722.19,SABD0000000001,AAV1.0.0.11,1.1.2.0,PSt7-10,191107-136,2/17/22 12:14,0000-00,0,no battery,V
4/18/22,12:03:02,9,default,199182947,OXY-CH9,13.434,min,264.001,µmol/L,Humid,17.78,deg,89869,µV,28.829,°C,1017,hPa,35.3,pmil,0,55.4,deg,20,°C,100,%a.s.,22.63,deg,20,°C,972,hPa,0.816,-0.01371,0.000397,-0.00013,0,10.11,Humid,22.75,0,51,240715.02,SABD0000000001,AAV1.0.0.11,1.1.2.0,PSt7-10,191107-136,2/17/22 12:14,0000-00,0,no battery,V
4/18/22,12:03:03,9,default,199182947,OXY-CH9,13.451,min,264.221,µmol/L,Humid,17.77,deg,89870,µV,28.833,°C,1017,hPa,35.3,pmil,0,55.4,deg,20,°C,100,%a.s.,22.63,deg,20,°C,972,hPa,0.816,-0.01371,0.000397,-0.00013,0,10.11,Humid,22.75,0,51,240718.34,SABD0000000001,AAV1.0.0.11,1.1.2.0,PSt7-10,191107-136,2/17/22 12:14,0000-00,0,no battery,V
4/18/22,12:03:04,9,default,199182947,OXY-CH9,13.468,min,263.979,µmol/L,Humid,17.773,deg,89867,µV,28.854,°C,1017,hPa,35.3,pmil,0,55.4,deg,20,°C,100,%a.s.,22.63,deg,20,°C,972,hPa,0.816,-0.01371,0.000397,-0.00013,0,10.11,Humid,22.75,0,51,240728.02,SABD0000000001,AAV1.0.0.11,1.1.2.0,PSt7-10,191107-136,2/17/22 12:14,0000-00,0,no battery,V
4/18/22,12:03:05,9,default,199182947,OXY-CH9,13.484,min,263.887,µmol/L,Humid,17.776,deg,89862,µV,28.856,°C,1017,hPa,35.3,pmil,0,55.4,deg,20,°C,100,%a.s.,22.63,deg,20,°C,972,hPa,0.816,-0.01371,0.000397,-0.00013,0,10.11,Humid,22.75,0,51,240727.89,SABD0000000001,AAV1.0.0.11,1.1.2.0,PSt7-10,191107-136,2/17/22 12:14,0000-00,0,no battery,V
4/18/22,12:03:06,9,default,199182947,OXY-CH9,13.5,min,264.037,µmol/L,Humid,17.773,deg,89853,µV,28.847,°C,1017,hPa,35.3,pmil,0,55.4,deg,20,°C,100,%a.s.,22.63,deg,20,°C,972,hPa,0.816,-0.01371,0.000397,-0.00013,0,10.11,Humid,22.75,0,51,240722.21,SABD0000000001,AAV1.0.0.11,1.1.2.0,PSt7-10,191107-136,2/17/22 12:14,0000-00,0,no battery,V
4/18/22,12:03:07,9,default,199182947,OXY-CH9,13.517,min,263.967,µmol/L,Humid,17.774,deg,89851,µV,28.852,°C,1017,hPa,35.3,pmil,0,55.4,deg,20,°C,100,%a.s.,22.63,deg,20,°C,972,hPa,0.816,-0.01371,0.000397,-0.00013,0,10.11,Humid,22.75,0,51,240726.54,SABD0000000001,AAV1.0.0.11,1.1.2.0,PSt7-10,191107-136,2/17/22 12:14,0000-00,0,no battery,V
4/18/22,12:03:08,9,default,199182947,OXY-CH9,13.534,min,264.072,µmol/L,Humid,17.77,deg,89851,µV,28.852,°C,1017,hPa,35.3,pmil,0,55.4,deg,20,°C,100,%a.s.,22.63,deg,20,°C,972,hPa,0.816,-0.01371,0.000397,-0.00013,0,10.11,Humid,22.75,0,51,240730.85,SABD0000000001,AAV1.0.0.11,1.1.2.0,PSt7-10,191107-136,2/17/22 12:14,0000-00,0,no battery,V
4/18/22,12:03:09,9,default,199182947,OXY-CH9,13.551,min,263.91,µmol/L,Humid,17.776,deg,89854,µV,28.853,°C,1017,hPa,35.3,pmil,0,55.4,deg,20,°C,100,%a.s.,22.63,deg,20,°C,972,hPa,0.816,-0.01371,0.000397,-0.00013,0,10.11,Humid,22.75,0,51,240732.63,SABD0000000001,AAV1.0.0.11,1.1.2.0,PSt7-10,191107-136,2/17/22 12:14,0000-00,0,no battery,V
4/18/22,12:03:10,9,default,199182947,OXY-CH9,13.568,min,264.252,µmol/L,Humid,17.766,deg,89852,µV,28.842,°C,1017,hPa,35.3,pmil,0,55.4,deg,20,°C,100,%a.s.,22.63,deg,20,°C,972,hPa,0.816,-0.01371,0.000397,-0.00013,0,10.11,Humid,22.75,0,51,240731.43,SABD0000000001,AAV1.0.0.11,1.1.2.0,PSt7-10,191107-136,2/17/22 12:14,0000-00,0,no battery,V
4/18/22,12:03:11,9,default,199182947,OXY-CH9,13.584,min,264.053,µmol/L,Humid,17.773,deg,89839,µV,28.845,°C,1017,hPa,35.3,pmil,0,55.4,deg,20,°C,100,%a.s.,22.63,deg,20,°C,972,hPa,0.816,-0.01371,0.000397,-0.00013,0,10.11,Humid,22.75,0,51,240725.66,SABD0000000001,AAV1.0.0.11,1.1.2.0,PSt7-10,191107-136,2/17/22 12:14,0000-00,0,no battery,V
4/18/22,12:03:12,9,default,199182947,OXY-CH9,13.601,min,264.162,µmol/L,Humid,17.77,deg,89838,µV,28.841,°C,1017,hPa,35.3,pmil,0,55.4,deg,20,°C,100,%a.s.,22.63,deg,20,°C,972,hPa,0.816,-0.01371,0.000397,-0.00013,0,10.11,Humid,22.75,0,51,240736.62,SABD0000000001,AAV1.0.0.11,1.1.2.0,PSt7-10,191107-136,2/17/22 12:14,0000-00,0,no battery,V
4/18/22,12:03:13,9,default,199182947,OXY-CH9,13.617,min,264.119,µmol/L,Humid,17.771,deg,89834,µV,28.843,°C,1017,hPa,35.3,pmil,0,55.4,deg,20,°C,100,%a.s.,22.63,deg,20,°C,972,hPa,0.816,-0.01371,0.000397,-0.00013,0,10.11,Humid,22.75,0,51,240720.43,SABD0000000001,AAV1.0.0.11,1.1.2.0,PSt7-10,191107-136,2/17/22 12:14,0000-00,0,no battery,V
4/18/22,12:03:14,9,default,199182947,OXY-CH9,13.634,min,264.233,µmol/L,Humid,17.765,deg,89829,µV,28.848,°C,1017,hPa,35.3,pmil,0,55.4,deg,20,°C,100,%a.s.,22.63,deg,20,°C,972,hPa,0.816,-0.01371,0.000397,-0.00013,0,10.11,Humid,22.75,0,51,240723.73,SABD0000000001,AAV1.0.0.11,1.1.2.0,PSt7-10,191107-136,2/17/22 12:14,0000-00,0,no battery,V
4/18/22,12:03:15,9,default,199182947,OXY-CH9,13.65,min,264.121,µmol/L,Humid,17.768,deg,89829,µV,28.852,°C,1017,hPa,35.3,pmil,0,55.4,deg,20,°C,100,%a.s.,22.63,deg,20,°C,972,hPa,0.816,-0.01371,0.000397,-0.00013,0,10.11,Humid,22.75,0,51,240730.57,SABD0000000001,AAV1.0.0.11,1.1.2.0,PSt7-10,191107-136,2/17/22 12:14,0000-00,0,no battery,V
4/18/22,12:03:16,9,default,199182947,OXY-CH9,13.667,min,264.391,µmol/L,Humid,17.765,deg,89814,µV,28.828,°C,1017,hPa,35.3,pmil,0,55.4,deg,20,°C,100,%a.s.,22.63,deg,20,°C,972,hPa,0.816,-0.01371,0.000397,-0.00013,0,10.11,Humid,22.75,0,51,240735.82,SABD0000000001,AAV1.0.0.11,1.1.2.0,PSt7-10,191107-136,2/17/22 12:14,0000-00,0,no battery,V
4/18/22,12:03:17,9,default,199182947,OXY-CH9,13.684,min,264.293,µmol/L,Humid,17.763,deg,89818,µV,28.846,°C,1017,hPa,35.3,pmil,0,55.4,deg,20,°C,100,%a.s.,22.63,deg,20,°C,972,hPa,0.816,-0.01371,0.000397,-0.00013,0,10.11,Humid,22.75,0,51,240736.23,SABD0000000001,AAV1.0.0.11,1.1.2.0,PSt7-10,191107-136,2/17/22 12:14,0000-00,0,no battery,V
4/18/22,12:03:18,9,default,199182947,OXY-CH9,13.701,min,264.388,µmol/L,Humid,17.761,deg,89818,µV,28.841,°C,1017,hPa,35.3,pmil,0,55.4,deg,20,°C,100,%a.s.,22.63,deg,20,°C,972,hPa,0.816,-0.01371,0.000397,-0.00013,0,10.11,Humid,22.75,0,51,240733.08,SABD0000000001,AAV1.0.0.11,1.1.2.0,PSt7-10,191107-136,2/17/22 12:14,0000-00,0,no battery,V
4/18/22,12:03:19,9,default,199182947,OXY-CH9,13.718,min,264.3,µmol/L,Humid,17.763,deg,89814,µV,28.846,°C,1017,hPa,35.3,pmil,0,55.4,deg,20,°C,100,%a.s.,22.63,deg,20,°C,972,hPa,0.816,-0.01371,0.000397,-0.00013,0,10.11,Humid,22.75,0,51,240736.98,SABD0000000001,AAV1.0.0.11,1.1.2.0,PSt7-10,191107-136,2/17/22 12:14,0000-00,0,no battery,V
4/18/22,12:03:20,9,default,199182947,OXY-CH9,13.734,min,264.357,µmol/L,Humid,17.762,deg,89805,µV,28.842,°C,1017,hPa,35.3,pmil,0,55.4,deg,20,°C,100,%a.s.,22.63,deg,20,°C,972,hPa,0.816,-0.01371,0.000397,-0.00013,0,10.11,Humid,22.75,0,51,240742.72,SABD0000000001,AAV1.0.0.11,1.1.2.0,PSt7-10,191107-136,2/17/22 12:14,0000-00,0,no battery,V
4/18/22,12:03:21,9,default,199182947,OXY-CH9,13.751,min,264.323,µmol/L,Humid,17.762,deg,89800,µV,28.846,°C,1017,hPa,35.3,pmil,0,55.4,deg,20,°C,100,%a.s.,22.63,deg,20,°C,972,hPa,0.816,-0.01371,0.000397,-0.00013,0,10.11,Humid,22.75,0,51,240737.65,SABD0000000001,AAV1.0.0.11,1.1.2.0,PSt7-10,191107-136,2/17/22 12:14,0000-00,0,no battery,V
4/18/22,12:03:22,9,default,199182947,OXY-CH9,13.768,min,264.375,µmol/L,Humid,17.76,deg,89802,µV,28.846,°C,1017,hPa,35.3,pmil,0,55.4,deg,20,°C,100,%a.s.,22.63,deg,20,°C,972,hPa,0.816,-0.01371,0.000397,-0.00013,0,10.11,Humid,22.75,0,51,240728.4,SABD0000000001,AAV1.0.0.11,1.1.2.0,PSt7-10,191107-136,2/17/22 12:14,0000-00,0,no battery,V
4/18/22,12:03:23,9,default,199182947,OXY-CH9,13.784,min,264.37,µmol/L,Humid,17.761,deg,89798,µV,28.843,°C,1017,hPa,35.3,pmil,0,55.4,deg,20,°C,100,%a.s.,22.63,deg,20,°C,972,hPa,0.816,-0.01371,0.000397,-0.00013,0,10.11,Humid,22.75,0,51,240748.32,SABD0000000001,AAV1.0.0.11,1.1.2.0,PSt7-10,191107-136,2/17/22 12:14,0000-00,0,no battery,V
4/18/22,12:03:24,9,default,199182947,OXY-CH9,13.801,min,264.452,µmol/L,Humid,17.758,deg,89791,µV,28.843,°C,1017,hPa,35.3,pmil,0,55.4,deg,20,°C,100,%a.s.,22.63,deg,20,°C,972,hPa,0.816,-0.01371,0.000397,-0.00013,0,10.11,Humid,22.75,0,51,240736.78,SABD0000000001,AAV1.0.0.11,1.1.2.0,PSt7-10,191107-136,2/17/22 12:14,0000-00,0,no battery,V
4/18/22,12:03:25,9,default,199182947,OXY-CH9,13.817,min,264.474,µmol/L,Humid,17.757,deg,89786,µV,28.843,°C,1017,hPa,35.3,pmil,0,55.4,deg,20,°C,100,%a.s.,22.63,deg,20,°C,972,hPa,0.816,-0.01371,0.000397,-0.00013,0,10.11,Humid,22.75,0,51,240735.1,SABD0000000001,AAV1.0.0.11,1.1.2.0,PSt7-10,191107-136,2/17/22 12:14,0000-00,0,no battery,V
4/18/22,12:03:26,9,default,199182947,OXY-CH9,13.834,min,264.51,µmol/L,Humid,17.754,deg,89785,µV,28.848,°C,1017,hPa,35.3,pmil,0,55.4,deg,20,°C,100,%a.s.,22.63,deg,20,°C,972,hPa,0.816,-0.01371,0.000397,-0.00013,0,10.11,Humid,22.75,0,51,240732.05,SABD0000000001,AAV1.0.0.11,1.1.2.0,PSt7-10,191107-136,2/17/22 12:14,0000-00,0,no battery,V
4/18/22,12:03:27,9,default,199182947,OXY-CH9,13.851,min,264.266,µmol/L,Humid,17.76,deg,89778,µV,28.859,°C,1017,hPa,35.3,pmil,0,55.4,deg,20,°C,100,%a.s.,22.63,deg,20,°C,972,hPa,0.816,-0.01371,0.000397,-0.00013,0,10.11,Humid,22.75,0,51,240734.98,SABD0000000001,AAV1.0.0.11,1.1.2.0,PSt7-10,191107-136,2/17/22 12:14,0000-00,0,no battery,V
4/18/22,12:03:28,9,default,199182947,OXY-CH9,13.867,min,264.455,µmol/L,Humid,17.758,deg,89776,µV,28.842,°C,1017,hPa,35.3,pmil,0,55.4,deg,20,°C,100,%a.s.,22.63,deg,20,°C,972,hPa,0.816,-0.01371,0.000397,-0.00013,0,10.11,Humid,22.75,0,51,240737.37,SABD0000000001,AAV1.0.0.11,1.1.2.0,PSt7-10,191107-136,2/17/22 12:14,0000-00,0,no battery,V
4/18/22,12:03:29,9,default,199182947,OXY-CH9,13.884,min,264.482,µmol/L,Humid,17.757,deg,89780,µV,28.842,°C,1017,hPa,35.3,pmil,0,55.4,deg,20,°C,100,%a.s.,22.63,deg,20,°C,972,hPa,0.816,-0.01371,0.000397,-0.00013,0,10.11,Humid,22.75,0,51,240739.81,SABD0000000001,AAV1.0.0.11,1.1.2.0,PSt7-10,191107-136,2/17/22 12:14,0000-00,0,no battery,V
4/18/22,12:03:30,9,default,199182947,OXY-CH9,13.901,min,264.359,µmol/L,Humid,17.76,deg,89776,µV,28.848,°C,1017,hPa,35.3,pmil,0,55.4,deg,20,°C,100,%a.s.,22.63,deg,20,°C,972,hPa,0.816,-0.01371,0.000397,-0.00013,0,10.11,Humid,22.75,0,51,240732.57,SABD0000000001,AAV1.0.0.11,1.1.2.0,PSt7-10,191107-136,2/17/22 12:14,0000-00,0,no battery,V
4/18/22,12:03:31,9,default,199182947,OXY-CH9,13.918,min,264.542,µmol/L,Humid,17.755,deg,89775,µV,28.841,°C,1017,hPa,35.3,pmil,0,55.4,deg,20,°C,100,%a.s.,22.63,deg,20,°C,972,hPa,0.816,-0.01371,0.000397,-0.00013,0,10.11,Humid,22.75,0,51,240732.27,SABD0000000001,AAV1.0.0.11,1.1.2.0,PSt7-10,191107-136,2/17/22 12:14,0000-00,0,no battery,V
4/18/22,12:03:32,9,default,199182947,OXY-CH9,13.934,min,264.493,µmol/L,Humid,17.754,deg,89768,µV,28.85,°C,1017,hPa,35.3,pmil,0,55.4,deg,20,°C,100,%a.s.,22.63,deg,20,°C,972,hPa,0.816,-0.01371,0.000397,-0.00013,0,10.11,Humid,22.75,0,51,240729.1,SABD0000000001,AAV1.0.0.11,1.1.2.0,PSt7-10,191107-136,2/17/22 12:14,0000-00,0,no battery,V
4/18/22,12:03:33,9,default,199182947,OXY-CH9,13.951,min,264.394,µmol/L,Humid,17.756,deg,89756,µV,28.856,°C,1017,hPa,35.3,pmil,0,55.4,deg,20,°C,100,%a.s.,22.63,deg,20,°C,972,hPa,0.816,-0.01371,0.000397,-0.00013,0,10.11,Humid,22.75,0,51,240735.89,SABD0000000001,AAV1.0.0.11,1.1.2.0,PSt7-10,191107-136,2/17/22 12:14,0000-00,0,no battery,V
4/18/22,12:03:34,9,default,199182947,OXY-CH9,13.968,min,264.515,µmol/L,Humid,17.753,deg,89753,µV,28.851,°C,1017,hPa,35.3,pmil,0,55.4,deg,20,°C,100,%a.s.,22.63,deg,20,°C,972,hPa,0.816,-0.01371,0.000397,-0.00013,0,10.11,Humid,22.75,0,51,240734.56,SABD0000000001,AAV1.0.0.11,1.1.2.0,PSt7-10,191107-136,2/17/22 12:14,0000-00,0,no battery,V
4/18/22,12:03:35,9,default,199182947,OXY-CH9,13.984,min,264.559,µmol/L,Humid,17.751,deg,89753,µV,28.851,°C,1017,hPa,35.3,pmil,0,55.4,deg,20,°C,100,%a.s.,22.63,deg,20,°C,972,hPa,0.816,-0.01371,0.000397,-0.00013,0,10.11,Humid,22.75,0,51,240739.55,SABD0000000001,AAV1.0.0.11,1.1.2.0,PSt7-10,191107-136,2/17/22 12:14,0000-00,0,no battery,V
4/18/22,12:03:36,9,default,199182947,OXY-CH9,14.001,min,264.674,µmol/L,Humid,17.746,deg,89756,µV,28.853,°C,1017,hPa,35.3,pmil,0,55.4,deg,20,°C,100,%a.s.,22.63,deg,20,°C,972,hPa,0.816,-0.01371,0.000397,-0.00013,0,10.11,Humid,22.75,0,51,240741.96,SABD0000000001,AAV1.0.0.11,1.1.2.0,PSt7-10,191107-136,2/17/22 12:14,0000-00,0,no battery,V
4/18/22,12:03:37,9,default,199182947,OXY-CH9,14.018,min,264.683,µmol/L,Humid,17.751,deg,89747,µV,28.836,°C,1017,hPa,35.3,pmil,0,55.4,deg,20,°C,100,%a.s.,22.63,deg,20,°C,972,hPa,0.816,-0.01371,0.000397,-0.00013,0,10.11,Humid,22.75,0,51,240732.55,SABD0000000001,AAV1.0.0.11,1.1.2.0,PSt7-10,191107-136,2/17/22 12:14,0000-00,0,no battery,V
4/18/22,12:03:38,9,default,199182947,OXY-CH9,14.034,min,264.701,µmol/L,Humid,17.749,deg,89743,µV,28.84,°C,1017,hPa,35.3,pmil,0,55.4,deg,20,°C,100,%a.s.,22.63,deg,20,°C,972,hPa,0.816,-0.01371,0.000397,-0.00013,0,10.11,Humid,22.75,0,51,240735.51,SABD0000000001,AAV1.0.0.11,1.1.2.0,PSt7-10,191107-136,2/17/22 12:14,0000-00,0,no battery,V
4/18/22,12:03:39,9,default,199182947,OXY-CH9,14.05,min,264.805,µmol/L,Humid,17.747,deg,89739,µV,28.834,°C,1017,hPa,35.3,pmil,0,55.4,deg,20,°C,100,%a.s.,22.63,deg,20,°C,972,hPa,0.816,-0.01371,0.000397,-0.00013,0,10.11,Humid,22.75,0,51,240725.19,SABD0000000001,AAV1.0.0.11,1.1.2.0,PSt7-10,191107-136,2/17/22 12:14,0000-00,0,no battery,V
4/18/22,12:03:40,9,default,199182947,OXY-CH9,14.067,min,264.772,µmol/L,Humid,17.744,deg,89744,µV,28.847,°C,1017,hPa,35.3,pmil,0,55.4,deg,20,°C,100,%a.s.,22.63,deg,20,°C,972,hPa,0.816,-0.01371,0.000397,-0.00013,0,10.11,Humid,22.75,0,51,240732.44,SABD0000000001,AAV1.0.0.11,1.1.2.0,PSt7-10,191107-136,2/17/22 12:14,0000-00,0,no battery,V
4/18/22,12:03:41,9,default,199182947,OXY-CH9,14.084,min,264.578,µmol/L,Humid,17.745,deg,89733,µV,28.868,°C,1017,hPa,35.3,pmil,0,55.4,deg,20,°C,100,%a.s.,22.63,deg,20,°C,972,hPa,0.816,-0.01371,0.000397,-0.00013,0,10.11,Humid,22.75,0,51,240731.38,SABD0000000001,AAV1.0.0.11,1.1.2.0,PSt7-10,191107-136,2/17/22 12:14,0000-00,0,no battery,V
4/18/22,12:03:42,9,default,199182947,OXY-CH9,14.101,min,264.548,µmol/L,Humid,17.748,deg,89734,µV,28.862,°C,1017,hPa,35.3,pmil,0,55.4,deg,20,°C,100,%a.s.,22.63,deg,20,°C,972,hPa,0.816,-0.01371,0.000397,-0.00013,0,10.11,Humid,22.75,0,51,240725.78,SABD0000000001,AAV1.0.0.11,1.1.2.0,PSt7-10,191107-136,2/17/22 12:14,0000-00,0,no battery,V
4/18/22,12:03:43,9,default,199182947,OXY-CH9,14.117,min,264.759,µmol/L,Humid,17.745,deg,89729,µV,28.845,°C,1017,hPa,35.3,pmil,0,55.4,deg,20,°C,100,%a.s.,22.63,deg,20,°C,972,hPa,0.816,-0.01371,0.000397,-0.00013,0,10.11,Humid,22.75,0,51,240726.73,SABD0000000001,AAV1.0.0.11,1.1.2.0,PSt7-10,191107-136,2/17/22 12:14,0000-00,0,no battery,V
4/18/22,12:03:44,9,default,199182947,OXY-CH9,14.134,min,264.568,µmol/L,Humid,17.751,deg,89716,µV,28.85,°C,1017,hPa,35.3,pmil,0,55.4,deg,20,°C,100,%a.s.,22.63,deg,20,°C,972,hPa,0.816,-0.01371,0.000397,-0.00013,0,10.11,Humid,22.75,0,51,240729.17,SABD0000000001,AAV1.0.0.11,1.1.2.0,PSt7-10,191107-136,2/17/22 12:14,0000-00,0,no battery,V
4/18/22,12:03:45,9,default,199182947,OXY-CH9,14.151,min,264.942,µmol/L,Humid,17.74,deg,89718,µV,28.839,°C,1017,hPa,35.3,pmil,0,55.4,deg,20,°C,100,%a.s.,22.63,deg,20,°C,972,hPa,0.816,-0.01371,0.000397,-0.00013,0,10.11,Humid,22.75,0,51,240725.1,SABD0000000001,AAV1.0.0.11,1.1.2.0,PSt7-10,191107-136,2/17/22 12:14,0000-00,0,no battery,V
4/18/22,12:03:46,9,default,199182947,OXY-CH9,14.168,min,264.551,µmol/L,Humid,17.746,deg,89709,µV,28.868,°C,1017,hPa,35.3,pmil,0,55.4,deg,20,°C,100,%a.s.,22.63,deg,20,°C,972,hPa,0.816,-0.01371,0.000397,-0.00013,0,10.11,Humid,22.75,0,51,240732.9,SABD0000000001,AAV1.0.0.11,1.1.2.0,PSt7-10,191107-136,2/17/22 12:14,0000-00,0,no battery,V
4/18/22,12:03:47,9,default,199182947,OXY-CH9,14.185,min,264.698,µmol/L,Humid,17.742,deg,89712,µV,28.862,°C,1017,hPa,35.3,pmil,0,55.4,deg,20,°C,100,%a.s.,22.63,deg,20,°C,972,hPa,0.816,-0.01371,0.000397,-0.00013,0,10.11,Humid,22.75,0,51,240730.15,SABD0000000001,AAV1.0.0.11,1.1.2.0,PSt7-10,191107-136,2/17/22 12:14,0000-00,0,no battery,V
4/18/22,12:03:48,9,default,199182947,OXY-CH9,14.201,min,264.782,µmol/L,Humid,17.743,deg,89709,µV,28.849,°C,1017,hPa,35.3,pmil,0,55.4,deg,20,°C,100,%a.s.,22.63,deg,20,°C,972,hPa,0.816,-0.01371,0.000397,-0.00013,0,10.11,Humid,22.75,0,51,240732.42,SABD0000000001,AAV1.0.0.11,1.1.2.0,PSt7-10,191107-136,2/17/22 12:14,0000-00,0,no battery,V
4/18/22,12:03:49,9,default,199182947,OXY-CH9,14.217,min,264.889,µmol/L,Humid,17.741,deg,89700,µV,28.842,°C,1017,hPa,35.3,pmil,0,55.4,deg,20,°C,100,%a.s.,22.63,deg,20,°C,972,hPa,0.816,-0.01371,0.000397,-0.00013,0,10.11,Humid,22.75,0,51,240743.1,SABD0000000001,AAV1.0.0.11,1.1.2.0,PSt7-10,191107-136,2/17/22 12:14,0000-00,0,no battery,V
4/18/22,12:03:50,9,default,199182947,OXY-CH9,14.234,min,265.096,µmol/L,Humid,17.737,deg,89698,µV,28.829,°C,1017,hPa,35.3,pmil,0,55.4,deg,20,°C,100,%a.s.,22.63,deg,20,°C,972,hPa,0.816,-0.01371,0.000397,-0.00013,0,10.11,Humid,22.75,0,51,240737.46,SABD0000000001,AAV1.0.0.11,1.1.2.0,PSt7-10,191107-136,2/17/22 12:14,0000-00,0,no battery,V
4/18/22,12:03:51,9,default,199182947,OXY-CH9,14.251,min,264.901,µmol/L,Humid,17.739,deg,89697,µV,28.847,°C,1017,hPa,35.3,pmil,0,55.4,deg,20,°C,100,%a.s.,22.63,deg,20,°C,972,hPa,0.816,-0.01371,0.000397,-0.00013,0,10.11,Humid,22.75,0,51,240738.53,SABD0000000001,AAV1.0.0.11,1.1.2.0,PSt7-10,191107-136,2/17/22 12:14,0000-00,0,no battery,V
4/18/22,12:03:52,9,default,199182947,OXY-CH9,14.267,min,264.876,µmol/L,Humid,17.742,deg,89707,µV,28.841,°C,1017,hPa,35.3,pmil,0,55.4,deg,20,°C,100,%a.s.,22.63,deg,20,°C,972,hPa,0.816,-0.01371,0.000397,-0.00013,0,10.11,Humid,22.75,0,51,240741.21,SABD0000000001,AAV1.0.0.11,1.1.2.0,PSt7-10,191107-136,2/17/22 12:14,0000-00,0,no battery,V
4/18/22,12:03:53,9,default,199182947,OXY-CH9,14.284,min,265.053,µmol/L,Humid,17.737,deg,89696,µV,28.834,°C,1017,hPa,35.3,pmil,0,55.4,deg,20,°C,100,%a.s.,22.63,deg,20,°C,972,hPa,0.816,-0.01371,0.000397,-0.00013,0,10.11,Humid,22.75,0,51,240728.66,SABD0000000001,AAV1.0.0.11,1.1.2.0,PSt7-10,191107-136,2/17/22 12:14,0000-00,0,no battery,V
4/18/22,12:03:54,9,default,199182947,OXY-CH9,14.301,min,265.038,µmol/L,Humid,17.735,deg,89690,µV,28.843,°C,1017,hPa,35.3,pmil,0,55.4,deg,20,°C,100,%a.s.,22.63,deg,20,°C,972,hPa,0.816,-0.01371,0.000397,-0.00013,0,10.11,Humid,22.75,0,51,240732.49,SABD0000000001,AAV1.0.0.11,1.1.2.0,PSt7-10,191107-136,2/17/22 12:14,0000-00,0,no battery,V
4/18/22,12:03:55,9,default,199182947,OXY-CH9,14.317,min,264.95,µmol/L,Humid,17.737,deg,89683,µV,28.847,°C,1017,hPa,35.3,pmil,0,55.4,deg,20,°C,100,%a.s.,22.63,deg,20,°C,972,hPa,0.816,-0.01371,0.000397,-0.00013,0,10.11,Humid,22.75,0,51,240730.45,SABD0000000001,AAV1.0.0.11,1.1.2.0,PSt7-10,191107-136,2/17/22 12:14,0000-00,0,no battery,V
4/18/22,12:03:56,9,default,199182947,OXY-CH9,14.334,min,265.054,µmol/L,Humid,17.734,deg,89676,µV,28.844,°C,1017,hPa,35.3,pmil,0,55.4,deg,20,°C,100,%a.s.,22.63,deg,20,°C,972,hPa,0.816,-0.01371,0.000397,-0.00013,0,10.11,Humid,22.75,0,51,240725.83,SABD0000000001,AAV1.0.0.11,1.1.2.0,PSt7-10,191107-136,2/17/22 12:14,0000-00,0,no battery,V
4/18/22,12:03:57,9,default,199182947,OXY-CH9,14.351,min,264.862,µmol/L,Humid,17.737,deg,89679,µV,28.858,°C,1017,hPa,35.3,pmil,0,55.4,deg,20,°C,100,%a.s.,22.63,deg,20,°C,972,hPa,0.816,-0.01371,0.000397,-0.00013,0,10.11,Humid,22.75,0,51,240726.64,SABD0000000001,AAV1.0.0.11,1.1.2.0,PSt7-10,191107-136,2/17/22 12:14,0000-00,0,no battery,V
4/18/22,12:03:58,9,default,199182947,OXY-CH9,14.368,min,265.058,µmol/L,Humid,17.733,deg,89673,µV,28.846,°C,1017,hPa,35.3,pmil,0,55.4,deg,20,°C,100,%a.s.,22.63,deg,20,°C,972,hPa,0.816,-0.01371,0.000397,-0.00013,0,10.11,Humid,22.75,0,51,240735.69,SABD0000000001,AAV1.0.0.11,1.1.2.0,PSt7-10,191107-136,2/17/22 12:14,0000-00,0,no battery,V
4/18/22,12:03:59,9,default,199182947,OXY-CH9,14.384,min,265.068,µmol/L,Humid,17.735,deg,89673,µV,28.839,°C,1017,hPa,35.3,pmil,0,55.4,deg,20,°C,100,%a.s.,22.63,deg,20,°C,972,hPa,0.816,-0.01371,0.000397,-0.00013,0,10.11,Humid,22.75,0,51,240737.24,SABD0000000001,AAV1.0.0.11,1.1.2.0,PSt7-10,191107-136,2/17/22 12:14,0000-00,0,no battery,V
4/18/22,12:04:00,9,default,199182947,OXY-CH9,14.401,min,265.211,µmol/L,Humid,17.731,deg,89659,µV,28.834,°C,1017,hPa,35.3,pmil,0,55.4,deg,20,°C,100,%a.s.,22.63,deg,20,°C,972,hPa,0.816,-0.01371,0.000397,-0.00013,0,10.11,Humid,22.75,0,51,240724.57,SABD0000000001,AAV1.0.0.11,1.1.2.0,PSt7-10,191107-136,2/17/22 12:14,0000-00,0,no battery,V
4/18/22,12:04:01,9,default,199182947,OXY-CH9,14.418,min,265.042,µmol/L,Humid,17.733,deg,89664,µV,28.848,°C,1017,hPa,35.3,pmil,0,55.4,deg,20,°C,100,%a.s.,22.63,deg,20,°C,972,hPa,0.816,-0.01371,0.000397,-0.00013,0,10.11,Humid,22.75,0,51,240729.25,SABD0000000001,AAV1.0.0.11,1.1.2.0,PSt7-10,191107-136,2/17/22 12:14,0000-00,0,no battery,V
4/18/22,12:04:02,9,default,199182947,OXY-CH9,14.435,min,265.003,µmol/L,Humid,17.73,deg,89658,µV,28.863,°C,1017,hPa,35.3,pmil,0,55.4,deg,20,°C,100,%a.s.,22.63,deg,20,°C,972,hPa,0.816,-0.01371,0.000397,-0.00013,0,10.11,Humid,22.75,0,51,240733.35,SABD0000000001,AAV1.0.0.11,1.1.2.0,PSt7-10,191107-136,2/17/22 12:14,0000-00,0,no battery,V
4/18/22,12:04:03,9,default,199182947,OXY-CH9,14.451,min,265.087,µmol/L,Humid,17.732,deg,89654,µV,28.846,°C,1017,hPa,35.3,pmil,0,55.4,deg,20,°C,100,%a.s.,22.63,deg,20,°C,972,hPa,0.816,-0.01371,0.000397,-0.00013,0,10.11,Humid,22.75,0,51,240726.28,SABD0000000001,AAV1.0.0.11,1.1.2.0,PSt7-10,191107-136,2/17/22 12:14,0000-00,0,no battery,V
4/18/22,12:04:04,9,default,199182947,OXY-CH9,14.468,min,265.176,µmol/L,Humid,17.729,deg,89655,µV,28.844,°C,1017,hPa,35.3,pmil,0,55.4,deg,20,°C,100,%a.s.,22.63,deg,20,°C,972,hPa,0.816,-0.01371,0.000397,-0.00013,0,10.11,Humid,22.75,0,51,240723.61,SABD0000000001,AAV1.0.0.11,1.1.2.0,PSt7-10,191107-136,2/17/22 12:14,0000-00,0,no battery,V
4/18/22,12:04:05,9,default,199182947,OXY-CH9,14.484,min,265.003,µmol/L,Humid,17.733,deg,89648,µV,28.853,°C,1017,hPa,35.3,pmil,0,55.4,deg,20,°C,100,%a.s.,22.63,deg,20,°C,972,hPa,0.816,-0.01371,0.000397,-0.00013,0,10.11,Humid,22.75,0,51,240724.71,SABD0000000001,AAV1.0.0.11,1.1.2.0,PSt7-10,191107-136,2/17/22 12:14,0000-00,0,no battery,V
4/18/22,12:04:06,9,default,199182947,OXY-CH9,14.5,min,265.122,µmol/L,Humid,17.728,deg,89645,µV,28.854,°C,1017,hPa,35.3,pmil,0,55.4,deg,20,°C,100,%a.s.,22.63,deg,20,°C,972,hPa,0.816,-0.01371,0.000397,-0.00013,0,10.11,Humid,22.75,0,51,240724,SABD0000000001,AAV1.0.0.11,1.1.2.0,PSt7-10,191107-136,2/17/22 12:14,0000-00,0,no battery,V
4/18/22,12:04:07,9,default,199182947,OXY-CH9,14.517,min,265.2,µmol/L,Humid,17.728,deg,89636,µV,28.845,°C,1017,hPa,35.3,pmil,0,55.4,deg,20,°C,100,%a.s.,22.63,deg,20,°C,972,hPa,0.816,-0.01371,0.000397,-0.00013,0,10.11,Humid,22.75,0,51,240729.29,SABD0000000001,AAV1.0.0.11,1.1.2.0,PSt7-10,191107-136,2/17/22 12:14,0000-00,0,no battery,V
4/18/22,12:04:08,9,default,199182947,OXY-CH9,14.534,min,265.286,µmol/L,Humid,17.725,deg,89641,µV,28.844,°C,1017,hPa,35.3,pmil,0,55.4,deg,20,°C,100,%a.s.,22.63,deg,20,°C,972,hPa,0.816,-0.01371,0.000397,-0.00013,0,10.11,Humid,22.75,0,51,240739.79,SABD0000000001,AAV1.0.0.11,1.1.2.0,PSt7-10,191107-136,2/17/22 12:14,0000-00,0,no battery,V
4/18/22,12:04:09,9,default,199182947,OXY-CH9,14.551,min,265.254,µmol/L,Humid,17.729,deg,89640,µV,28.835,°C,1017,hPa,35.3,pmil,0,55.4,deg,20,°C,100,%a.s.,22.63,deg,20,°C,972,hPa,0.816,-0.01371,0.000397,-0.00013,0,10.11,Humid,22.75,0,51,240739.88,SABD0000000001,AAV1.0.0.11,1.1.2.0,PSt7-10,191107-136,2/17/22 12:14,0000-00,0,no battery,V
4/18/22,12:04:10,9,default,199182947,OXY-CH9,14.567,min,265.319,µmol/L,Humid,17.727,deg,89635,µV,28.833,°C,1017,hPa,35.3,pmil,0,55.4,deg,20,°C,100,%a.s.,22.63,deg,20,°C,972,hPa,0.816,-0.01371,0.000397,-0.00013,0,10.11,Humid,22.75,0,51,240727.92,SABD0000000001,AAV1.0.0.11,1.1.2.0,PSt7-10,191107-136,2/17/22 12:14,0000-00,0,no battery,V
4/18/22,12:04:11,9,default,199182947,OXY-CH9,14.584,min,265.344,µmol/L,Humid,17.724,deg,89634,µV,28.839,°C,1017,hPa,35.3,pmil,0,55.4,deg,20,°C,100,%a.s.,22.63,deg,20,°C,972,hPa,0.816,-0.01371,0.000397,-0.00013,0,10.11,Humid,22.75,0,51,240728.81,SABD0000000001,AAV1.0.0.11,1.1.2.0,PSt7-10,191107-136,2/17/22 12:14,0000-00,0,no battery,V
4/18/22,12:04:12,9,default,199182947,OXY-CH9,14.601,min,265.38,µmol/L,Humid,17.722,deg,89632,µV,28.841,°C,1017,hPa,35.3,pmil,0,55.4,deg,20,°C,100,%a.s.,22.63,deg,20,°C,972,hPa,0.816,-0.01371,0.000397,-0.00013,0,10.11,Humid,22.75,0,51,240728.84,SABD0000000001,AAV1.0.0.11,1.1.2.0,PSt7-10,191107-136,2/17/22 12:14,0000-00,0,no battery,V
4/18/22,12:04:13,9,default,199182947,OXY-CH9,14.618,min,265.399,µmol/L,Humid,17.723,deg,89630,µV,28.836,°C,1017,hPa,35.3,pmil,0,55.4,deg,20,°C,100,%a.s.,22.63,deg,20,°C,972,hPa,0.816,-0.01371,0.000397,-0.00013,0,10.11,Humid,22.75,0,51,240737.58,SABD0000000001,AAV1.0.0.11,1.1.2.0,PSt7-10,191107-136,2/17/22 12:14,0000-00,0,no battery,V
4/18/22,12:04:14,9,default,199182947,OXY-CH9,14.634,min,265.414,µmol/L,Humid,17.718,deg,89622,µV,28.85,°C,1017,hPa,35.3,pmil,0,55.4,deg,20,°C,100,%a.s.,22.63,deg,20,°C,972,hPa,0.816,-0.01371,0.000397,-0.00013,0,10.11,Humid,22.75,0,51,240739.52,SABD0000000001,AAV1.0.0.11,1.1.2.0,PSt7-10,191107-136,2/17/22 12:14,0000-00,0,no battery,V
4/18/22,12:04:15,9,default,199182947,OXY-CH9,14.651,min,265.311,µmol/L,Humid,17.724,deg,89611,µV,28.844,°C,1017,hPa,35.3,pmil,0,55.4,deg,20,°C,100,%a.s.,22.63,deg,20,°C,972,hPa,0.816,-0.01371,0.000397,-0.00013,0,10.11,Humid,22.75,0,51,240744.45,SABD0000000001,AAV1.0.0.11,1.1.2.0,PSt7-10,191107-136,2/17/22 12:14,0000-00,0,no battery,V
4/18/22,12:04:16,9,default,199182947,OXY-CH9,14.668,min,265.284,µmol/L,Humid,17.724,deg,89614,µV,28.847,°C,1017,hPa,35.3,pmil,0,55.4,deg,20,°C,100,%a.s.,22.63,deg,20,°C,972,hPa,0.816,-0.01371,0.000397,-0.00013,0,10.11,Humid,22.75,0,51,240742.97,SABD0000000001,AAV1.0.0.11,1.1.2.0,PSt7-10,191107-136,2/17/22 12:14,0000-00,0,no battery,V
4/18/22,12:04:17,9,default,199182947,OXY-CH9,14.684,min,265.344,µmol/L,Humid,17.721,deg,89610,µV,28.849,°C,1017,hPa,35.3,pmil,0,55.4,deg,20,°C,100,%a.s.,22.63,deg,20,°C,972,hPa,0.816,-0.01371,0.000397,-0.00013,0,10.11,Humid,22.75,0,51,240736.29,SABD0000000001,AAV1.0.0.11,1.1.2.0,PSt7-10,191107-136,2/17/22 12:14,0000-00,0,no battery,V
4/18/22,12:04:18,9,default,199182947,OXY-CH9,14.701,min,265.506,µmol/L,Humid,17.721,deg,89610,µV,28.829,°C,1017,hPa,35.3,pmil,0,55.4,deg,20,°C,100,%a.s.,22.63,deg,20,°C,972,hPa,0.816,-0.01371,0.000397,-0.00013,0,10.11,Humid,22.75,0,51,240744.46,SABD0000000001,AAV1.0.0.11,1.1.2.0,PSt7-10,191107-136,2/17/22 12:14,0000-00,0,no battery,V
4/18/22,12:04:19,9,default,199182947,OXY-CH9,14.717,min,265.236,µmol/L,Humid,17.725,deg,89602,µV,28.85,°C,1017,hPa,35.3,pmil,0,55.4,deg,20,°C,100,%a.s.,22.63,deg,20,°C,972,hPa,0.816,-0.01371,0.000397,-0.00013,0,10.11,Humid,22.75,0,51,240737.08,SABD0000000001,AAV1.0.0.11,1.1.2.0,PSt7-10,191107-136,2/17/22 12:14,0000-00,0,no battery,V
4/18/22,12:04:20,9,default,199182947,OXY-CH9,14.734,min,265.355,µmol/L,Humid,17.72,deg,89600,µV,28.851,°C,1017,hPa,35.3,pmil,0,55.4,deg,20,°C,100,%a.s.,22.63,deg,20,°C,972,hPa,0.816,-0.01371,0.000397,-0.00013,0,10.11,Humid,22.75,0,51,240735.45,SABD0000000001,AAV1.0.0.11,1.1.2.0,PSt7-10,191107-136,2/17/22 12:14,0000-00,0,no battery,V
4/18/22,12:04:21,9,default,199182947,OXY-CH9,14.751,min,265.357,µmol/L,Humid,17.719,deg,89599,µV,28.854,°C,1017,hPa,35.3,pmil,0,55.4,deg,20,°C,100,%a.s.,22.63,deg,20,°C,972,hPa,0.816,-0.01371,0.000397,-0.00013,0,10.11,Humid,22.75,0,51,240733.36,SABD0000000001,AAV1.0.0.11,1.1.2.0,PSt7-10,191107-136,2/17/22 12:14,0000-00,0,no battery,V
4/18/22,12:04:22,9,default,199182947,OXY-CH9,14.767,min,265.358,µmol/L,Humid,17.722,deg,89595,µV,28.844,°C,1017,hPa,35.3,pmil,0,55.4,deg,20,°C,100,%a.s.,22.63,deg,20,°C,972,hPa,0.816,-0.01371,0.000397,-0.00013,0,10.11,Humid,22.75,0,51,240732.19,SABD0000000001,AAV1.0.0.11,1.1.2.0,PSt7-10,191107-136,2/17/22 12:14,0000-00,0,no battery,V
4/18/22,12:04:23,9,default,199182947,OXY-CH9,14.784,min,265.482,µmol/L,Humid,17.718,deg,89589,µV,28.841,°C,1017,hPa,35.3,pmil,0,55.4,deg,20,°C,100,%a.s.,22.63,deg,20,°C,972,hPa,0.816,-0.01371,0.000397,-0.00013,0,10.11,Humid,22.75,0,51,240735.71,SABD0000000001,AAV1.0.0.11,1.1.2.0,PSt7-10,191107-136,2/17/22 12:14,0000-00,0,no battery,V
4/18/22,12:04:24,9,default,199182947,OXY-CH9,14.801,min,265.363,µmol/L,Humid,17.718,deg,89578,µV,28.856,°C,1017,hPa,35.3,pmil,0,55.4,deg,20,°C,100,%a.s.,22.63,deg,20,°C,972,hPa,0.816,-0.01371,0.000397,-0.00013,0,10.11,Humid,22.75,0,51,240733.96,SABD0000000001,AAV1.0.0.11,1.1.2.0,PSt7-10,191107-136,2/17/22 12:14,0000-00,0,no battery,V
4/18/22,12:04:25,9,default,199182947,OXY-CH9,14.818,min,265.619,µmol/L,Humid,17.711,deg,89589,µV,28.847,°C,1017,hPa,35.3,pmil,0,55.4,deg,20,°C,100,%a.s.,22.63,deg,20,°C,972,hPa,0.816,-0.01371,0.000397,-0.00013,0,10.11,Humid,22.75,0,51,240732.56,SABD0000000001,AAV1.0.0.11,1.1.2.0,PSt7-10,191107-136,2/17/22 12:14,0000-00,0,no battery,V
4/18/22,12:04:26,9,default,199182947,OXY-CH9,14.835,min,265.645,µmol/L,Humid,17.712,deg,89583,µV,28.84,°C,1017,hPa,35.3,pmil,0,55.4,deg,20,°C,100,%a.s.,22.63,deg,20,°C,972,hPa,0.816,-0.01371,0.000397,-0.00013,0,10.11,Humid,22.75,0,51,240733.78,SABD0000000001,AAV1.0.0.11,1.1.2.0,PSt7-10,191107-136,2/17/22 12:14,0000-00,0,no battery,V
4/18/22,12:04:27,9,default,199182947,OXY-CH9,14.851,min,265.487,µmol/L,Humid,17.718,deg,89584,µV,28.841,°C,1017,hPa,35.3,pmil,0,55.4,deg,20,°C,100,%a.s.,22.63,deg,20,°C,972,hPa,0.816,-0.01371,0.000397,-0.00013,0,10.11,Humid,22.75,0,51,240733.37,SABD0000000001,AAV1.0.0.11,1.1.2.0,PSt7-10,191107-136,2/17/22 12:14,0000-00,0,no battery,V
4/18/22,12:04:28,9,default,199182947,OXY-CH9,14.868,min,265.673,µmol/L,Humid,17.714,deg,89573,µV,28.831,°C,1017,hPa,35.3,pmil,0,55.4,deg,20,°C,100,%a.s.,22.63,deg,20,°C,972,hPa,0.816,-0.01371,0.000397,-0.00013,0,10.11,Humid,22.75,0,51,240735.37,SABD0000000001,AAV1.0.0.11,1.1.2.0,PSt7-10,191107-136,2/17/22 12:14,0000-00,0,no battery,V
4/18/22,12:04:29,9,default,199182947,OXY-CH9,14.884,min,265.573,µmol/L,Humid,17.713,deg,89568,µV,28.846,°C,1017,hPa,35.3,pmil,0,55.4,deg,20,°C,100,%a.s.,22.63,deg,20,°C,972,hPa,0.816,-0.01371,0.000397,-0.00013,0,10.11,Humid,22.75,0,51,240720.41,SABD0000000001,AAV1.0.0.11,1.1.2.0,PSt7-10,191107-136,2/17/22 12:14,0000-00,0,no battery,V
4/18/22,12:04:30,9,default,199182947,OXY-CH9,14.9,min,265.638,µmol/L,Humid,17.711,deg,89568,µV,28.844,°C,1017,hPa,35.3,pmil,0,55.4,deg,20,°C,100,%a.s.,22.63,deg,20,°C,972,hPa,0.816,-0.01371,0.000397,-0.00013,0,10.11,Humid,22.75,0,51,240728.74,SABD0000000001,AAV1.0.0.11,1.1.2.0,PSt7-10,191107-136,2/17/22 12:14,0000-00,0,no battery,V
4/18/22,12:04:31,9,default,199182947,OXY-CH9,14.917,min,265.596,µmol/L,Humid,17.712,deg,89559,µV,28.846,°C,1017,hPa,35.3,pmil,0,55.4,deg,20,°C,100,%a.s.,22.63,deg,20,°C,972,hPa,0.816,-0.01371,0.000397,-0.00013,0,10.11,Humid,22.75,0,51,240721.64,SABD0000000001,AAV1.0.0.11,1.1.2.0,PSt7-10,191107-136,2/17/22 12:14,0000-00,0,no battery,V
4/18/22,12:04:32,9,default,199182947,OXY-CH9,14.934,min,265.788,µmol/L,Humid,17.706,deg,89564,µV,28.842,°C,1017,hPa,35.3,pmil,0,55.4,deg,20,°C,100,%a.s.,22.63,deg,20,°C,972,hPa,0.816,-0.01371,0.000397,-0.00013,0,10.11,Humid,22.75,0,51,240737.51,SABD0000000001,AAV1.0.0.11,1.1.2.0,PSt7-10,191107-136,2/17/22 12:14,0000-00,0,no battery,V
4/18/22,12:04:33,9,default,199182947,OXY-CH9,14.951,min,265.708,µmol/L,Humid,17.709,deg,89559,µV,28.842,°C,1017,hPa,35.3,pmil,0,55.4,deg,20,°C,100,%a.s.,22.63,deg,20,°C,972,hPa,0.816,-0.01371,0.000397,-0.00013,0,10.11,Humid,22.75,0,51,240734.6,SABD0000000001,AAV1.0.0.11,1.1.2.0,PSt7-10,191107-136,2/17/22 12:14,0000-00,0,no battery,V
4/18/22,12:04:34,9,default,199182947,OXY-CH9,14.968,min,265.727,µmol/L,Humid,17.709,deg,89554,µV,28.84,°C,1017,hPa,35.3,pmil,0,55.4,deg,20,°C,100,%a.s.,22.63,deg,20,°C,972,hPa,0.816,-0.01371,0.000397,-0.00013,0,10.11,Humid,22.75,0,51,240737.38,SABD0000000001,AAV1.0.0.11,1.1.2.0,PSt7-10,191107-136,2/17/22 12:14,0000-00,0,no battery,V
4/18/22,12:04:35,9,default,199182947,OXY-CH9,14.984,min,265.664,µmol/L,Humid,17.71,deg,89554,µV,28.844,°C,1017,hPa,35.3,pmil,0,55.4,deg,20,°C,100,%a.s.,22.63,deg,20,°C,972,hPa,0.816,-0.01371,0.000397,-0.00013,0,10.11,Humid,22.75,0,51,240733.48,SABD0000000001,AAV1.0.0.11,1.1.2.0,PSt7-10,191107-136,2/17/22 12:14,0000-00,0,no battery,V
4/18/22,12:04:36,9,default,199182947,OXY-CH9,15.001,min,265.779,µmol/L,Humid,17.71,deg,89547,µV,28.83,°C,1017,hPa,35.3,pmil,0,55.4,deg,20,°C,100,%a.s.,22.63,deg,20,°C,972,hPa,0.816,-0.01371,0.000397,-0.00013,0,10.11,Humid,22.75,0,51,240731.24,SABD0000000001,AAV1.0.0.11,1.1.2.0,PSt7-10,191107-136,2/17/22 12:14,0000-00,0,no battery,V
4/18/22,12:04:37,9,default,199182947,OXY-CH9,15.018,min,265.723,µmol/L,Humid,17.71,deg,89535,µV,28.837,°C,1017,hPa,35.3,pmil,0,55.4,deg,20,°C,100,%a.s.,22.63,deg,20,°C,972,hPa,0.816,-0.01371,0.000397,-0.00013,0,10.11,Humid,22.75,0,51,240732.14,SABD0000000001,AAV1.0.0.11,1.1.2.0,PSt7-10,191107-136,2/17/22 12:14,0000-00,0,no battery,V
4/18/22,12:04:38,9,default,199182947,OXY-CH9,15.035,min,265.801,µmol/L,Humid,17.709,deg,89530,µV,28.831,°C,1017,hPa,35.3,pmil,0,55.4,deg,20,°C,100,%a.s.,22.63,deg,20,°C,972,hPa,0.816,-0.01371,0.000397,-0.00013,0,10.11,Humid,22.75,0,51,240738.04,SABD0000000001,AAV1.0.0.11,1.1.2.0,PSt7-10,191107-136,2/17/22 12:14,0000-00,0,no battery,V
4/18/22,12:04:39,9,default,199182947,OXY-CH9,15.051,min,265.786,µmol/L,Humid,17.706,deg,89529,µV,28.842,°C,1017,hPa,35.3,pmil,0,55.4,deg,20,°C,100,%a.s.,22.63,deg,20,°C,972,hPa,0.816,-0.01371,0.000397,-0.00013,0,10.11,Humid,22.75,0,51,240730.55,SABD0000000001,AAV1.0.0.11,1.1.2.0,PSt7-10,191107-136,2/17/22 12:14,0000-00,0,no battery,V
4/18/22,12:04:40,9,default,199182947,OXY-CH9,15.067,min,265.653,µmol/L,Humid,17.707,deg,89526,µV,28.855,°C,1017,hPa,35.3,pmil,0,55.4,deg,20,°C,100,%a.s.,22.63,deg,20,°C,972,hPa,0.816,-0.01371,0.000397,-0.00013,0,10.11,Humid,22.75,0,51,240730.14,SABD0000000001,AAV1.0.0.11,1.1.2.0,PSt7-10,191107-136,2/17/22 12:14,0000-00,0,no battery,V
4/18/22,12:04:41,9,default,199182947,OXY-CH9,15.084,min,265.774,µmol/L,Humid,17.705,deg,89522,µV,28.846,°C,1017,hPa,35.3,pmil,0,55.4,deg,20,°C,100,%a.s.,22.63,deg,20,°C,972,hPa,0.816,-0.01371,0.000397,-0.00013,0,10.11,Humid,22.75,0,51,240725.63,SABD0000000001,AAV1.0.0.11,1.1.2.0,PSt7-10,191107-136,2/17/22 12:14,0000-00,0,no battery,V
4/18/22,12:04:42,9,default,199182947,OXY-CH9,15.101,min,265.755,µmol/L,Humid,17.708,deg,89525,µV,28.839,°C,1017,hPa,35.3,pmil,0,55.4,deg,20,°C,100,%a.s.,22.63,deg,20,°C,972,hPa,0.816,-0.01371,0.000397,-0.00013,0,10.11,Humid,22.75,0,51,240735.67,SABD0000000001,AAV1.0.0.11,1.1.2.0,PSt7-10,191107-136,2/17/22 12:14,0000-00,0,no battery,V
4/18/22,12:04:43,9,default,199182947,OXY-CH9,15.117,min,265.945,µmol/L,Humid,17.702,deg,89526,µV,28.835,°C,1017,hPa,35.3,pmil,0,55.4,deg,20,°C,100,%a.s.,22.63,deg,20,°C,972,hPa,0.816,-0.01371,0.000397,-0.00013,0,10.11,Humid,22.75,0,51,240724.35,SABD0000000001,AAV1.0.0.11,1.1.2.0,PSt7-10,191107-136,2/17/22 12:14,0000-00,0,no battery,V
4/18/22,12:04:44,9,default,199182947,OXY-CH9,15.134,min,265.734,µmol/L,Humid,17.705,deg,89518,µV,28.851,°C,1017,hPa,35.3,pmil,0,55.4,deg,20,°C,100,%a.s.,22.63,deg,20,°C,972,hPa,0.816,-0.01371,0.000397,-0.00013,0,10.11,Humid,22.75,0,51,240720.19,SABD0000000001,AAV1.0.0.11,1.1.2.0,PSt7-10,191107-136,2/17/22 12:14,0000-00,0,no battery,V
4/18/22,12:04:45,9,default,199182947,OXY-CH9,15.151,min,265.776,µmol/L,Humid,17.707,deg,89516,µV,28.84,°C,1017,hPa,35.3,pmil,0,55.4,deg,20,°C,100,%a.s.,22.63,deg,20,°C,972,hPa,0.816,-0.01371,0.000397,-0.00013,0,10.11,Humid,22.75,0,51,240737.14,SABD0000000001,AAV1.0.0.11,1.1.2.0,PSt7-10,191107-136,2/17/22 12:14,0000-00,0,no battery,V
4/18/22,12:04:46,9,default,199182947,OXY-CH9,15.168,min,265.956,µmol/L,Humid,17.7,deg,89514,µV,28.84,°C,1017,hPa,35.3,pmil,0,55.4,deg,20,°C,100,%a.s.,22.63,deg,20,°C,972,hPa,0.816,-0.01371,0.000397,-0.00013,0,10.11,Humid,22.75,0,51,240723.06,SABD0000000001,AAV1.0.0.11,1.1.2.0,PSt7-10,191107-136,2/17/22 12:14,0000-00,0,no battery,V
4/18/22,12:04:47,9,default,199182947,OXY-CH9,15.185,min,266.025,µmol/L,Humid,17.699,deg,89510,µV,28.835,°C,1017,hPa,35.3,pmil,0,55.4,deg,20,°C,100,%a.s.,22.63,deg,20,°C,972,hPa,0.816,-0.01371,0.000397,-0.00013,0,10.11,Humid,22.75,0,51,240725.83,SABD0000000001,AAV1.0.0.11,1.1.2.0,PSt7-10,191107-136,2/17/22 12:14,0000-00,0,no battery,V
4/18/22,12:04:48,9,default,199182947,OXY-CH9,15.201,min,266.074,µmol/L,Humid,17.697,deg,89507,µV,28.835,°C,1017,hPa,35.3,pmil,0,55.4,deg,20,°C,100,%a.s.,22.63,deg,20,°C,972,hPa,0.816,-0.01371,0.000397,-0.00013,0,10.11,Humid,22.75,0,51,240725.81,SABD0000000001,AAV1.0.0.11,1.1.2.0,PSt7-10,191107-136,2/17/22 12:14,0000-00,0,no battery,V
4/18/22,12:04:49,9,default,199182947,OXY-CH9,15.217,min,266.016,µmol/L,Humid,17.7,deg,89500,µV,28.832,°C,1017,hPa,35.3,pmil,0,55.4,deg,20,°C,100,%a.s.,22.63,deg,20,°C,972,hPa,0.816,-0.01371,0.000397,-0.00013,0,10.11,Humid,22.75,0,51,240726.74,SABD0000000001,AAV1.0.0.11,1.1.2.0,PSt7-10,191107-136,2/17/22 12:14,0000-00,0,no battery,V
4/18/22,12:04:50,9,default,199182947,OXY-CH9,15.234,min,265.882,µmol/L,Humid,17.702,deg,89498,µV,28.843,°C,1017,hPa,35.3,pmil,0,55.4,deg,20,°C,100,%a.s.,22.63,deg,20,°C,972,hPa,0.816,-0.01371,0.000397,-0.00013,0,10.11,Humid,22.75,0,51,240733.34,SABD0000000001,AAV1.0.0.11,1.1.2.0,PSt7-10,191107-136,2/17/22 12:14,0000-00,0,no battery,V
4/18/22,12:04:51,9,default,199182947,OXY-CH9,15.25,min,266.104,µmol/L,Humid,17.698,deg,89496,µV,28.828,°C,1017,hPa,35.3,pmil,0,55.4,deg,20,°C,100,%a.s.,22.63,deg,20,°C,972,hPa,0.816,-0.01371,0.000397,-0.00013,0,10.11,Humid,22.75,0,51,240732.47,SABD0000000001,AAV1.0.0.11,1.1.2.0,PSt7-10,191107-136,2/17/22 12:14,0000-00,0,no battery,V
4/18/22,12:04:52,9,default,199182947,OXY-CH9,15.267,min,266.088,µmol/L,Humid,17.696,deg,89495,µV,28.836,°C,1017,hPa,35.3,pmil,0,55.4,deg,20,°C,100,%a.s.,22.63,deg,20,°C,972,hPa,0.816,-0.01371,0.000397,-0.00013,0,10.11,Humid,22.75,0,51,240720.32,SABD0000000001,AAV1.0.0.11,1.1.2.0,PSt7-10,191107-136,2/17/22 12:14,0000-00,0,no battery,V
4/18/22,12:04:53,9,default,199182947,OXY-CH9,15.284,min,266.08,µmol/L,Humid,17.695,deg,89491,µV,28.84,°C,1017,hPa,35.3,pmil,0,55.4,deg,20,°C,100,%a.s.,22.63,deg,20,°C,972,hPa,0.816,-0.01371,0.000397,-0.00013,0,10.11,Humid,22.75,0,51,240729.06,SABD0000000001,AAV1.0.0.11,1.1.2.0,PSt7-10,191107-136,2/17/22 12:14,0000-00,0,no battery,V
4/18/22,12:04:54,9,default,199182947,OXY-CH9,15.301,min,265.972,µmol/L,Humid,17.697,deg,89485,µV,28.847,°C,1017,hPa,35.3,pmil,0,55.4,deg,20,°C,100,%a.s.,22.63,deg,20,°C,972,hPa,0.816,-0.01371,0.000397,-0.00013,0,10.11,Humid,22.75,0,51,240725.8,SABD0000000001,AAV1.0.0.11,1.1.2.0,PSt7-10,191107-136,2/17/22 12:14,0000-00,0,no battery,V
4/18/22,12:04:55,9,default,199182947,OXY-CH9,15.318,min,266.08,µmol/L,Humid,17.696,deg,89478,µV,28.837,°C,1017,hPa,35.3,pmil,0,55.4,deg,20,°C,100,%a.s.,22.63,deg,20,°C,972,hPa,0.816,-0.01371,0.000397,-0.00013,0,10.11,Humid,22.75,0,51,240732.88,SABD0000000001,AAV1.0.0.11,1.1.2.0,PSt7-10,191107-136,2/17/22 12:14,0000-00,0,no battery,V
4/18/22,12:04:56,9,default,199182947,OXY-CH9,15.334,min,266.101,µmol/L,Humid,17.698,deg,89479,µV,28.828,°C,1017,hPa,35.3,pmil,0,55.4,deg,20,°C,100,%a.s.,22.63,deg,20,°C,972,hPa,0.816,-0.01371,0.000397,-0.00013,0,10.11,Humid,22.75,0,51,240728.28,SABD0000000001,AAV1.0.0.11,1.1.2.0,PSt7-10,191107-136,2/17/22 12:14,0000-00,0,no battery,V
4/18/22,12:04:57,9,default,199182947,OXY-CH9,15.351,min,266.176,µmol/L,Humid,17.692,deg,89479,µV,28.838,°C,1017,hPa,35.3,pmil,0,55.4,deg,20,°C,100,%a.s.,22.63,deg,20,°C,972,hPa,0.816,-0.01371,0.000397,-0.00013,0,10.11,Humid,22.75,0,51,240731.86,SABD0000000001,AAV1.0.0.11,1.1.2.0,PSt7-10,191107-136,2/17/22 12:14,0000-00,0,no battery,V
4/18/22,12:04:58,9,default,199182947,OXY-CH9,15.368,min,266.066,µmol/L,Humid,17.691,deg,89475,µV,28.855,°C,1017,hPa,35.3,pmil,0,55.4,deg,20,°C,100,%a.s.,22.63,deg,20,°C,972,hPa,0.816,-0.01371,0.000397,-0.00013,0,10.11,Humid,22.75,0,51,240727.19,SABD0000000001,AAV1.0.0.11,1.1.2.0,PSt7-10,191107-136,2/17/22 12:14,0000-00,0,no battery,V
4/18/22,12:04:59,9,default,199182947,OXY-CH9,15.385,min,266.054,µmol/L,Humid,17.691,deg,89468,µV,28.856,°C,1017,hPa,35.3,pmil,0,55.4,deg,20,°C,100,%a.s.,22.63,deg,20,°C,972,hPa,0.816,-0.01371,0.000397,-0.00013,0,10.11,Humid,22.75,0,51,240727.5,SABD0000000001,AAV1.0.0.11,1.1.2.0,PSt7-10,191107-136,2/17/22 12:14,0000-00,0,no battery,V
4/18/22,12:05:00,9,default,199182947,OXY-CH9,15.401,min,266.008,µmol/L,Humid,17.697,deg,89468,µV,28.843,°C,1017,hPa,35.3,pmil,0,55.4,deg,20,°C,100,%a.s.,22.63,deg,20,°C,972,hPa,0.816,-0.01371,0.000397,-0.00013,0,10.11,Humid,22.75,0,51,240729.76,SABD0000000001,AAV1.0.0.11,1.1.2.0,PSt7-10,191107-136,2/17/22 12:14,0000-00,0,no battery,V
4/18/22,12:05:01,9,default,199182947,OXY-CH9,15.417,min,266.169,µmol/L,Humid,17.691,deg,89461,µV,28.842,°C,1017,hPa,35.3,pmil,0,55.4,deg,20,°C,100,%a.s.,22.63,deg,20,°C,972,hPa,0.816,-0.01371,0.000397,-0.00013,0,10.11,Humid,22.75,0,51,240718.23,SABD0000000001,AAV1.0.0.11,1.1.2.0,PSt7-10,191107-136,2/17/22 12:14,0000-00,0,no battery,V
4/18/22,12:05:02,9,default,199182947,OXY-CH9,15.434,min,266.136,µmol/L,Humid,17.692,deg,89461,µV,28.843,°C,1017,hPa,35.3,pmil,0,55.4,deg,20,°C,100,%a.s.,22.63,deg,20,°C,972,hPa,0.816,-0.01371,0.000397,-0.00013,0,10.11,Humid,22.75,0,51,240721.86,SABD0000000001,AAV1.0.0.11,1.1.2.0,PSt7-10,191107-136,2/17/22 12:14,0000-00,0,no battery,V
4/18/22,12:05:03,9,default,199182947,OXY-CH9,15.451,min,266.283,µmol/L,Humid,17.688,deg,89451,µV,28.838,°C,1017,hPa,35.3,pmil,0,55.4,deg,20,°C,100,%a.s.,22.63,deg,20,°C,972,hPa,0.816,-0.01371,0.000397,-0.00013,0,10.11,Humid,22.75,0,51,240720.09,SABD0000000001,AAV1.0.0.11,1.1.2.0,PSt7-10,191107-136,2/17/22 12:14,0000-00,0,no battery,V
4/18/22,12:05:04,9,default,199182947,OXY-CH9,15.467,min,266.317,µmol/L,Humid,17.689,deg,89450,µV,28.83,°C,1017,hPa,35.3,pmil,0,55.4,deg,20,°C,100,%a.s.,22.63,deg,20,°C,972,hPa,0.816,-0.01371,0.000397,-0.00013,0,10.11,Humid,22.75,0,51,240725.91,SABD0000000001,AAV1.0.0.11,1.1.2.0,PSt7-10,191107-136,2/17/22 12:14,0000-00,0,no battery,V
4/18/22,12:05:05,9,default,199182947,OXY-CH9,15.484,min,266.335,µmol/L,Humid,17.689,deg,89447,µV,28.828,°C,1017,hPa,35.3,pmil,0,55.4,deg,20,°C,100,%a.s.,22.63,deg,20,°C,972,hPa,0.816,-0.01371,0.000397,-0.00013,0,10.11,Humid,22.75,0,51,240730.08,SABD0000000001,AAV1.0.0.11,1.1.2.0,PSt7-10,191107-136,2/17/22 12:14,0000-00,0,no battery,V
4/18/22,12:05:06,9,default,199182947,OXY-CH9,15.501,min,266.302,µmol/L,Humid,17.685,deg,89442,µV,28.845,°C,1017,hPa,35.3,pmil,0,55.4,deg,20,°C,100,%a.s.,22.63,deg,20,°C,972,hPa,0.816,-0.01371,0.000397,-0.00013,0,10.11,Humid,22.75,0,51,240725.76,SABD0000000001,AAV1.0.0.11,1.1.2.0,PSt7-10,191107-136,2/17/22 12:14,0000-00,0,no battery,V
4/18/22,12:05:07,9,default,199182947,OXY-CH9,15.518,min,266.385,µmol/L,Humid,17.683,deg,89443,µV,28.841,°C,1017,hPa,35.3,pmil,0,55.4,deg,20,°C,100,%a.s.,22.63,deg,20,°C,972,hPa,0.816,-0.01371,0.000397,-0.00013,0,10.11,Humid,22.75,0,51,240731.18,SABD0000000001,AAV1.0.0.11,1.1.2.0,PSt7-10,191107-136,2/17/22 12:14,0000-00,0,no battery,V
4/18/22,12:05:08,9,default,199182947,OXY-CH9,15.535,min,266.249,µmol/L,Humid,17.686,deg,89443,µV,28.848,°C,1017,hPa,35.3,pmil,0,55.4,deg,20,°C,100,%a.s.,22.63,deg,20,°C,972,hPa,0.816,-0.01371,0.000397,-0.00013,0,10.11,Humid,22.75,0,51,240725.79,SABD0000000001,AAV1.0.0.11,1.1.2.0,PSt7-10,191107-136,2/17/22 12:14,0000-00,0,no battery,V
4/18/22,12:05:09,9,default,199182947,OXY-CH9,15.551,min,266.246,µmol/L,Humid,17.688,deg,89439,µV,28.842,°C,1017,hPa,35.3,pmil,0,55.4,deg,20,°C,100,%a.s.,22.63,deg,20,°C,972,hPa,0.816,-0.01371,0.000397,-0.00013,0,10.11,Humid,22.75,0,51,240725.68,SABD0000000001,AAV1.0.0.11,1.1.2.0,PSt7-10,191107-136,2/17/22 12:14,0000-00,0,no battery,V
4/18/22,12:05:10,9,default,199182947,OXY-CH9,15.567,min,266.303,µmol/L,Humid,17.686,deg,89429,µV,28.841,°C,1017,hPa,35.3,pmil,0,55.4,deg,20,°C,100,%a.s.,22.63,deg,20,°C,972,hPa,0.816,-0.01371,0.000397,-0.00013,0,10.11,Humid,22.75,0,51,240724.11,SABD0000000001,AAV1.0.0.11,1.1.2.0,PSt7-10,191107-136,2/17/22 12:14,0000-00,0,no battery,V
4/18/22,12:05:11,9,default,199182947,OXY-CH9,15.584,min,266.43,µmol/L,Humid,17.685,deg,89425,µV,28.829,°C,1017,hPa,35.3,pmil,0,55.4,deg,20,°C,100,%a.s.,22.63,deg,20,°C,972,hPa,0.816,-0.01371,0.000397,-0.00013,0,10.11,Humid,22.75,0,51,240729.6,SABD0000000001,AAV1.0.0.11,1.1.2.0,PSt7-10,191107-136,2/17/22 12:14,0000-00,0,no battery,V
4/18/22,12:05:12,9,default,199182947,OXY-CH9,15.601,min,266.643,µmol/L,Humid,17.676,deg,89418,µV,28.831,°C,1017,hPa,35.3,pmil,0,55.4,deg,20,°C,100,%a.s.,22.63,deg,20,°C,972,hPa,0.816,-0.01371,0.000397,-0.00013,0,10.11,Humid,22.75,0,51,240716.77,SABD0000000001,AAV1.0.0.11,1.1.2.0,PSt7-10,191107-136,2/17/22 12:14,0000-00,0,no battery,V
4/18/22,12:05:13,9,default,199182947,OXY-CH9,15.617,min,266.557,µmol/L,Humid,17.68,deg,89415,µV,28.829,°C,1017,hPa,35.3,pmil,0,55.4,deg,20,°C,100,%a.s.,22.63,deg,20,°C,972,hPa,0.816,-0.01371,0.000397,-0.00013,0,10.11,Humid,22.75,0,51,240719.24,SABD0000000001,AAV1.0.0.11,1.1.2.0,PSt7-10,191107-136,2/17/22 12:14,0000-00,0,no battery,V
4/18/22,12:05:14,9,default,199182947,OXY-CH9,15.634,min,266.448,µmol/L,Humid,17.68,deg,89412,µV,28.843,°C,1017,hPa,35.3,pmil,0,55.4,deg,20,°C,100,%a.s.,22.63,deg,20,°C,972,hPa,0.816,-0.01371,0.000397,-0.00013,0,10.11,Humid,22.75,0,51,240718.27,SABD0000000001,AAV1.0.0.11,1.1.2.0,PSt7-10,191107-136,2/17/22 12:14,0000-00,0,no battery,V
4/18/22,12:05:15,9,default,199182947,OXY-CH9,15.651,min,266.431,µmol/L,Humid,17.685,deg,89411,µV,28.829,°C,1017,hPa,35.3,pmil,0,55.4,deg,20,°C,100,%a.s.,22.63,deg,20,°C,972,hPa,0.816,-0.01371,0.000397,-0.00013,0,10.11,Humid,22.75,0,51,240731.52,SABD0000000001,AAV1.0.0.11,1.1.2.0,PSt7-10,191107-136,2/17/22 12:14,0000-00,0,no battery,V
4/18/22,12:05:16,9,default,199182947,OXY-CH9,15.667,min,266.603,µmol/L,Humid,17.68,deg,89410,µV,28.823,°C,1017,hPa,35.3,pmil,0,55.4,deg,20,°C,100,%a.s.,22.63,deg,20,°C,972,hPa,0.816,-0.01371,0.000397,-0.00013,0,10.11,Humid,22.75,0,51,240722.71,SABD0000000001,AAV1.0.0.11,1.1.2.0,PSt7-10,191107-136,2/17/22 12:14,0000-00,0,no battery,V
4/18/22,12:05:17,9,default,199182947,OXY-CH9,15.684,min,266.309,µmol/L,Humid,17.68,deg,89404,µV,28.86,°C,1017,hPa,35.3,pmil,0,55.4,deg,20,°C,100,%a.s.,22.63,deg,20,°C,972,hPa,0.816,-0.01371,0.000397,-0.00013,0,10.11,Humid,22.75,0,51,240735.28,SABD0000000001,AAV1.0.0.11,1.1.2.0,PSt7-10,191107-136,2/17/22 12:14,0000-00,0,no battery,V
4/18/22,12:05:18,9,default,199182947,OXY-CH9,15.701,min,266.405,µmol/L,Humid,17.677,deg,89404,µV,28.857,°C,1017,hPa,35.3,pmil,0,55.4,deg,20,°C,100,%a.s.,22.63,deg,20,°C,972,hPa,0.816,-0.01371,0.000397,-0.00013,0,10.11,Humid,22.75,0,51,240723.66,SABD0000000001,AAV1.0.0.11,1.1.2.0,PSt7-10,191107-136,2/17/22 12:14,0000-00,0,no battery,V
4/18/22,12:05:19,9,default,199182947,OXY-CH9,15.718,min,266.483,µmol/L,Humid,17.677,deg,89401,µV,28.848,°C,1017,hPa,35.3,pmil,0,55.4,deg,20,°C,100,%a.s.,22.63,deg,20,°C,972,hPa,0.816,-0.01371,0.000397,-0.00013,0,10.11,Humid,22.75,0,51,240730.57,SABD0000000001,AAV1.0.0.11,1.1.2.0,PSt7-10,191107-136,2/17/22 12:14,0000-00,0,no battery,V
4/18/22,12:05:20,9,default,199182947,OXY-CH9,15.734,min,266.582,µmol/L,Humid,17.677,deg,89392,µV,28.835,°C,1017,hPa,35.3,pmil,0,55.4,deg,20,°C,100,%a.s.,22.63,deg,20,°C,972,hPa,0.816,-0.01371,0.000397,-0.00013,0,10.11,Humid,22.75,0,51,240726.02,SABD0000000001,AAV1.0.0.11,1.1.2.0,PSt7-10,191107-136,2/17/22 12:14,0000-00,0,no battery,V
4/18/22,12:05:21,9,default,199182947,OXY-CH9,15.751,min,266.524,µmol/L,Humid,17.676,deg,89388,µV,28.846,°C,1017,hPa,35.3,pmil,0,55.4,deg,20,°C,100,%a.s.,22.63,deg,20,°C,972,hPa,0.816,-0.01371,0.000397,-0.00013,0,10.11,Humid,22.75,0,51,240730.53,SABD0000000001,AAV1.0.0.11,1.1.2.0,PSt7-10,191107-136,2/17/22 12:14,0000-00,0,no battery,V
4/18/22,12:05:22,9,default,199182947,OXY-CH9,15.768,min,266.585,µmol/L,Humid,17.674,deg,89390,µV,28.845,°C,1017,hPa,35.3,pmil,0,55.4,deg,20,°C,100,%a.s.,22.63,deg,20,°C,972,hPa,0.816,-0.01371,0.000397,-0.00013,0,10.11,Humid,22.75,0,51,240725.55,SABD0000000001,AAV1.0.0.11,1.1.2.0,PSt7-10,191107-136,2/17/22 12:14,0000-00,0,no battery,V
4/18/22,12:05:23,9,default,199182947,OXY-CH9,15.784,min,266.581,µmol/L,Humid,17.681,deg,89378,µV,28.823,°C,1017,hPa,35.3,pmil,0,55.4,deg,20,°C,100,%a.s.,22.63,deg,20,°C,972,hPa,0.816,-0.01371,0.000397,-0.00013,0,10.11,Humid,22.75,0,51,240725.96,SABD0000000001,AAV1.0.0.11,1.1.2.0,PSt7-10,191107-136,2/17/22 12:14,0000-00,0,no battery,V
4/18/22,12:05:24,9,default,199182947,OXY-CH9,15.8,min,266.64,µmol/L,Humid,17.675,deg,89368,µV,28.835,°C,1017,hPa,35.3,pmil,0,55.4,deg,20,°C,100,%a.s.,22.63,deg,20,°C,972,hPa,0.816,-0.01371,0.000397,-0.00013,0,10.11,Humid,22.75,0,51,240720.13,SABD0000000001,AAV1.0.0.11,1.1.2.0,PSt7-10,191107-136,2/17/22 12:14,0000-00,0,no battery,V
4/18/22,12:05:25,9,default,199182947,OXY-CH9,15.817,min,266.644,µmol/L,Humid,17.674,deg,89378,µV,28.837,°C,1017,hPa,35.3,pmil,0,55.4,deg,20,°C,100,%a.s.,22.63,deg,20,°C,972,hPa,0.816,-0.01371,0.000397,-0.00013,0,10.11,Humid,22.75,0,51,240720.36,SABD0000000001,AAV1.0.0.11,1.1.2.0,PSt7-10,191107-136,2/17/22 12:14,0000-00,0,no battery,V
4/18/22,12:05:26,9,default,199182947,OXY-CH9,15.834,min,266.699,µmol/L,Humid,17.672,deg,89367,µV,28.837,°C,1017,hPa,35.3,pmil,0,55.4,deg,20,°C,100,%a.s.,22.63,deg,20,°C,972,hPa,0.816,-0.01371,0.000397,-0.00013,0,10.11,Humid,22.75,0,51,240721.81,SABD0000000001,AAV1.0.0.11,1.1.2.0,PSt7-10,191107-136,2/17/22 12:14,0000-00,0,no battery,V
4/18/22,12:05:27,9,default,199182947,OXY-CH9,15.851,min,266.658,µmol/L,Humid,17.671,deg,89365,µV,28.845,°C,1017,hPa,35.3,pmil,0,55.4,deg,20,°C,100,%a.s.,22.63,deg,20,°C,972,hPa,0.816,-0.01371,0.000397,-0.00013,0,10.11,Humid,22.75,0,51,240713.82,SABD0000000001,AAV1.0.0.11,1.1.2.0,PSt7-10,191107-136,2/17/22 12:14,0000-00,0,no battery,V
4/18/22,12:05:28,9,default,199182947,OXY-CH9,15.867,min,266.804,µmol/L,Humid,17.67,deg,89361,µV,28.83,°C,1017,hPa,35.3,pmil,0,55.4,deg,20,°C,100,%a.s.,22.63,deg,20,°C,972,hPa,0.816,-0.01371,0.000397,-0.00013,0,10.11,Humid,22.75,0,51,240715.08,SABD0000000001,AAV1.0.0.11,1.1.2.0,PSt7-10,191107-136,2/17/22 12:14,0000-00,0,no battery,V
4/18/22,12:05:29,9,default,199182947,OXY-CH9,15.884,min,266.761,µmol/L,Humid,17.669,deg,89359,µV,28.839,°C,1017,hPa,35.3,pmil,0,55.4,deg,20,°C,100,%a.s.,22.63,deg,20,°C,972,hPa,0.816,-0.01371,0.000397,-0.00013,0,10.11,Humid,22.75,0,51,240718.17,SABD0000000001,AAV1.0.0.11,1.1.2.0,PSt7-10,191107-136,2/17/22 12:14,0000-00,0,no battery,V
4/18/22,12:05:30,9,default,199182947,OXY-CH9,15.901,min,266.904,µmol/L,Humid,17.667,deg,89351,µV,28.828,°C,1017,hPa,35.3,pmil,0,55.4,deg,20,°C,100,%a.s.,22.63,deg,20,°C,972,hPa,0.816,-0.01371,0.000397,-0.00013,0,10.11,Humid,22.75,0,51,240717.19,SABD0000000001,AAV1.0.0.11,1.1.2.0,PSt7-10,191107-136,2/17/22 12:14,0000-00,0,no battery,V
4/18/22,12:05:31,9,default,199182947,OXY-CH9,15.918,min,266.904,µmol/L,Humid,17.668,deg,89350,µV,28.824,°C,1017,hPa,35.3,pmil,0,55.4,deg,20,°C,100,%a.s.,22.63,deg,20,°C,972,hPa,0.816,-0.01371,0.000397,-0.00013,0,10.11,Humid,22.75,0,51,240724.23,SABD0000000001,AAV1.0.0.11,1.1.2.0,PSt7-10,191107-136,2/17/22 12:14,0000-00,0,no battery,V
4/18/22,12:05:32,9,default,199182947,OXY-CH9,15.934,min,266.873,µmol/L,Humid,17.666,deg,89353,µV,28.835,°C,1017,hPa,35.3,pmil,0,55.4,deg,20,°C,100,%a.s.,22.63,deg,20,°C,972,hPa,0.816,-0.01371,0.000397,-0.00013,0,10.11,Humid,22.75,0,51,240726.92,SABD0000000001,AAV1.0.0.11,1.1.2.0,PSt7-10,191107-136,2/17/22 12:14,0000-00,0,no battery,V
4/18/22,12:05:33,9,default,199182947,OXY-CH9,15.951,min,266.856,µmol/L,Humid,17.669,deg,89342,µV,28.827,°C,1017,hPa,35.3,pmil,0,55.4,deg,20,°C,100,%a.s.,22.63,deg,20,°C,972,hPa,0.816,-0.01371,0.000397,-0.00013,0,10.11,Humid,22.75,0,51,240726.25,SABD0000000001,AAV1.0.0.11,1.1.2.0,PSt7-10,191107-136,2/17/22 12:14,0000-00,0,no battery,V
4/18/22,12:05:34,9,default,199182947,OXY-CH9,15.968,min,266.889,µmol/L,Humid,17.667,deg,89338,µV,28.829,°C,1017,hPa,35.3,pmil,0,55.4,deg,20,°C,100,%a.s.,22.63,deg,20,°C,972,hPa,0.816,-0.01371,0.000397,-0.00013,0,10.11,Humid,22.75,0,51,240712.64,SABD0000000001,AAV1.0.0.11,1.1.2.0,PSt7-10,191107-136,2/17/22 12:14,0000-00,0,no battery,V
4/18/22,12:05:35,9,default,199182947,OXY-CH9,15.985,min,266.99,µmol/L,Humid,17.668,deg,89335,µV,28.814,°C,1017,hPa,35.3,pmil,0,55.4,deg,20,°C,100,%a.s.,22.63,deg,20,°C,972,hPa,0.816,-0.01371,0.000397,-0.00013,0,10.11,Humid,22.75,0,51,240721.7,SABD0000000001,AAV1.0.0.11,1.1.2.0,PSt7-10,191107-136,2/17/22 12:14,0000-00,0,no battery,V
4/18/22,12:05:36,9,default,199182947,OXY-CH9,16.001,min,266.904,µmol/L,Humid,17.663,deg,89328,µV,28.84,°C,1017,hPa,35.3,pmil,0,55.4,deg,20,°C,100,%a.s.,22.63,deg,20,°C,972,hPa,0.816,-0.01371,0.000397,-0.00013,0,10.11,Humid,22.75,0,51,240705.02,SABD0000000001,AAV1.0.0.11,1.1.2.0,PSt7-10,191107-136,2/17/22 12:14,0000-00,0,no battery,V
4/18/22,12:05:37,9,default,199182947,OXY-CH9,16.017,min,266.906,µmol/L,Humid,17.662,deg,89329,µV,28.843,°C,1017,hPa,35.3,pmil,0,55.4,deg,20,°C,100,%a.s.,22.63,deg,20,°C,972,hPa,0.816,-0.01371,0.000397,-0.00013,0,10.11,Humid,22.75,0,51,240724.4,SABD0000000001,AAV1.0.0.11,1.1.2.0,PSt7-10,191107-136,2/17/22 12:14,0000-00,0,no battery,V
4/18/22,12:05:38,9,default,199182947,OXY-CH9,16.034,min,266.791,µmol/L,Humid,17.665,deg,89324,µV,28.848,°C,1017,hPa,35.3,pmil,0,55.4,deg,20,°C,100,%a.s.,22.63,deg,20,°C,972,hPa,0.816,-0.01371,0.000397,-0.00013,0,10.11,Humid,22.75,0,51,240723.94,SABD0000000001,AAV1.0.0.11,1.1.2.0,PSt7-10,191107-136,2/17/22 12:14,0000-00,0,no battery,V
4/18/22,12:05:39,9,default,199182947,OXY-CH9,16.051,min,266.795,µmol/L,Humid,17.664,deg,89327,µV,28.85,°C,1017,hPa,35.3,pmil,0,55.4,deg,20,°C,100,%a.s.,22.63,deg,20,°C,972,hPa,0.816,-0.01371,0.000397,-0.00013,0,10.11,Humid,22.75,0,51,240715.98,SABD0000000001,AAV1.0.0.11,1.1.2.0,PSt7-10,191107-136,2/17/22 12:14,0000-00,0,no battery,V
4/18/22,12:05:40,9,default,199182947,OXY-CH9,16.068,min,266.974,µmol/L,Humid,17.66,deg,89317,µV,28.841,°C,1017,hPa,35.3,pmil,0,55.4,deg,20,°C,100,%a.s.,22.63,deg,20,°C,972,hPa,0.816,-0.01371,0.000397,-0.00013,0,10.11,Humid,22.75,0,51,240723.8,SABD0000000001,AAV1.0.0.11,1.1.2.0,PSt7-10,191107-136,2/17/22 12:14,0000-00,0,no battery,V
4/18/22,12:05:41,9,default,199182947,OXY-CH9,16.085,min,267.002,µmol/L,Humid,17.66,deg,89315,µV,28.838,°C,1017,hPa,35.3,pmil,0,55.4,deg,20,°C,100,%a.s.,22.63,deg,20,°C,972,hPa,0.816,-0.01371,0.000397,-0.00013,0,10.11,Humid,22.75,0,51,240714.79,SABD0000000001,AAV1.0.0.11,1.1.2.0,PSt7-10,191107-136,2/17/22 12:14,0000-00,0,no battery,V
4/18/22,12:05:42,9,default,199182947,OXY-CH9,16.101,min,267.015,µmol/L,Humid,17.657,deg,89309,µV,28.846,°C,1017,hPa,35.3,pmil,0,55.4,deg,20,°C,100,%a.s.,22.63,deg,20,°C,972,hPa,0.816,-0.01371,0.000397,-0.00013,0,10.11,Humid,22.75,0,51,240705.12,SABD0000000001,AAV1.0.0.11,1.1.2.0,PSt7-10,191107-136,2/17/22 12:14,0000-00,0,no battery,V
4/18/22,12:05:43,9,default,199182947,OXY-CH9,16.117,min,266.839,µmol/L,Humid,17.664,deg,89306,µV,28.845,°C,1017,hPa,35.3,pmil,0,55.4,deg,20,°C,100,%a.s.,22.63,deg,20,°C,972,hPa,0.816,-0.01371,0.000397,-0.00013,0,10.11,Humid,22.75,0,51,240714.26,SABD0000000001,AAV1.0.0.11,1.1.2.0,PSt7-10,191107-136,2/17/22 12:14,0000-00,0,no battery,V
4/18/22,12:05:44,9,default,199182947,OXY-CH9,16.134,min,266.969,µmol/L,Humid,17.662,deg,89304,µV,28.835,°C,1017,hPa,35.3,pmil,0,55.4,deg,20,°C,100,%a.s.,22.63,deg,20,°C,972,hPa,0.816,-0.01371,0.000397,-0.00013,0,10.11,Humid,22.75,0,51,240717.6,SABD0000000001,AAV1.0.0.11,1.1.2.0,PSt7-10,191107-136,2/17/22 12:14,0000-00,0,no battery,V
4/18/22,12:05:45,9,default,199182947,OXY-CH9,16.151,min,267.221,µmol/L,Humid,17.656,deg,89299,µV,28.823,°C,1017,hPa,35.3,pmil,0,55.4,deg,20,°C,100,%a.s.,22.63,deg,20,°C,972,hPa,0.816,-0.01371,0.000397,-0.00013,0,10.11,Humid,22.75,0,51,240724.78,SABD0000000001,AAV1.0.0.11,1.1.2.0,PSt7-10,191107-136,2/17/22 12:14,0000-00,0,no battery,V
4/18/22,12:05:46,9,default,199182947,OXY-CH9,16.167,min,267.141,µmol/L,Humid,17.657,deg,89293,µV,28.83,°C,1017,hPa,35.3,pmil,0,55.4,deg,20,°C,100,%a.s.,22.63,deg,20,°C,972,hPa,0.816,-0.01371,0.000397,-0.00013,0,10.11,Humid,22.75,0,51,240724.09,SABD0000000001,AAV1.0.0.11,1.1.2.0,PSt7-10,191107-136,2/17/22 12:14,0000-00,0,no battery,V
4/18/22,12:05:47,9,default,199182947,OXY-CH9,16.184,min,266.933,µmol/L,Humid,17.66,deg,89297,µV,28.846,°C,1017,hPa,35.3,pmil,0,55.4,deg,20,°C,100,%a.s.,22.63,deg,20,°C,972,hPa,0.816,-0.01371,0.000397,-0.00013,0,10.11,Humid,22.75,0,51,240716.34,SABD0000000001,AAV1.0.0.11,1.1.2.0,PSt7-10,191107-136,2/17/22 12:14,0000-00,0,no battery,V
4/18/22,12:05:48,9,default,199182947,OXY-CH9,16.201,min,267.081,µmol/L,Humid,17.66,deg,89289,µV,28.828,°C,1017,hPa,35.3,pmil,0,55.4,deg,20,°C,100,%a.s.,22.63,deg,20,°C,972,hPa,0.816,-0.01371,0.000397,-0.00013,0,10.11,Humid,22.75,0,51,240717.96,SABD0000000001,AAV1.0.0.11,1.1.2.0,PSt7-10,191107-136,2/17/22 12:14,0000-00,0,no battery,V
4/18/22,12:05:49,9,default,199182947,OXY-CH9,16.218,min,267.144,µmol/L,Humid,17.659,deg,89289,µV,28.823,°C,1017,hPa,35.3,pmil,0,55.4,deg,20,°C,100,%a.s.,22.63,deg,20,°C,972,hPa,0.816,-0.01371,0.000397,-0.00013,0,10.11,Humid,22.75,0,51,240723.48,SABD0000000001,AAV1.0.0.11,1.1.2.0,PSt7-10,191107-136,2/17/22 12:14,0000-00,0,no battery,V
4/18/22,12:05:50,9,default,199182947,OXY-CH9,16.234,min,267.215,µmol/L,Humid,17.655,deg,89279,µV,28.827,°C,1017,hPa,35.3,pmil,0,55.4,deg,20,°C,100,%a.s.,22.63,deg,20,°C,972,hPa,0.816,-0.01371,0.000397,-0.00013,0,10.11,Humid,22.75,0,51,240716.59,SABD0000000001,AAV1.0.0.11,1.1.2.0,PSt7-10,191107-136,2/17/22 12:14,0000-00,0,no battery,V
4/18/22,12:05:51,9,default,199182947,OXY-CH9,16.251,min,267.228,µmol/L,Humid,17.654,deg,89282,µV,28.829,°C,1017,hPa,35.3,pmil,0,55.4,deg,20,°C,100,%a.s.,22.63,deg,20,°C,972,hPa,0.816,-0.01371,0.000397,-0.00013,0,10.11,Humid,22.75,0,51,240715.22,SABD0000000001,AAV1.0.0.11,1.1.2.0,PSt7-10,191107-136,2/17/22 12:14,0000-00,0,no battery,V
4/18/22,12:05:52,9,default,199182947,OXY-CH9,16.268,min,267.24,µmol/L,Humid,17.652,deg,89281,µV,28.834,°C,1017,hPa,35.3,pmil,0,55.4,deg,20,°C,100,%a.s.,22.63,deg,20,°C,972,hPa,0.816,-0.01371,0.000397,-0.00013,0,10.11,Humid,22.75,0,51,240722.74,SABD0000000001,AAV1.0.0.11,1.1.2.0,PSt7-10,191107-136,2/17/22 12:14,0000-00,0,no battery,V
4/18/22,12:05:53,9,default,199182947,OXY-CH9,16.284,min,267.266,µmol/L,Humid,17.653,deg,89268,µV,28.827,°C,1017,hPa,35.3,pmil,0,55.4,deg,20,°C,100,%a.s.,22.63,deg,20,°C,972,hPa,0.816,-0.01371,0.000397,-0.00013,0,10.11,Humid,22.75,0,51,240726.5,SABD0000000001,AAV1.0.0.11,1.1.2.0,PSt7-10,191107-136,2/17/22 12:14,0000-00,0,no battery,V
4/18/22,12:05:54,9,default,199182947,OXY-CH9,16.301,min,267.076,µmol/L,Humid,17.651,deg,89271,µV,28.857,°C,1017,hPa,35.3,pmil,0,55.4,deg,20,°C,100,%a.s.,22.63,deg,20,°C,972,hPa,0.816,-0.01371,0.000397,-0.00013,0,10.11,Humid,22.75,0,51,240713.08,SABD0000000001,AAV1.0.0.11,1.1.2.0,PSt7-10,191107-136,2/17/22 12:14,0000-00,0,no battery,V
4/18/22,12:05:55,9,default,199182947,OXY-CH9,16.317,min,267.039,µmol/L,Humid,17.652,deg,89262,µV,28.858,°C,1017,hPa,35.3,pmil,0,55.4,deg,20,°C,100,%a.s.,22.63,deg,20,°C,972,hPa,0.816,-0.01371,0.000397,-0.00013,0,10.11,Humid,22.75,0,51,240719.2,SABD0000000001,AAV1.0.0.11,1.1.2.0,PSt7-10,191107-136,2/17/22 12:14,0000-00,0,no battery,V
4/18/22,12:05:56,9,default,199182947,OXY-CH9,16.334,min,267.26,µmol/L,Humid,17.65,deg,89260,µV,28.838,°C,1017,hPa,35.3,pmil,0,55.4,deg,20,°C,100,%a.s.,22.63,deg,20,°C,972,hPa,0.816,-0.01371,0.000397,-0.00013,0,10.11,Humid,22.75,0,51,240728.69,SABD0000000001,AAV1.0.0.11,1.1.2.0,PSt7-10,191107-136,2/17/22 12:14,0000-00,0,no battery,V
4/18/22,12:05:57,9,default,199182947,OXY-CH9,16.351,min,266.981,µmol/L,Humid,17.656,deg,89252,µV,28.853,°C,1017,hPa,35.3,pmil,0,55.4,deg,20,°C,100,%a.s.,22.63,deg,20,°C,972,hPa,0.816,-0.01371,0.000397,-0.00013,0,10.11,Humid,22.75,0,51,240729.76,SABD0000000001,AAV1.0.0.11,1.1.2.0,PSt7-10,191107-136,2/17/22 12:14,0000-00,0,no battery,V
4/18/22,12:05:58,9,default,199182947,OXY-CH9,16.367,min,267.306,µmol/L,Humid,17.647,deg,89253,µV,28.842,°C,1017,hPa,35.3,pmil,0,55.4,deg,20,°C,100,%a.s.,22.63,deg,20,°C,972,hPa,0.816,-0.01371,0.000397,-0.00013,0,10.11,Humid,22.75,0,51,240715.42,SABD0000000001,AAV1.0.0.11,1.1.2.0,PSt7-10,191107-136,2/17/22 12:14,0000-00,0,no battery,V
4/18/22,12:05:59,9,default,199182947,OXY-CH9,16.384,min,267.142,µmol/L,Humid,17.652,deg,89248,µV,28.846,°C,1017,hPa,35.3,pmil,0,55.4,deg,20,°C,100,%a.s.,22.63,deg,20,°C,972,hPa,0.816,-0.01371,0.000397,-0.00013,0,10.11,Humid,22.75,0,51,240724.83,SABD0000000001,AAV1.0.0.11,1.1.2.0,PSt7-10,191107-136,2/17/22 12:14,0000-00,0,no battery,V
4/18/22,12:06:00,9,default,199182947,OXY-CH9,16.401,min,267.207,µmol/L,Humid,17.652,deg,89250,µV,28.838,°C,1017,hPa,35.3,pmil,0,55.4,deg,20,°C,100,%a.s.,22.63,deg,20,°C,972,hPa,0.816,-0.01371,0.000397,-0.00013,0,10.11,Humid,22.75,0,51,240714.47,SABD0000000001,AAV1.0.0.11,1.1.2.0,PSt7-10,191107-136,2/17/22 12:14,0000-00,0,no battery,V
4/18/22,12:06:01,9,default,199182947,OXY-CH9,16.417,min,267.423,µmol/L,Humid,17.643,deg,89239,µV,28.84,°C,1017,hPa,35.3,pmil,0,55.4,deg,20,°C,100,%a.s.,22.63,deg,20,°C,972,hPa,0.816,-0.01371,0.000397,-0.00013,0,10.11,Humid,22.75,0,51,240724.24,SABD0000000001,AAV1.0.0.11,1.1.2.0,PSt7-10,191107-136,2/17/22 12:14,0000-00,0,no battery,V
4/18/22,12:06:02,9,default,199182947,OXY-CH9,16.434,min,267.325,µmol/L,Humid,17.647,deg,89237,µV,28.839,°C,1017,hPa,35.3,pmil,0,55.4,deg,20,°C,100,%a.s.,22.63,deg,20,°C,972,hPa,0.816,-0.01371,0.000397,-0.00013,0,10.11,Humid,22.75,0,51,240716.83,SABD0000000001,AAV1.0.0.11,1.1.2.0,PSt7-10,191107-136,2/17/22 12:14,0000-00,0,no battery,V
4/18/22,12:06:03,9,default,199182947,OXY-CH9,16.451,min,267.395,µmol/L,Humid,17.648,deg,89238,µV,28.828,°C,1017,hPa,35.3,pmil,0,55.4,deg,20,°C,100,%a.s.,22.63,deg,20,°C,972,hPa,0.816,-0.01371,0.000397,-0.00013,0,10.11,Humid,22.75,0,51,240709.75,SABD0000000001,AAV1.0.0.11,1.1.2.0,PSt7-10,191107-136,2/17/22 12:14,0000-00,0,no battery,V
4/18/22,12:06:04,9,default,199182947,OXY-CH9,16.468,min,267.375,µmol/L,Humid,17.644,deg,89232,µV,28.843,°C,1017,hPa,35.3,pmil,0,55.4,deg,20,°C,100,%a.s.,22.63,deg,20,°C,972,hPa,0.816,-0.01371,0.000397,-0.00013,0,10.11,Humid,22.75,0,51,240713.87,SABD0000000001,AAV1.0.0.11,1.1.2.0,PSt7-10,191107-136,2/17/22 12:14,0000-00,0,no battery,V
4/18/22,12:06:05,9,default,199182947,OXY-CH9,16.485,min,267.507,µmol/L,Humid,17.644,deg,89232,µV,28.826,°C,1017,hPa,35.3,pmil,0,55.4,deg,20,°C,100,%a.s.,22.63,deg,20,°C,972,hPa,0.816,-0.01371,0.000397,-0.00013,0,10.11,Humid,22.75,0,51,240717.71,SABD0000000001,AAV1.0.0.11,1.1.2.0,PSt7-10,191107-136,2/17/22 12:14,0000-00,0,no battery,V
4/18/22,12:06:06,9,default,199182947,OXY-CH9,16.501,min,267.502,µmol/L,Humid,17.644,deg,89223,µV,28.827,°C,1017,hPa,35.3,pmil,0,55.4,deg,20,°C,100,%a.s.,22.63,deg,20,°C,972,hPa,0.816,-0.01371,0.000397,-0.00013,0,10.11,Humid,22.75,0,51,240713.02,SABD0000000001,AAV1.0.0.11,1.1.2.0,PSt7-10,191107-136,2/17/22 12:14,0000-00,0,no battery,V
4/18/22,12:06:07,9,default,199182947,OXY-CH9,16.517,min,267.5,µmol/L,Humid,17.643,deg,89217,µV,28.83,°C,1017,hPa,35.3,pmil,0,55.4,deg,20,°C,100,%a.s.,22.63,deg,20,°C,972,hPa,0.816,-0.01371,0.000397,-0.00013,0,10.11,Humid,22.75,0,51,240707.29,SABD0000000001,AAV1.0.0.11,1.1.2.0,PSt7-10,191107-136,2/17/22 12:14,0000-00,0,no battery,V
4/18/22,12:06:08,9,default,199182947,OXY-CH9,16.534,min,267.552,µmol/L,Humid,17.641,deg,89208,µV,28.83,°C,1017,hPa,35.3,pmil,0,55.4,deg,20,°C,100,%a.s.,22.63,deg,20,°C,972,hPa,0.816,-0.01371,0.000397,-0.00013,0,10.11,Humid,22.75,0,51,240706.89,SABD0000000001,AAV1.0.0.11,1.1.2.0,PSt7-10,191107-136,2/17/22 12:14,0000-00,0,no battery,V
4/18/22,12:06:09,9,default,199182947,OXY-CH9,16.55,min,267.51,µmol/L,Humid,17.642,deg,89214,µV,28.832,°C,1017,hPa,35.3,pmil,0,55.4,deg,20,°C,100,%a.s.,22.63,deg,20,°C,972,hPa,0.816,-0.01371,0.000397,-0.00013,0,10.11,Humid,22.75,0,51,240713.56,SABD0000000001,AAV1.0.0.11,1.1.2.0,PSt7-10,191107-136,2/17/22 12:14,0000-00,0,no battery,V
4/18/22,12:06:10,9,default,199182947,OXY-CH9,16.567,min,267.6,µmol/L,Humid,17.64,deg,89209,µV,28.828,°C,1017,hPa,35.3,pmil,0,55.4,deg,20,°C,100,%a.s.,22.63,deg,20,°C,972,hPa,0.816,-0.01371,0.000397,-0.00013,0,10.11,Humid,22.75,0,51,240714.04,SABD0000000001,AAV1.0.0.11,1.1.2.0,PSt7-10,191107-136,2/17/22 12:14,0000-00,0,no battery,V
4/18/22,12:06:11,9,default,199182947,OXY-CH9,16.584,min,267.577,µmol/L,Humid,17.642,deg,89202,µV,28.824,°C,1017,hPa,35.3,pmil,0,55.4,deg,20,°C,100,%a.s.,22.63,deg,20,°C,972,hPa,0.816,-0.01371,0.000397,-0.00013,0,10.11,Humid,22.75,0,51,240708.92,SABD0000000001,AAV1.0.0.11,1.1.2.0,PSt7-10,191107-136,2/17/22 12:14,0000-00,0,no battery,V
4/18/22,12:06:12,9,default,199182947,OXY-CH9,16.601,min,267.389,µmol/L,Humid,17.644,deg,89198,µV,28.841,°C,1017,hPa,35.3,pmil,0,55.4,deg,20,°C,100,%a.s.,22.63,deg,20,°C,972,hPa,0.816,-0.01371,0.000397,-0.00013,0,10.11,Humid,22.75,0,51,240713.13,SABD0000000001,AAV1.0.0.11,1.1.2.0,PSt7-10,191107-136,2/17/22 12:14,0000-00,0,no battery,V
4/18/22,12:06:13,9,default,199182947,OXY-CH9,16.617,min,267.535,µmol/L,Humid,17.644,deg,89199,µV,28.823,°C,1017,hPa,35.3,pmil,0,55.4,deg,20,°C,100,%a.s.,22.63,deg,20,°C,972,hPa,0.816,-0.01371,0.000397,-0.00013,0,10.11,Humid,22.75,0,51,240711.64,SABD0000000001,AAV1.0.0.11,1.1.2.0,PSt7-10,191107-136,2/17/22 12:14,0000-00,0,no battery,V
4/18/22,12:06:14,9,default,199182947,OXY-CH9,16.634,min,267.374,µmol/L,Humid,17.641,deg,89191,µV,28.852,°C,1017,hPa,35.3,pmil,0,55.4,deg,20,°C,100,%a.s.,22.63,deg,20,°C,972,hPa,0.816,-0.01371,0.000397,-0.00013,0,10.11,Humid,22.75,0,51,240702.92,SABD0000000001,AAV1.0.0.11,1.1.2.0,PSt7-10,191107-136,2/17/22 12:14,0000-00,0,no battery,V
4/18/22,12:06:15,9,default,199182947,OXY-CH9,16.651,min,267.504,µmol/L,Humid,17.637,deg,89184,µV,28.849,°C,1017,hPa,35.3,pmil,0,55.4,deg,20,°C,100,%a.s.,22.63,deg,20,°C,972,hPa,0.816,-0.01371,0.000397,-0.00013,0,10.11,Humid,22.75,0,51,240710.96,SABD0000000001,AAV1.0.0.11,1.1.2.0,PSt7-10,191107-136,2/17/22 12:14,0000-00,0,no battery,V
4/18/22,12:06:16,9,default,199182947,OXY-CH9,16.668,min,267.597,µmol/L,Humid,17.636,deg,89187,µV,28.841,°C,1017,hPa,35.3,pmil,0,55.4,deg,20,°C,100,%a.s.,22.63,deg,20,°C,972,hPa,0.816,-0.01371,0.000397,-0.00013,0,10.11,Humid,22.75,0,51,240711.36,SABD0000000001,AAV1.0.0.11,1.1.2.0,PSt7-10,191107-136,2/17/22 12:14,0000-00,0,no battery,V
4/18/22,12:06:17,9,default,199182947,OXY-CH9,16.684,min,267.674,µmol/L,Humid,17.633,deg,89187,µV,28.841,°C,1017,hPa,35.3,pmil,0,55.4,deg,20,°C,100,%a.s.,22.63,deg,20,°C,972,hPa,0.816,-0.01371,0.000397,-0.00013,0,10.11,Humid,22.75,0,51,240712.67,SABD0000000001,AAV1.0.0.11,1.1.2.0,PSt7-10,191107-136,2/17/22 12:14,0000-00,0,no battery,V
4/18/22,12:06:18,9,default,199182947,OXY-CH9,16.701,min,267.654,µmol/L,Humid,17.633,deg,89177,µV,28.843,°C,1017,hPa,35.3,pmil,0,55.4,deg,20,°C,100,%a.s.,22.63,deg,20,°C,972,hPa,0.816,-0.01371,0.000397,-0.00013,0,10.11,Humid,22.75,0,51,240713.61,SABD0000000001,AAV1.0.0.11,1.1.2.0,PSt7-10,191107-136,2/17/22 12:14,0000-00,0,no battery,V
4/18/22,12:06:19,9,default,199182947,OXY-CH9,16.718,min,267.63,µmol/L,Humid,17.634,deg,89173,µV,28.843,°C,1017,hPa,35.3,pmil,0,55.4,deg,20,°C,100,%a.s.,22.63,deg,20,°C,972,hPa,0.816,-0.01371,0.000397,-0.00013,0,10.11,Humid,22.75,0,51,240702.92,SABD0000000001,AAV1.0.0.11,1.1.2.0,PSt7-10,191107-136,2/17/22 12:14,0000-00,0,no battery,V
4/18/22,12:06:20,9,default,199182947,OXY-CH9,16.734,min,267.774,µmol/L,Humid,17.629,deg,89171,µV,28.841,°C,1017,hPa,35.3,pmil,0,55.4,deg,20,°C,100,%a.s.,22.63,deg,20,°C,972,hPa,0.816,-0.01371,0.000397,-0.00013,0,10.11,Humid,22.75,0,51,240706.63,SABD0000000001,AAV1.0.0.11,1.1.2.0,PSt7-10,191107-136,2/17/22 12:14,0000-00,0,no battery,V
4/18/22,12:06:21,9,default,199182947,OXY-CH9,16.75,min,267.782,µmol/L,Humid,17.633,deg,89161,µV,28.828,°C,1017,hPa,35.3,pmil,0,55.4,deg,20,°C,100,%a.s.,22.63,deg,20,°C,972,hPa,0.816,-0.01371,0.000397,-0.00013,0,10.11,Humid,22.75,0,51,240692.82,SABD0000000001,AAV1.0.0.11,1.1.2.0,PSt7-10,191107-136,2/17/22 12:14,0000-00,0,no battery,V
4/18/22,12:06:22,9,default,199182947,OXY-CH9,16.767,min,267.816,µmol/L,Humid,17.632,deg,89157,µV,28.827,°C,1017,hPa,35.3,pmil,0,55.4,deg,20,°C,100,%a.s.,22.63,deg,20,°C,972,hPa,0.816,-0.01371,0.000397,-0.00013,0,10.11,Humid,22.75,0,51,240703.9,SABD0000000001,AAV1.0.0.11,1.1.2.0,PSt7-10,191107-136,2/17/22 12:14,0000-00,0,no battery,V
4/18/22,12:06:23,9,default,199182947,OXY-CH9,16.784,min,267.838,µmol/L,Humid,17.629,deg,89158,µV,28.833,°C,1017,hPa,35.3,pmil,0,55.4,deg,20,°C,100,%a.s.,22.63,deg,20,°C,972,hPa,0.816,-0.01371,0.000397,-0.00013,0,10.11,Humid,22.75,0,51,240697.37,SABD0000000001,AAV1.0.0.11,1.1.2.0,PSt7-10,191107-136,2/17/22 12:14,0000-00,0,no battery,V
4/18/22,12:06:24,9,default,199182947,OXY-CH9,16.801,min,267.631,µmol/L,Humid,17.632,deg,89154,µV,28.849,°C,1017,hPa,35.3,pmil,0,55.4,deg,20,°C,100,%a.s.,22.63,deg,20,°C,972,hPa,0.816,-0.01371,0.000397,-0.00013,0,10.11,Humid,22.75,0,51,240704.7,SABD0000000001,AAV1.0.0.11,1.1.2.0,PSt7-10,191107-136,2/17/22 12:14,0000-00,0,no battery,V
4/18/22,12:06:25,9,default,199182947,OXY-CH9,16.818,min,267.671,µmol/L,Humid,17.633,deg,89148,µV,28.841,°C,1017,hPa,35.3,pmil,0,55.4,deg,20,°C,100,%a.s.,22.63,deg,20,°C,972,hPa,0.816,-0.01371,0.000397,-0.00013,0,10.11,Humid,22.75,0,51,240704.67,SABD0000000001,AAV1.0.0.11,1.1.2.0,PSt7-10,191107-136,2/17/22 12:14,0000-00,0,no battery,V
4/18/22,12:06:26,9,default,199182947,OXY-CH9,16.834,min,267.64,µmol/L,Humid,17.633,deg,89150,µV,28.845,°C,1017,hPa,35.3,pmil,0,55.4,deg,20,°C,100,%a.s.,22.63,deg,20,°C,972,hPa,0.816,-0.01371,0.000397,-0.00013,0,10.11,Humid,22.75,0,51,240697.75,SABD0000000001,AAV1.0.0.11,1.1.2.0,PSt7-10,191107-136,2/17/22 12:14,0000-00,0,no battery,V
4/18/22,12:06:27,9,default,199182947,OXY-CH9,16.851,min,267.863,µmol/L,Humid,17.628,deg,89141,µV,28.834,°C,1017,hPa,35.3,pmil,0,55.4,deg,20,°C,100,%a.s.,22.63,deg,20,°C,972,hPa,0.816,-0.01371,0.000397,-0.00013,0,10.11,Humid,22.75,0,51,240692.18,SABD0000000001,AAV1.0.0.11,1.1.2.0,PSt7-10,191107-136,2/17/22 12:14,0000-00,0,no battery,V
4/18/22,12:06:28,9,default,199182947,OXY-CH9,16.868,min,267.899,µmol/L,Humid,17.627,deg,89145,µV,28.832,°C,1017,hPa,35.3,pmil,0,55.4,deg,20,°C,100,%a.s.,22.63,deg,20,°C,972,hPa,0.816,-0.01371,0.000397,-0.00013,0,10.11,Humid,22.75,0,51,240709.19,SABD0000000001,AAV1.0.0.11,1.1.2.0,PSt7-10,191107-136,2/17/22 12:14,0000-00,0,no battery,V
4/18/22,12:06:29,9,default,199182947,OXY-CH9,16.884,min,267.971,µmol/L,Humid,17.627,deg,89130,µV,28.823,°C,1017,hPa,35.3,pmil,0,55.4,deg,20,°C,100,%a.s.,22.63,deg,20,°C,972,hPa,0.816,-0.01371,0.000397,-0.00013,0,10.11,Humid,22.75,0,51,240688.78,SABD0000000001,AAV1.0.0.11,1.1.2.0,PSt7-10,191107-136,2/17/22 12:14,0000-00,0,no battery,V
4/18/22,12:06:30,9,default,199182947,OXY-CH9,16.901,min,267.774,µmol/L,Humid,17.628,deg,89124,µV,28.844,°C,1017,hPa,35.3,pmil,0,55.4,deg,20,°C,100,%a.s.,22.63,deg,20,°C,972,hPa,0.816,-0.01371,0.000397,-0.00013,0,10.11,Humid,22.75,0,51,240692.93,SABD0000000001,AAV1.0.0.11,1.1.2.0,PSt7-10,191107-136,2/17/22 12:14,0000-00,0,no battery,V
4/18/22,12:06:31,9,default,199182947,OXY-CH9,16.918,min,267.954,µmol/L,Humid,17.629,deg,89123,µV,28.819,°C,1017,hPa,35.3,pmil,0,55.4,deg,20,°C,100,%a.s.,22.63,deg,20,°C,972,hPa,0.816,-0.01371,0.000397,-0.00013,0,10.11,Humid,22.75,0,51,240703.25,SABD0000000001,AAV1.0.0.11,1.1.2.0,PSt7-10,191107-136,2/17/22 12:14,0000-00,0,no battery,V
4/18/22,12:06:32,9,default,199182947,OXY-CH9,16.935,min,268,µmol/L,Humid,17.625,deg,89117,µV,28.826,°C,1017,hPa,35.3,pmil,0,55.4,deg,20,°C,100,%a.s.,22.63,deg,20,°C,972,hPa,0.816,-0.01371,0.000397,-0.00013,0,10.11,Humid,22.75,0,51,240687.5,SABD0000000001,AAV1.0.0.11,1.1.2.0,PSt7-10,191107-136,2/17/22 12:14,0000-00,0,no battery,V
4/18/22,12:06:33,9,default,199182947,OXY-CH9,16.951,min,267.996,µmol/L,Humid,17.626,deg,89122,µV,28.824,°C,1017,hPa,35.3,pmil,0,55.4,deg,20,°C,100,%a.s.,22.63,deg,20,°C,972,hPa,0.816,-0.01371,0.000397,-0.00013,0,10.11,Humid,22.75,0,51,240699.3,SABD0000000001,AAV1.0.0.11,1.1.2.0,PSt7-10,191107-136,2/17/22 12:14,0000-00,0,no battery,V
4/18/22,12:06:34,9,default,199182947,OXY-CH9,16.968,min,267.898,µmol/L,Humid,17.625,deg,89113,µV,28.839,°C,1017,hPa,35.3,pmil,0,55.4,deg,20,°C,100,%a.s.,22.63,deg,20,°C,972,hPa,0.816,-0.01371,0.000397,-0.00013,0,10.11,Humid,22.75,0,51,240703.99,SABD0000000001,AAV1.0.0.11,1.1.2.0,PSt7-10,191107-136,2/17/22 12:14,0000-00,0,no battery,V
4/18/22,12:06:35,9,default,199182947,OXY-CH9,16.984,min,268.012,µmol/L,Humid,17.617,deg,89110,µV,28.85,°C,1017,hPa,35.3,pmil,0,55.4,deg,20,°C,100,%a.s.,22.63,deg,20,°C,972,hPa,0.816,-0.01371,0.000397,-0.00013,0,10.11,Humid,22.75,0,51,240693.32,SABD0000000001,AAV1.0.0.11,1.1.2.0,PSt7-10,191107-136,2/17/22 12:14,0000-00,0,no battery,V
4/18/22,12:06:36,9,default,199182947,OXY-CH9,17,min,267.978,µmol/L,Humid,17.62,deg,89107,µV,28.845,°C,1017,hPa,35.3,pmil,0,55.4,deg,20,°C,100,%a.s.,22.63,deg,20,°C,972,hPa,0.816,-0.01371,0.000397,-0.00013,0,10.11,Humid,22.75,0,51,240698.68,SABD0000000001,AAV1.0.0.11,1.1.2.0,PSt7-10,191107-136,2/17/22 12:14,0000-00,0,no battery,V
4/18/22,12:06:37,9,default,199182947,OXY-CH9,17.017,min,268.143,µmol/L,Humid,17.616,deg,89101,µV,28.837,°C,1017,hPa,35.3,pmil,0,55.4,deg,20,°C,100,%a.s.,22.63,deg,20,°C,972,hPa,0.816,-0.01371,0.000397,-0.00013,0,10.11,Humid,22.75,0,51,240694.6,SABD0000000001,AAV1.0.0.11,1.1.2.0,PSt7-10,191107-136,2/17/22 12:14,0000-00,0,no battery,V
4/18/22,12:06:38,9,default,199182947,OXY-CH9,17.034,min,268.029,µmol/L,Humid,17.618,deg,89103,µV,28.845,°C,1017,hPa,35.3,pmil,0,55.4,deg,20,°C,100,%a.s.,22.63,deg,20,°C,972,hPa,0.816,-0.01371,0.000397,-0.00013,0,10.11,Humid,22.75,0,51,240701.44,SABD0000000001,AAV1.0.0.11,1.1.2.0,PSt7-10,191107-136,2/17/22 12:14,0000-00,0,no battery,V
4/18/22,12:06:39,9,default,199182947,OXY-CH9,17.051,min,268.047,µmol/L,Humid,17.617,deg,89093,µV,28.846,°C,1017,hPa,35.3,pmil,0,55.4,deg,20,°C,100,%a.s.,22.63,deg,20,°C,972,hPa,0.816,-0.01371,0.000397,-0.00013,0,10.11,Humid,22.75,0,51,240694.93,SABD0000000001,AAV1.0.0.11,1.1.2.0,PSt7-10,191107-136,2/17/22 12:14,0000-00,0,no battery,V
4/18/22,12:06:40,9,default,199182947,OXY-CH9,17.068,min,268.035,µmol/L,Humid,17.622,deg,89092,µV,28.832,°C,1017,hPa,35.3,pmil,0,55.4,deg,20,°C,100,%a.s.,22.63,deg,20,°C,972,hPa,0.816,-0.01371,0.000397,-0.00013,0,10.11,Humid,22.75,0,51,240705.65,SABD0000000001,AAV1.0.0.11,1.1.2.0,PSt7-10,191107-136,2/17/22 12:14,0000-00,0,no battery,V
4/18/22,12:06:41,9,default,199182947,OXY-CH9,17.084,min,268.349,µmol/L,Humid,17.61,deg,89083,µV,28.831,°C,1017,hPa,35.3,pmil,0,55.4,deg,20,°C,100,%a.s.,22.63,deg,20,°C,972,hPa,0.816,-0.01371,0.000397,-0.00013,0,10.11,Humid,22.75,0,51,240695.91,SABD0000000001,AAV1.0.0.11,1.1.2.0,PSt7-10,191107-136,2/17/22 12:14,0000-00,0,no battery,V
4/18/22,12:06:42,9,default,199182947,OXY-CH9,17.101,min,268.206,µmol/L,Humid,17.613,deg,89081,µV,28.839,°C,1017,hPa,35.3,pmil,0,55.4,deg,20,°C,100,%a.s.,22.63,deg,20,°C,972,hPa,0.816,-0.01371,0.000397,-0.00013,0,10.11,Humid,22.75,0,51,240703.11,SABD0000000001,AAV1.0.0.11,1.1.2.0,PSt7-10,191107-136,2/17/22 12:14,0000-00,0,no battery,V
4/18/22,12:06:43,9,default,199182947,OXY-CH9,17.118,min,268.202,µmol/L,Humid,17.614,deg,89076,µV,28.836,°C,1017,hPa,35.3,pmil,0,55.4,deg,20,°C,100,%a.s.,22.63,deg,20,°C,972,hPa,0.816,-0.01371,0.000397,-0.00013,0,10.11,Humid,22.75,0,51,240707.84,SABD0000000001,AAV1.0.0.11,1.1.2.0,PSt7-10,191107-136,2/17/22 12:14,0000-00,0,no battery,V
4/18/22,12:06:44,9,default,199182947,OXY-CH9,17.134,min,268.365,µmol/L,Humid,17.608,deg,89078,µV,28.835,°C,1017,hPa,35.3,pmil,0,55.4,deg,20,°C,100,%a.s.,22.63,deg,20,°C,972,hPa,0.816,-0.01371,0.000397,-0.00013,0,10.11,Humid,22.75,0,51,240697.9,SABD0000000001,AAV1.0.0.11,1.1.2.0,PSt7-10,191107-136,2/17/22 12:14,0000-00,0,no battery,V
4/18/22,12:06:45,9,default,199182947,OXY-CH9,17.15,min,268.18,µmol/L,Humid,17.616,deg,89066,µV,28.833,°C,1017,hPa,35.3,pmil,0,55.4,deg,20,°C,100,%a.s.,22.63,deg,20,°C,972,hPa,0.816,-0.01371,0.000397,-0.00013,0,10.11,Humid,22.75,0,51,240697.43,SABD0000000001,AAV1.0.0.11,1.1.2.0,PSt7-10,191107-136,2/17/22 12:14,0000-00,0,no battery,V
4/18/22,12:06:46,9,default,199182947,OXY-CH9,17.167,min,268.282,µmol/L,Humid,17.615,deg,89060,µV,28.823,°C,1017,hPa,35.3,pmil,0,55.4,deg,20,°C,100,%a.s.,22.63,deg,20,°C,972,hPa,0.816,-0.01371,0.000397,-0.00013,0,10.11,Humid,22.75,0,51,240690.51,SABD0000000001,AAV1.0.0.11,1.1.2.0,PSt7-10,191107-136,2/17/22 12:14,0000-00,0,no battery,V
4/18/22,12:06:47,9,default,199182947,OXY-CH9,17.184,min,268.272,µmol/L,Humid,17.612,deg,89053,µV,28.834,°C,1017,hPa,35.3,pmil,0,55.4,deg,20,°C,100,%a.s.,22.63,deg,20,°C,972,hPa,0.816,-0.01371,0.000397,-0.00013,0,10.11,Humid,22.75,0,51,240695.02,SABD0000000001,AAV1.0.0.11,1.1.2.0,PSt7-10,191107-136,2/17/22 12:14,0000-00,0,no battery,V
4/18/22,12:06:48,9,default,199182947,OXY-CH9,17.201,min,268.2,µmol/L,Humid,17.615,deg,89057,µV,28.834,°C,1017,hPa,35.3,pmil,0,55.4,deg,20,°C,100,%a.s.,22.63,deg,20,°C,972,hPa,0.816,-0.01371,0.000397,-0.00013,0,10.11,Humid,22.75,0,51,240701.19,SABD0000000001,AAV1.0.0.11,1.1.2.0,PSt7-10,191107-136,2/17/22 12:14,0000-00,0,no battery,V
4/18/22,12:06:49,9,default,199182947,OXY-CH9,17.217,min,268.518,µmol/L,Humid,17.608,deg,89047,µV,28.817,°C,1017,hPa,35.3,pmil,0,55.4,deg,20,°C,100,%a.s.,22.63,deg,20,°C,972,hPa,0.816,-0.01371,0.000397,-0.00013,0,10.11,Humid,22.75,0,51,240702.81,SABD0000000001,AAV1.0.0.11,1.1.2.0,PSt7-10,191107-136,2/17/22 12:14,0000-00,0,no battery,V
4/18/22,12:06:50,9,default,199182947,OXY-CH9,17.234,min,268.315,µmol/L,Humid,17.614,deg,89045,µV,28.823,°C,1017,hPa,35.3,pmil,0,55.4,deg,20,°C,100,%a.s.,22.63,deg,20,°C,972,hPa,0.816,-0.01371,0.000397,-0.00013,0,10.11,Humid,22.75,0,51,240688.47,SABD0000000001,AAV1.0.0.11,1.1.2.0,PSt7-10,191107-136,2/17/22 12:14,0000-00,0,no battery,V
4/18/22,12:06:51,9,default,199182947,OXY-CH9,17.251,min,268.239,µmol/L,Humid,17.615,deg,89044,µV,28.829,°C,1017,hPa,35.3,pmil,0,55.4,deg,20,°C,100,%a.s.,22.63,deg,20,°C,972,hPa,0.816,-0.01371,0.000397,-0.00013,0,10.11,Humid,22.75,0,51,240690.25,SABD0000000001,AAV1.0.0.11,1.1.2.0,PSt7-10,191107-136,2/17/22 12:14,0000-00,0,no battery,V
4/18/22,12:06:52,9,default,199182947,OXY-CH9,17.268,min,268.321,µmol/L,Humid,17.608,deg,89035,µV,28.841,°C,1017,hPa,35.3,pmil,0,55.4,deg,20,°C,100,%a.s.,22.63,deg,20,°C,972,hPa,0.816,-0.01371,0.000397,-0.00013,0,10.11,Humid,22.75,0,51,240683.91,SABD0000000001,AAV1.0.0.11,1.1.2.0,PSt7-10,191107-136,2/17/22 12:14,0000-00,0,no battery,V
4/18/22,12:06:53,9,default,199182947,OXY-CH9,17.284,min,268.149,µmol/L,Humid,17.613,deg,89040,µV,28.846,°C,1017,hPa,35.3,pmil,0,55.4,deg,20,°C,100,%a.s.,22.63,deg,20,°C,972,hPa,0.816,-0.01371,0.000397,-0.00013,0,10.11,Humid,22.75,0,51,240687.06,SABD0000000001,AAV1.0.0.11,1.1.2.0,PSt7-10,191107-136,2/17/22 12:14,0000-00,0,no battery,V
4/18/22,12:06:54,9,default,199182947,OXY-CH9,17.301,min,268.22,µmol/L,Humid,17.611,deg,89034,µV,28.844,°C,1017,hPa,35.3,pmil,0,55.4,deg,20,°C,100,%a.s.,22.63,deg,20,°C,972,hPa,0.816,-0.01371,0.000397,-0.00013,0,10.11,Humid,22.75,0,51,240687.99,SABD0000000001,AAV1.0.0.11,1.1.2.0,PSt7-10,191107-136,2/17/22 12:14,0000-00,0,no battery,V
4/18/22,12:06:55,9,default,199182947,OXY-CH9,17.317,min,268.373,µmol/L,Humid,17.608,deg,89029,µV,28.835,°C,1017,hPa,35.3,pmil,0,55.4,deg,20,°C,100,%a.s.,22.63,deg,20,°C,972,hPa,0.816,-0.01371,0.000397,-0.00013,0,10.11,Humid,22.75,0,51,240687.73,SABD0000000001,AAV1.0.0.11,1.1.2.0,PSt7-10,191107-136,2/17/22 12:14,0000-00,0,no battery,V
4/18/22,12:06:56,9,default,199182947,OXY-CH9,17.334,min,268.427,µmol/L,Humid,17.608,deg,89029,µV,28.828,°C,1017,hPa,35.3,pmil,0,55.4,deg,20,°C,100,%a.s.,22.63,deg,20,°C,972,hPa,0.816,-0.01371,0.000397,-0.00013,0,10.11,Humid,22.75,0,51,240685.11,SABD0000000001,AAV1.0.0.11,1.1.2.0,PSt7-10,191107-136,2/17/22 12:14,0000-00,0,no battery,V
4/18/22,12:06:57,9,default,199182947,OXY-CH9,17.351,min,268.313,µmol/L,Humid,17.61,deg,89026,µV,28.836,°C,1017,hPa,35.3,pmil,0,55.4,deg,20,°C,100,%a.s.,22.63,deg,20,°C,972,hPa,0.816,-0.01371,0.000397,-0.00013,0,10.11,Humid,22.75,0,51,240689.21,SABD0000000001,AAV1.0.0.11,1.1.2.0,PSt7-10,191107-136,2/17/22 12:14,0000-00,0,no battery,V
4/18/22,12:06:58,9,default,199182947,OXY-CH9,17.367,min,268.548,µmol/L,Humid,17.604,deg,89019,µV,28.826,°C,1017,hPa,35.3,pmil,0,55.4,deg,20,°C,100,%a.s.,22.63,deg,20,°C,972,hPa,0.816,-0.01371,0.000397,-0.00013,0,10.11,Humid,22.75,0,51,240687.76,SABD0000000001,AAV1.0.0.11,1.1.2.0,PSt7-10,191107-136,2/17/22 12:14,0000-00,0,no battery,V
4/18/22,12:06:59,9,default,199182947,OXY-CH9,17.384,min,268.613,µmol/L,Humid,17.602,deg,89020,µV,28.824,°C,1017,hPa,35.3,pmil,0,55.4,deg,20,°C,100,%a.s.,22.63,deg,20,°C,972,hPa,0.816,-0.01371,0.000397,-0.00013,0,10.11,Humid,22.75,0,51,240686.93,SABD0000000001,AAV1.0.0.11,1.1.2.0,PSt7-10,191107-136,2/17/22 12:14,0000-00,0,no battery,V
4/18/22,12:07:00,9,default,199182947,OXY-CH9,17.401,min,268.647,µmol/L,Humid,17.602,deg,89009,µV,28.82,°C,1017,hPa,35.3,pmil,0,55.4,deg,20,°C,100,%a.s.,22.63,deg,20,°C,972,hPa,0.816,-0.01371,0.000397,-0.00013,0,10.11,Humid,22.75,0,51,240689.31,SABD0000000001,AAV1.0.0.11,1.1.2.0,PSt7-10,191107-136,2/17/22 12:14,0000-00,0,no battery,V
4/18/22,12:07:01,9,default,199182947,OXY-CH9,17.418,min,268.656,µmol/L,Humid,17.6,deg,89012,µV,28.825,°C,1017,hPa,35.3,pmil,0,55.4,deg,20,°C,100,%a.s.,22.63,deg,20,°C,972,hPa,0.816,-0.01371,0.000397,-0.00013,0,10.11,Humid,22.75,0,51,240689.05,SABD0000000001,AAV1.0.0.11,1.1.2.0,PSt7-10,191107-136,2/17/22 12:14,0000-00,0,no battery,V
4/18/22,12:07:02,9,default,199182947,OXY-CH9,17.434,min,268.453,µmol/L,Humid,17.605,deg,89004,µV,28.834,°C,1017,hPa,35.3,pmil,0,55.4,deg,20,°C,100,%a.s.,22.63,deg,20,°C,972,hPa,0.816,-0.01371,0.000397,-0.00013,0,10.11,Humid,22.75,0,51,240679.25,SABD0000000001,AAV1.0.0.11,1.1.2.0,PSt7-10,191107-136,2/17/22 12:14,0000-00,0,no battery,V
4/18/22,12:07:03,9,default,199182947,OXY-CH9,17.451,min,268.46,µmol/L,Humid,17.604,deg,89000,µV,28.837,°C,1017,hPa,35.3,pmil,0,55.4,deg,20,°C,100,%a.s.,22.63,deg,20,°C,972,hPa,0.816,-0.01371,0.000397,-0.00013,0,10.11,Humid,22.75,0,51,240685.6,SABD0000000001,AAV1.0.0.11,1.1.2.0,PSt7-10,191107-136,2/17/22 12:14,0000-00,0,no battery,V
4/18/22,12:07:04,9,default,199182947,OXY-CH9,17.468,min,268.521,µmol/L,Humid,17.604,deg,88997,µV,28.829,°C,1017,hPa,35.3,pmil,0,55.4,deg,20,°C,100,%a.s.,22.63,deg,20,°C,972,hPa,0.816,-0.01371,0.000397,-0.00013,0,10.11,Humid,22.75,0,51,240679.2,SABD0000000001,AAV1.0.0.11,1.1.2.0,PSt7-10,191107-136,2/17/22 12:14,0000-00,0,no battery,V
4/18/22,12:07:05,9,default,199182947,OXY-CH9,17.484,min,268.656,µmol/L,Humid,17.595,deg,88984,µV,28.841,°C,1017,hPa,35.3,pmil,0,55.4,deg,20,°C,100,%a.s.,22.63,deg,20,°C,972,hPa,0.816,-0.01371,0.000397,-0.00013,0,10.11,Humid,22.75,0,51,240676.39,SABD0000000001,AAV1.0.0.11,1.1.2.0,PSt7-10,191107-136,2/17/22 12:14,0000-00,0,no battery,V
4/18/22,12:07:06,9,default,199182947,OXY-CH9,17.501,min,268.605,µmol/L,Humid,17.599,deg,88988,µV,28.835,°C,1017,hPa,35.3,pmil,0,55.4,deg,20,°C,100,%a.s.,22.63,deg,20,°C,972,hPa,0.816,-0.01371,0.000397,-0.00013,0,10.11,Humid,22.75,0,51,240685.96,SABD0000000001,AAV1.0.0.11,1.1.2.0,PSt7-10,191107-136,2/17/22 12:14,0000-00,0,no battery,V
4/18/22,12:07:07,9,default,199182947,OXY-CH9,17.518,min,268.422,µmol/L,Humid,17.604,deg,88985,µV,28.841,°C,1017,hPa,35.3,pmil,0,55.4,deg,20,°C,100,%a.s.,22.63,deg,20,°C,972,hPa,0.816,-0.01371,0.000397,-0.00013,0,10.11,Humid,22.75,0,51,240685.89,SABD0000000001,AAV1.0.0.11,1.1.2.0,PSt7-10,191107-136,2/17/22 12:14,0000-00,0,no battery,V
4/18/22,12:07:08,9,default,199182947,OXY-CH9,17.534,min,268.661,µmol/L,Humid,17.602,deg,88982,µV,28.818,°C,1017,hPa,35.3,pmil,0,55.4,deg,20,°C,100,%a.s.,22.63,deg,20,°C,972,hPa,0.816,-0.01371,0.000397,-0.00013,0,10.11,Humid,22.75,0,51,240674.75,SABD0000000001,AAV1.0.0.11,1.1.2.0,PSt7-10,191107-136,2/17/22 12:14,0000-00,0,no battery,V
4/18/22,12:07:09,9,default,199182947,OXY-CH9,17.551,min,268.768,µmol/L,Humid,17.597,deg,88972,µV,28.821,°C,1017,hPa,35.3,pmil,0,55.4,deg,20,°C,100,%a.s.,22.63,deg,20,°C,972,hPa,0.816,-0.01371,0.000397,-0.00013,0,10.11,Humid,22.75,0,51,240682.49,SABD0000000001,AAV1.0.0.11,1.1.2.0,PSt7-10,191107-136,2/17/22 12:14,0000-00,0,no battery,V
4/18/22,12:07:10,9,default,199182947,OXY-CH9,17.567,min,268.835,µmol/L,Humid,17.596,deg,88966,µV,28.816,°C,1017,hPa,35.3,pmil,0,55.4,deg,20,°C,100,%a.s.,22.63,deg,20,°C,972,hPa,0.816,-0.01371,0.000397,-0.00013,0,10.11,Humid,22.75,0,51,240674.69,SABD0000000001,AAV1.0.0.11,1.1.2.0,PSt7-10,191107-136,2/17/22 12:14,0000-00,0,no battery,V
4/18/22,12:07:11,9,default,199182947,OXY-CH9,17.584,min,268.752,µmol/L,Humid,17.592,deg,88971,µV,28.839,°C,1017,hPa,35.3,pmil,0,55.4,deg,20,°C,100,%a.s.,22.63,deg,20,°C,972,hPa,0.816,-0.01371,0.000397,-0.00013,0,10.11,Humid,22.75,0,51,240671.56,SABD0000000001,AAV1.0.0.11,1.1.2.0,PSt7-10,191107-136,2/17/22 12:14,0000-00,0,no battery,V
4/18/22,12:07:12,9,default,199182947,OXY-CH9,17.601,min,268.584,µmol/L,Humid,17.598,deg,88963,µV,28.84,°C,1017,hPa,35.3,pmil,0,55.4,deg,20,°C,100,%a.s.,22.63,deg,20,°C,972,hPa,0.816,-0.01371,0.000397,-0.00013,0,10.11,Humid,22.75,0,51,240670.91,SABD0000000001,AAV1.0.0.11,1.1.2.0,PSt7-10,191107-136,2/17/22 12:14,0000-00,0,no battery,V
4/18/22,12:07:13,9,default,199182947,OXY-CH9,17.618,min,268.767,µmol/L,Humid,17.595,deg,88953,µV,28.828,°C,1017,hPa,35.3,pmil,0,55.4,deg,20,°C,100,%a.s.,22.63,deg,20,°C,972,hPa,0.816,-0.01371,0.000397,-0.00013,0,10.11,Humid,22.75,0,51,240680.82,SABD0000000001,AAV1.0.0.11,1.1.2.0,PSt7-10,191107-136,2/17/22 12:14,0000-00,0,no battery,V
4/18/22,12:07:14,9,default,199182947,OXY-CH9,17.634,min,268.712,µmol/L,Humid,17.595,deg,88960,µV,28.834,°C,1017,hPa,35.3,pmil,0,55.4,deg,20,°C,100,%a.s.,22.63,deg,20,°C,972,hPa,0.816,-0.01371,0.000397,-0.00013,0,10.11,Humid,22.75,0,51,240667.45,SABD0000000001,AAV1.0.0.11,1.1.2.0,PSt7-10,191107-136,2/17/22 12:14,0000-00,0,no battery,V
4/18/22,12:07:15,9,default,199182947,OXY-CH9,17.651,min,268.847,µmol/L,Humid,17.591,deg,88956,µV,28.831,°C,1017,hPa,35.3,pmil,0,55.4,deg,20,°C,100,%a.s.,22.63,deg,20,°C,972,hPa,0.816,-0.01371,0.000397,-0.00013,0,10.11,Humid,22.75,0,51,240670.11,SABD0000000001,AAV1.0.0.11,1.1.2.0,PSt7-10,191107-136,2/17/22 12:14,0000-00,0,no battery,V
4/18/22,12:07:16,9,default,199182947,OXY-CH9,17.668,min,268.74,µmol/L,Humid,17.594,deg,88947,µV,28.834,°C,1017,hPa,35.3,pmil,0,55.4,deg,20,°C,100,%a.s.,22.63,deg,20,°C,972,hPa,0.816,-0.01371,0.000397,-0.00013,0,10.11,Humid,22.75,0,51,240679.76,SABD0000000001,AAV1.0.0.11,1.1.2.0,PSt7-10,191107-136,2/17/22 12:14,0000-00,0,no battery,V
4/18/22,12:07:17,9,default,199182947,OXY-CH9,17.684,min,268.949,µmol/L,Humid,17.588,deg,88944,µV,28.828,°C,1017,hPa,35.3,pmil,0,55.4,deg,20,°C,100,%a.s.,22.63,deg,20,°C,972,hPa,0.816,-0.01371,0.000397,-0.00013,0,10.11,Humid,22.75,0,51,240671.41,SABD0000000001,AAV1.0.0.11,1.1.2.0,PSt7-10,191107-136,2/17/22 12:14,0000-00,0,no battery,V
4/18/22,12:07:18,9,default,199182947,OXY-CH9,17.701,min,268.868,µmol/L,Humid,17.587,deg,88942,µV,28.841,°C,1017,hPa,35.3,pmil,0,55.4,deg,20,°C,100,%a.s.,22.63,deg,20,°C,972,hPa,0.816,-0.01371,0.000397,-0.00013,0,10.11,Humid,22.75,0,51,240675.4,SABD0000000001,AAV1.0.0.11,1.1.2.0,PSt7-10,191107-136,2/17/22 12:14,0000-00,0,no battery,V
4/18/22,12:07:19,9,default,199182947,OXY-CH9,17.718,min,269.071,µmol/L,Humid,17.587,deg,88935,µV,28.816,°C,1017,hPa,35.3,pmil,0,55.4,deg,20,°C,100,%a.s.,22.63,deg,20,°C,972,hPa,0.816,-0.01371,0.000397,-0.00013,0,10.11,Humid,22.75,0,51,240682.15,SABD0000000001,AAV1.0.0.11,1.1.2.0,PSt7-10,191107-136,2/17/22 12:14,0000-00,0,no battery,V
4/18/22,12:07:20,9,default,199182947,OXY-CH9,17.734,min,268.791,µmol/L,Humid,17.592,deg,88932,µV,28.834,°C,1017,hPa,35.3,pmil,0,55.4,deg,20,°C,100,%a.s.,22.63,deg,20,°C,972,hPa,0.816,-0.01371,0.000397,-0.00013,0,10.11,Humid,22.75,0,51,240686.09,SABD0000000001,AAV1.0.0.11,1.1.2.0,PSt7-10,191107-136,2/17/22 12:14,0000-00,0,no battery,V
4/18/22,12:07:21,9,default,199182947,OXY-CH9,17.75,min,268.936,µmol/L,Humid,17.587,deg,88922,µV,28.832,°C,1017,hPa,35.3,pmil,0,55.4,deg,20,°C,100,%a.s.,22.63,deg,20,°C,972,hPa,0.816,-0.01371,0.000397,-0.00013,0,10.11,Humid,22.75,0,51,240675.72,SABD0000000001,AAV1.0.0.11,1.1.2.0,PSt7-10,191107-136,2/17/22 12:14,0000-00,0,no battery,V
4/18/22,12:07:22,9,default,199182947,OXY-CH9,17.767,min,268.97,µmol/L,Humid,17.585,deg,88919,µV,28.835,°C,1017,hPa,35.3,pmil,0,55.4,deg,20,°C,100,%a.s.,22.63,deg,20,°C,972,hPa,0.816,-0.01371,0.000397,-0.00013,0,10.11,Humid,22.75,0,51,240674.46,SABD0000000001,AAV1.0.0.11,1.1.2.0,PSt7-10,191107-136,2/17/22 12:14,0000-00,0,no battery,V
4/18/22,12:07:23,9,default,199182947,OXY-CH9,17.784,min,268.882,µmol/L,Humid,17.589,deg,88926,µV,28.833,°C,1017,hPa,35.3,pmil,0,55.4,deg,20,°C,100,%a.s.,22.63,deg,20,°C,972,hPa,0.816,-0.01371,0.000397,-0.00013,0,10.11,Humid,22.75,0,51,240680.49,SABD0000000001,AAV1.0.0.11,1.1.2.0,PSt7-10,191107-136,2/17/22 12:14,0000-00,0,no battery,V
4/18/22,12:07:24,9,default,199182947,OXY-CH9,17.801,min,268.92,µmol/L,Humid,17.587,deg,88913,µV,28.834,°C,1017,hPa,35.3,pmil,0,55.4,deg,20,°C,100,%a.s.,22.63,deg,20,°C,972,hPa,0.816,-0.01371,0.000397,-0.00013,0,10.11,Humid,22.75,0,51,240679.93,SABD0000000001,AAV1.0.0.11,1.1.2.0,PSt7-10,191107-136,2/17/22 12:14,0000-00,0,no battery,V
4/18/22,12:07:25,9,default,199182947,OXY-CH9,17.817,min,268.939,µmol/L,Humid,17.587,deg,88912,µV,28.832,°C,1017,hPa,35.3,pmil,0,55.4,deg,20,°C,100,%a.s.,22.63,deg,20,°C,972,hPa,0.816,-0.01371,0.000397,-0.00013,0,10.11,Humid,22.75,0,51,240667.17,SABD0000000001,AAV1.0.0.11,1.1.2.0,PSt7-10,191107-136,2/17/22 12:14,0000-00,0,no battery,V
4/18/22,12:07:26,9,default,199182947,OXY-CH9,17.834,min,269.071,µmol/L,Humid,17.583,deg,88910,µV,28.829,°C,1017,hPa,35.3,pmil,0,55.4,deg,20,°C,100,%a.s.,22.63,deg,20,°C,972,hPa,0.816,-0.01371,0.000397,-0.00013,0,10.11,Humid,22.75,0,51,240673.69,SABD0000000001,AAV1.0.0.11,1.1.2.0,PSt7-10,191107-136,2/17/22 12:14,0000-00,0,no battery,V
4/18/22,12:07:27,9,default,199182947,OXY-CH9,17.851,min,268.995,µmol/L,Humid,17.586,deg,88903,µV,28.828,°C,1017,hPa,35.3,pmil,0,55.4,deg,20,°C,100,%a.s.,22.63,deg,20,°C,972,hPa,0.816,-0.01371,0.000397,-0.00013,0,10.11,Humid,22.75,0,51,240662.78,SABD0000000001,AAV1.0.0.11,1.1.2.0,PSt7-10,191107-136,2/17/22 12:14,0000-00,0,no battery,V
4/18/22,12:07:28,9,default,199182947,OXY-CH9,17.868,min,269.061,µmol/L,Humid,17.586,deg,88900,µV,28.82,°C,1017,hPa,35.3,pmil,0,55.4,deg,20,°C,100,%a.s.,22.63,deg,20,°C,972,hPa,0.816,-0.01371,0.000397,-0.00013,0,10.11,Humid,22.75,0,51,240673.06,SABD0000000001,AAV1.0.0.11,1.1.2.0,PSt7-10,191107-136,2/17/22 12:14,0000-00,0,no battery,V
4/18/22,12:07:29,9,default,199182947,OXY-CH9,17.884,min,269.271,µmol/L,Humid,17.58,deg,88891,µV,28.814,°C,1017,hPa,35.3,pmil,0,55.4,deg,20,°C,100,%a.s.,22.63,deg,20,°C,972,hPa,0.816,-0.01371,0.000397,-0.00013,0,10.11,Humid,22.75,0,51,240659,SABD0000000001,AAV1.0.0.11,1.1.2.0,PSt7-10,191107-136,2/17/22 12:14,0000-00,0,no battery,V
4/18/22,12:07:30,9,default,199182947,OXY-CH9,17.901,min,269.196,µmol/L,Humid,17.58,deg,88895,µV,28.823,°C,1017,hPa,35.3,pmil,0,55.4,deg,20,°C,100,%a.s.,22.63,deg,20,°C,972,hPa,0.816,-0.01371,0.000397,-0.00013,0,10.11,Humid,22.75,0,51,240677.53,SABD0000000001,AAV1.0.0.11,1.1.2.0,PSt7-10,191107-136,2/17/22 12:14,0000-00,0,no battery,V
4/18/22,12:07:31,9,default,199182947,OXY-CH9,17.918,min,269.166,µmol/L,Humid,17.577,deg,88893,µV,28.836,°C,1017,hPa,35.3,pmil,0,55.4,deg,20,°C,100,%a.s.,22.63,deg,20,°C,972,hPa,0.816,-0.01371,0.000397,-0.00013,0,10.11,Humid,22.75,0,51,240669.25,SABD0000000001,AAV1.0.0.11,1.1.2.0,PSt7-10,191107-136,2/17/22 12:14,0000-00,0,no battery,V
4/18/22,12:07:32,9,default,199182947,OXY-CH9,17.935,min,269.07,µmol/L,Humid,17.579,deg,88890,µV,28.841,°C,1017,hPa,35.3,pmil,0,55.4,deg,20,°C,100,%a.s.,22.63,deg,20,°C,972,hPa,0.816,-0.01371,0.000397,-0.00013,0,10.11,Humid,22.75,0,51,240664.59,SABD0000000001,AAV1.0.0.11,1.1.2.0,PSt7-10,191107-136,2/17/22 12:14,0000-00,0,no battery,V
4/18/22,12:07:33,9,default,199182947,OXY-CH9,17.951,min,269.255,µmol/L,Humid,17.577,deg,88885,µV,28.825,°C,1017,hPa,35.3,pmil,0,55.4,deg,20,°C,100,%a.s.,22.63,deg,20,°C,972,hPa,0.816,-0.01371,0.000397,-0.00013,0,10.11,Humid,22.75,0,51,240654.85,SABD0000000001,AAV1.0.0.11,1.1.2.0,PSt7-10,191107-136,2/17/22 12:14,0000-00,0,no battery,V
4/18/22,12:07:34,9,default,199182947,OXY-CH9,17.967,min,269.208,µmol/L,Humid,17.58,deg,88885,µV,28.821,°C,1017,hPa,35.3,pmil,0,55.4,deg,20,°C,100,%a.s.,22.63,deg,20,°C,972,hPa,0.816,-0.01371,0.000397,-0.00013,0,10.11,Humid,22.75,0,51,240668.55,SABD0000000001,AAV1.0.0.11,1.1.2.0,PSt7-10,191107-136,2/17/22 12:14,0000-00,0,no battery,V
4/18/22,12:07:35,9,default,199182947,OXY-CH9,17.984,min,269.174,µmol/L,Humid,17.58,deg,88878,µV,28.826,°C,1017,hPa,35.3,pmil,0,55.4,deg,20,°C,100,%a.s.,22.63,deg,20,°C,972,hPa,0.816,-0.01371,0.000397,-0.00013,0,10.11,Humid,22.75,0,51,240666.06,SABD0000000001,AAV1.0.0.11,1.1.2.0,PSt7-10,191107-136,2/17/22 12:14,0000-00,0,no battery,V
4/18/22,12:07:36,9,default,199182947,OXY-CH9,18.001,min,269.037,µmol/L,Humid,17.579,deg,88870,µV,28.845,°C,1017,hPa,35.3,pmil,0,55.4,deg,20,°C,100,%a.s.,22.63,deg,20,°C,972,hPa,0.816,-0.01371,0.000397,-0.00013,0,10.11,Humid,22.75,0,51,240659.2,SABD0000000001,AAV1.0.0.11,1.1.2.0,PSt7-10,191107-136,2/17/22 12:14,0000-00,0,no battery,V
4/18/22,12:07:37,9,default,199182947,OXY-CH9,18.017,min,269.324,µmol/L,Humid,17.575,deg,88869,µV,28.823,°C,1017,hPa,35.3,pmil,0,55.4,deg,20,°C,100,%a.s.,22.63,deg,20,°C,972,hPa,0.816,-0.01371,0.000397,-0.00013,0,10.11,Humid,22.75,0,51,240656.79,SABD0000000001,AAV1.0.0.11,1.1.2.0,PSt7-10,191107-136,2/17/22 12:14,0000-00,0,no battery,V
4/18/22,12:07:38,9,default,199182947,OXY-CH9,18.034,min,269.45,µmol/L,Humid,17.574,deg,88869,µV,28.811,°C,1017,hPa,35.3,pmil,0,55.4,deg,20,°C,100,%a.s.,22.63,deg,20,°C,972,hPa,0.816,-0.01371,0.000397,-0.00013,0,10.11,Humid,22.75,0,51,240662.99,SABD0000000001,AAV1.0.0.11,1.1.2.0,PSt7-10,191107-136,2/17/22 12:14,0000-00,0,no battery,V
4/18/22,12:07:39,9,default,199182947,OXY-CH9,18.051,min,269.092,µmol/L,Humid,17.58,deg,88862,µV,28.836,°C,1017,hPa,35.3,pmil,0,55.4,deg,20,°C,100,%a.s.,22.63,deg,20,°C,972,hPa,0.816,-0.01371,0.000397,-0.00013,0,10.11,Humid,22.75,0,51,240650.59,SABD0000000001,AAV1.0.0.11,1.1.2.0,PSt7-10,191107-136,2/17/22 12:14,0000-00,0,no battery,V
4/18/22,12:07:40,9,default,199182947,OXY-CH9,18.068,min,269.323,µmol/L,Humid,17.573,deg,88867,µV,28.83,°C,1017,hPa,35.3,pmil,0,55.4,deg,20,°C,100,%a.s.,22.63,deg,20,°C,972,hPa,0.816,-0.01371,0.000397,-0.00013,0,10.11,Humid,22.75,0,51,240668,SABD0000000001,AAV1.0.0.11,1.1.2.0,PSt7-10,191107-136,2/17/22 12:14,0000-00,0,no battery,V
4/18/22,12:07:41,9,default,199182947,OXY-CH9,18.085,min,269.181,µmol/L,Humid,17.576,deg,88853,µV,28.837,°C,1017,hPa,35.3,pmil,0,55.4,deg,20,°C,100,%a.s.,22.63,deg,20,°C,972,hPa,0.816,-0.01371,0.000397,-0.00013,0,10.11,Humid,22.75,0,51,240671.61,SABD0000000001,AAV1.0.0.11,1.1.2.0,PSt7-10,191107-136,2/17/22 12:14,0000-00,0,no battery,V
4/18/22,12:07:42,9,default,199182947,OXY-CH9,18.101,min,269.384,µmol/L,Humid,17.572,deg,88854,µV,28.825,°C,1017,hPa,35.3,pmil,0,55.4,deg,20,°C,100,%a.s.,22.63,deg,20,°C,972,hPa,0.816,-0.01371,0.000397,-0.00013,0,10.11,Humid,22.75,0,51,240660.94,SABD0000000001,AAV1.0.0.11,1.1.2.0,PSt7-10,191107-136,2/17/22 12:14,0000-00,0,no battery,V
4/18/22,12:07:43,9,default,199182947,OXY-CH9,18.117,min,269.329,µmol/L,Humid,17.576,deg,88850,µV,28.82,°C,1017,hPa,35.3,pmil,0,55.4,deg,20,°C,100,%a.s.,22.63,deg,20,°C,972,hPa,0.816,-0.01371,0.000397,-0.00013,0,10.11,Humid,22.75,0,51,240660.34,SABD0000000001,AAV1.0.0.11,1.1.2.0,PSt7-10,191107-136,2/17/22 12:14,0000-00,0,no battery,V
4/18/22,12:07:44,9,default,199182947,OXY-CH9,18.134,min,269.402,µmol/L,Humid,17.575,deg,88849,µV,28.814,°C,1017,hPa,35.3,pmil,0,55.4,deg,20,°C,100,%a.s.,22.63,deg,20,°C,972,hPa,0.816,-0.01371,0.000397,-0.00013,0,10.11,Humid,22.75,0,51,240663.86,SABD0000000001,AAV1.0.0.11,1.1.2.0,PSt7-10,191107-136,2/17/22 12:14,0000-00,0,no battery,V
4/18/22,12:07:45,9,default,199182947,OXY-CH9,18.151,min,269.472,µmol/L,Humid,17.574,deg,88845,µV,28.808,°C,1017,hPa,35.3,pmil,0,55.4,deg,20,°C,100,%a.s.,22.63,deg,20,°C,972,hPa,0.816,-0.01371,0.000397,-0.00013,0,10.11,Humid,22.75,0,51,240656.73,SABD0000000001,AAV1.0.0.11,1.1.2.0,PSt7-10,191107-136,2/17/22 12:14,0000-00,0,no battery,V
4/18/22,12:07:46,9,default,199182947,OXY-CH9,18.167,min,269.408,µmol/L,Humid,17.572,deg,88842,µV,28.823,°C,1017,hPa,35.3,pmil,0,55.4,deg,20,°C,100,%a.s.,22.63,deg,20,°C,972,hPa,0.816,-0.01371,0.000397,-0.00013,0,10.11,Humid,22.75,0,51,240657,SABD0000000001,AAV1.0.0.11,1.1.2.0,PSt7-10,191107-136,2/17/22 12:14,0000-00,0,no battery,V
4/18/22,12:07:47,9,default,199182947,OXY-CH9,18.184,min,269.334,µmol/L,Humid,17.576,deg,88835,µV,28.819,°C,1017,hPa,35.3,pmil,0,55.4,deg,20,°C,100,%a.s.,22.63,deg,20,°C,972,hPa,0.816,-0.01371,0.000397,-0.00013,0,10.11,Humid,22.75,0,51,240660.59,SABD0000000001,AAV1.0.0.11,1.1.2.0,PSt7-10,191107-136,2/17/22 12:14,0000-00,0,no battery,V
4/18/22,12:07:48,9,default,199182947,OXY-CH9,18.201,min,269.512,µmol/L,Humid,17.568,deg,88825,µV,28.823,°C,1017,hPa,35.3,pmil,0,55.4,deg,20,°C,100,%a.s.,22.63,deg,20,°C,972,hPa,0.816,-0.01371,0.000397,-0.00013,0,10.11,Humid,22.75,0,51,240657.88,SABD0000000001,AAV1.0.0.11,1.1.2.0,PSt7-10,191107-136,2/17/22 12:14,0000-00,0,no battery,V
4/18/22,12:07:49,9,default,199182947,OXY-CH9,18.218,min,269.46,µmol/L,Humid,17.567,deg,88826,µV,28.832,°C,1017,hPa,35.3,pmil,0,55.4,deg,20,°C,100,%a.s.,22.63,deg,20,°C,972,hPa,0.816,-0.01371,0.000397,-0.00013,0,10.11,Humid,22.75,0,51,240656.85,SABD0000000001,AAV1.0.0.11,1.1.2.0,PSt7-10,191107-136,2/17/22 12:14,0000-00,0,no battery,V
4/18/22,12:07:50,9,default,199182947,OXY-CH9,18.234,min,269.339,µmol/L,Humid,17.568,deg,88820,µV,28.844,°C,1017,hPa,35.3,pmil,0,55.4,deg,20,°C,100,%a.s.,22.63,deg,20,°C,972,hPa,0.816,-0.01371,0.000397,-0.00013,0,10.11,Humid,22.75,0,51,240663.83,SABD0000000001,AAV1.0.0.11,1.1.2.0,PSt7-10,191107-136,2/17/22 12:14,0000-00,0,no battery,V
4/18/22,12:07:51,9,default,199182947,OXY-CH9,18.251,min,269.372,µmol/L,Humid,17.565,deg,88816,µV,28.849,°C,1017,hPa,35.3,pmil,0,55.4,deg,20,°C,100,%a.s.,22.63,deg,20,°C,972,hPa,0.816,-0.01371,0.000397,-0.00013,0,10.11,Humid,22.75,0,51,240663.32,SABD0000000001,AAV1.0.0.11,1.1.2.0,PSt7-10,191107-136,2/17/22 12:14,0000-00,0,no battery,V
4/18/22,12:07:52,9,default,199182947,OXY-CH9,18.268,min,269.373,µmol/L,Humid,17.57,deg,88807,µV,28.833,°C,1017,hPa,35.3,pmil,0,55.4,deg,20,°C,100,%a.s.,22.63,deg,20,°C,972,hPa,0.816,-0.01371,0.000397,-0.00013,0,10.11,Humid,22.75,0,51,240654.02,SABD0000000001,AAV1.0.0.11,1.1.2.0,PSt7-10,191107-136,2/17/22 12:14,0000-00,0,no battery,V
4/18/22,12:07:53,9,default,199182947,OXY-CH9,18.284,min,269.484,µmol/L,Humid,17.566,deg,88806,µV,28.832,°C,1017,hPa,35.3,pmil,0,55.4,deg,20,°C,100,%a.s.,22.63,deg,20,°C,972,hPa,0.816,-0.01371,0.000397,-0.00013,0,10.11,Humid,22.75,0,51,240659.16,SABD0000000001,AAV1.0.0.11,1.1.2.0,PSt7-10,191107-136,2/17/22 12:14,0000-00,0,no battery,V
4/18/22,12:07:54,9,default,199182947,OXY-CH9,18.301,min,269.552,µmol/L,Humid,17.564,deg,88802,µV,28.83,°C,1017,hPa,35.3,pmil,0,55.4,deg,20,°C,100,%a.s.,22.63,deg,20,°C,972,hPa,0.816,-0.01371,0.000397,-0.00013,0,10.11,Humid,22.75,0,51,240665.87,SABD0000000001,AAV1.0.0.11,1.1.2.0,PSt7-10,191107-136,2/17/22 12:14,0000-00,0,no battery,V
4/18/22,12:07:55,9,default,199182947,OXY-CH9,18.317,min,269.514,µmol/L,Humid,17.564,deg,88800,µV,28.835,°C,1017,hPa,35.3,pmil,0,55.4,deg,20,°C,100,%a.s.,22.63,deg,20,°C,972,hPa,0.816,-0.01371,0.000397,-0.00013,0,10.11,Humid,22.75,0,51,240653.12,SABD0000000001,AAV1.0.0.11,1.1.2.0,PSt7-10,191107-136,2/17/22 12:14,0000-00,0,no battery,V
4/18/22,12:07:56,9,default,199182947,OXY-CH9,18.334,min,269.484,µmol/L,Humid,17.566,deg,88796,µV,28.832,°C,1017,hPa,35.3,pmil,0,55.4,deg,20,°C,100,%a.s.,22.63,deg,20,°C,972,hPa,0.816,-0.01371,0.000397,-0.00013,0,10.11,Humid,22.75,0,51,240655.7,SABD0000000001,AAV1.0.0.11,1.1.2.0,PSt7-10,191107-136,2/17/22 12:14,0000-00,0,no battery,V
4/18/22,12:07:57,9,default,199182947,OXY-CH9,18.35,min,269.532,µmol/L,Humid,17.565,deg,88785,µV,28.83,°C,1017,hPa,35.3,pmil,0,55.4,deg,20,°C,100,%a.s.,22.63,deg,20,°C,972,hPa,0.816,-0.01371,0.000397,-0.00013,0,10.11,Humid,22.75,0,51,240644.56,SABD0000000001,AAV1.0.0.11,1.1.2.0,PSt7-10,191107-136,2/17/22 12:14,0000-00,0,no battery,V
4/18/22,12:07:58,9,default,199182947,OXY-CH9,18.368,min,269.581,µmol/L,Humid,17.565,deg,88792,µV,28.824,°C,1017,hPa,35.3,pmil,0,55.4,deg,20,°C,100,%a.s.,22.63,deg,20,°C,972,hPa,0.816,-0.01371,0.000397,-0.00013,0,10.11,Humid,22.75,0,51,240655.85,SABD0000000001,AAV1.0.0.11,1.1.2.0,PSt7-10,191107-136,2/17/22 12:14,0000-00,0,no battery,V
4/18/22,12:07:59,9,default,199182947,OXY-CH9,18.384,min,269.584,µmol/L,Humid,17.564,deg,88779,µV,28.827,°C,1017,hPa,35.3,pmil,0,55.4,deg,20,°C,100,%a.s.,22.63,deg,20,°C,972,hPa,0.816,-0.01371,0.000397,-0.00013,0,10.11,Humid,22.75,0,51,240646.29,SABD0000000001,AAV1.0.0.11,1.1.2.0,PSt7-10,191107-136,2/17/22 12:14,0000-00,0,no battery,V
4/18/22,12:08:00,9,default,199182947,OXY-CH9,18.4,min,269.54,µmol/L,Humid,17.562,deg,88777,µV,28.838,°C,1017,hPa,35.3,pmil,0,55.4,deg,20,°C,100,%a.s.,22.63,deg,20,°C,972,hPa,0.816,-0.01371,0.000397,-0.00013,0,10.11,Humid,22.75,0,51,240642.49,SABD0000000001,AAV1.0.0.11,1.1.2.0,PSt7-10,191107-136,2/17/22 12:14,0000-00,0,no battery,V
4/18/22,12:08:01,9,default,199182947,OXY-CH9,18.417,min,269.748,µmol/L,Humid,17.558,deg,88776,µV,28.826,°C,1017,hPa,35.3,pmil,0,55.4,deg,20,°C,100,%a.s.,22.63,deg,20,°C,972,hPa,0.816,-0.01371,0.000397,-0.00013,0,10.11,Humid,22.75,0,51,240655.3,SABD0000000001,AAV1.0.0.11,1.1.2.0,PSt7-10,191107-136,2/17/22 12:14,0000-00,0,no battery,V
4/18/22,12:08:02,9,default,199182947,OXY-CH9,18.434,min,269.784,µmol/L,Humid,17.557,deg,88774,µV,28.824,°C,1017,hPa,35.3,pmil,0,55.4,deg,20,°C,100,%a.s.,22.63,deg,20,°C,972,hPa,0.816,-0.01371,0.000397,-0.00013,0,10.11,Humid,22.75,0,51,240655.15,SABD0000000001,AAV1.0.0.11,1.1.2.0,PSt7-10,191107-136,2/17/22 12:14,0000-00,0,no battery,V
4/18/22,12:08:03,9,default,199182947,OXY-CH9,18.451,min,269.723,µmol/L,Humid,17.561,deg,88768,µV,28.819,°C,1017,hPa,35.3,pmil,0,55.4,deg,20,°C,100,%a.s.,22.63,deg,20,°C,972,hPa,0.816,-0.01371,0.000397,-0.00013,0,10.11,Humid,22.75,0,51,240649.23,SABD0000000001,AAV1.0.0.11,1.1.2.0,PSt7-10,191107-136,2/17/22 12:14,0000-00,0,no battery,V
4/18/22,12:08:04,9,default,199182947,OXY-CH9,18.467,min,269.698,µmol/L,Humid,17.559,deg,88772,µV,28.828,°C,1017,hPa,35.3,pmil,0,55.4,deg,20,°C,100,%a.s.,22.63,deg,20,°C,972,hPa,0.816,-0.01371,0.000397,-0.00013,0,10.11,Humid,22.75,0,51,240650.03,SABD0000000001,AAV1.0.0.11,1.1.2.0,PSt7-10,191107-136,2/17/22 12:14,0000-00,0,no battery,V
4/18/22,12:08:05,9,default,199182947,OXY-CH9,18.484,min,269.876,µmol/L,Humid,17.556,deg,88767,µV,28.816,°C,1017,hPa,35.3,pmil,0,55.4,deg,20,°C,100,%a.s.,22.63,deg,20,°C,972,hPa,0.816,-0.01371,0.000397,-0.00013,0,10.11,Humid,22.75,0,51,240649.41,SABD0000000001,AAV1.0.0.11,1.1.2.0,PSt7-10,191107-136,2/17/22 12:14,0000-00,0,no battery,V
4/18/22,12:08:06,9,default,199182947,OXY-CH9,18.501,min,269.829,µmol/L,Humid,17.557,deg,88759,µV,28.819,°C,1017,hPa,35.3,pmil,0,55.4,deg,20,°C,100,%a.s.,22.63,deg,20,°C,972,hPa,0.816,-0.01371,0.000397,-0.00013,0,10.11,Humid,22.75,0,51,240650.89,SABD0000000001,AAV1.0.0.11,1.1.2.0,PSt7-10,191107-136,2/17/22 12:14,0000-00,0,no battery,V
4/18/22,12:08:07,9,default,199182947,OXY-CH9,18.518,min,269.838,µmol/L,Humid,17.556,deg,88761,µV,28.821,°C,1017,hPa,35.3,pmil,0,55.4,deg,20,°C,100,%a.s.,22.63,deg,20,°C,972,hPa,0.816,-0.01371,0.000397,-0.00013,0,10.11,Humid,22.75,0,51,240655.29,SABD0000000001,AAV1.0.0.11,1.1.2.0,PSt7-10,191107-136,2/17/22 12:14,0000-00,0,no battery,V
4/18/22,12:08:08,9,default,199182947,OXY-CH9,18.535,min,269.906,µmol/L,Humid,17.556,deg,88745,µV,28.813,°C,1017,hPa,35.3,pmil,0,55.4,deg,20,°C,100,%a.s.,22.63,deg,20,°C,972,hPa,0.816,-0.01371,0.000397,-0.00013,0,10.11,Humid,22.75,0,51,240657.49,SABD0000000001,AAV1.0.0.11,1.1.2.0,PSt7-10,191107-136,2/17/22 12:14,0000-00,0,no battery,V
4/18/22,12:08:09,9,default,199182947,OXY-CH9,18.551,min,269.671,µmol/L,Humid,17.555,deg,88739,µV,28.845,°C,1017,hPa,35.3,pmil,0,55.4,deg,20,°C,100,%a.s.,22.63,deg,20,°C,972,hPa,0.816,-0.01371,0.000397,-0.00013,0,10.11,Humid,22.75,0,51,240655.2,SABD0000000001,AAV1.0.0.11,1.1.2.0,PSt7-10,191107-136,2/17/22 12:14,0000-00,0,no battery,V
4/18/22,12:08:10,9,default,199182947,OXY-CH9,18.568,min,269.799,µmol/L,Humid,17.553,deg,88735,µV,28.835,°C,1017,hPa,35.3,pmil,0,55.4,deg,20,°C,100,%a.s.,22.63,deg,20,°C,972,hPa,0.816,-0.01371,0.000397,-0.00013,0,10.11,Humid,22.75,0,51,240656.31,SABD0000000001,AAV1.0.0.11,1.1.2.0,PSt7-10,191107-136,2/17/22 12:14,0000-00,0,no battery,V
4/18/22,12:08:11,9,default,199182947,OXY-CH9,18.585,min,270.01,µmol/L,Humid,17.55,deg,88733,µV,28.819,°C,1017,hPa,35.3,pmil,0,55.4,deg,20,°C,100,%a.s.,22.63,deg,20,°C,972,hPa,0.816,-0.01371,0.000397,-0.00013,0,10.11,Humid,22.75,0,51,240648.14,SABD0000000001,AAV1.0.0.11,1.1.2.0,PSt7-10,191107-136,2/17/22 12:14,0000-00,0,no battery,V
4/18/22,12:08:12,9,default,199182947,OXY-CH9,18.601,min,269.842,µmol/L,Humid,17.553,deg,88724,µV,28.83,°C,1017,hPa,35.3,pmil,0,55.4,deg,20,°C,100,%a.s.,22.63,deg,20,°C,972,hPa,0.816,-0.01371,0.000397,-0.00013,0,10.11,Humid,22.75,0,51,240654.68,SABD0000000001,AAV1.0.0.11,1.1.2.0,PSt7-10,191107-136,2/17/22 12:14,0000-00,0,no battery,V
4/18/22,12:08:13,9,default,199182947,OXY-CH9,18.618,min,269.91,µmol/L,Humid,17.552,deg,88724,µV,28.825,°C,1017,hPa,35.3,pmil,0,55.4,deg,20,°C,100,%a.s.,22.63,deg,20,°C,972,hPa,0.816,-0.01371,0.000397,-0.00013,0,10.11,Humid,22.75,0,51,240648.47,SABD0000000001,AAV1.0.0.11,1.1.2.0,PSt7-10,191107-136,2/17/22 12:14,0000-00,0,no battery,V
4/18/22,12:08:14,9,default,199182947,OXY-CH9,18.635,min,269.94,µmol/L,Humid,17.549,deg,88719,µV,28.831,°C,1017,hPa,35.3,pmil,0,55.4,deg,20,°C,100,%a.s.,22.63,deg,20,°C,972,hPa,0.816,-0.01371,0.000397,-0.00013,0,10.11,Humid,22.75,0,51,240646.82,SABD0000000001,AAV1.0.0.11,1.1.2.0,PSt7-10,191107-136,2/17/22 12:14,0000-00,0,no battery,V
4/18/22,12:08:15,9,default,199182947,OXY-CH9,18.651,min,269.846,µmol/L,Humid,17.55,deg,88721,µV,28.839,°C,1017,hPa,35.3,pmil,0,55.4,deg,20,°C,100,%a.s.,22.63,deg,20,°C,972,hPa,0.816,-0.01371,0.000397,-0.00013,0,10.11,Humid,22.75,0,51,240640.79,SABD0000000001,AAV1.0.0.11,1.1.2.0,PSt7-10,191107-136,2/17/22 12:14,0000-00,0,no battery,V
4/18/22,12:08:16,9,default,199182947,OXY-CH9,18.668,min,270.006,µmol/L,Humid,17.549,deg,88711,µV,28.823,°C,1017,hPa,35.3,pmil,0,55.4,deg,20,°C,100,%a.s.,22.63,deg,20,°C,972,hPa,0.816,-0.01371,0.000397,-0.00013,0,10.11,Humid,22.75,0,51,240639.7,SABD0000000001,AAV1.0.0.11,1.1.2.0,PSt7-10,191107-136,2/17/22 12:14,0000-00,0,no battery,V
4/18/22,12:08:17,9,default,199182947,OXY-CH9,18.684,min,269.903,µmol/L,Humid,17.549,deg,88706,µV,28.835,°C,1017,hPa,35.3,pmil,0,55.4,deg,20,°C,100,%a.s.,22.63,deg,20,°C,972,hPa,0.816,-0.01371,0.000397,-0.00013,0,10.11,Humid,22.75,0,51,240641.83,SABD0000000001,AAV1.0.0.11,1.1.2.0,PSt7-10,191107-136,2/17/22 12:14,0000-00,0,no battery,V
4/18/22,12:08:18,9,default,199182947,OXY-CH9,18.701,min,270.08,µmol/L,Humid,17.544,deg,88707,µV,28.83,°C,1017,hPa,35.3,pmil,0,55.4,deg,20,°C,100,%a.s.,22.63,deg,20,°C,972,hPa,0.816,-0.01371,0.000397,-0.00013,0,10.11,Humid,22.75,0,51,240635.24,SABD0000000001,AAV1.0.0.11,1.1.2.0,PSt7-10,191107-136,2/17/22 12:14,0000-00,0,no battery,V
4/18/22,12:08:19,9,default,199182947,OXY-CH9,18.718,min,269.859,µmol/L,Humid,17.551,deg,88698,µV,28.834,°C,1017,hPa,35.3,pmil,0,55.4,deg,20,°C,100,%a.s.,22.63,deg,20,°C,972,hPa,0.816,-0.01371,0.000397,-0.00013,0,10.11,Humid,22.75,0,51,240639.27,SABD0000000001,AAV1.0.0.11,1.1.2.0,PSt7-10,191107-136,2/17/22 12:14,0000-00,0,no battery,V
4/18/22,12:08:20,9,default,199182947,OXY-CH9,18.734,min,269.904,µmol/L,Humid,17.549,deg,88694,µV,28.835,°C,1017,hPa,35.3,pmil,0,55.4,deg,20,°C,100,%a.s.,22.63,deg,20,°C,972,hPa,0.816,-0.01371,0.000397,-0.00013,0,10.11,Humid,22.75,0,51,240644.39,SABD0000000001,AAV1.0.0.11,1.1.2.0,PSt7-10,191107-136,2/17/22 12:14,0000-00,0,no battery,V
4/18/22,12:08:21,9,default,199182947,OXY-CH9,18.751,min,270.143,µmol/L,Humid,17.546,deg,88690,µV,28.816,°C,1017,hPa,35.3,pmil,0,55.4,deg,20,°C,100,%a.s.,22.63,deg,20,°C,972,hPa,0.816,-0.01371,0.000397,-0.00013,0,10.11,Humid,22.75,0,51,240645.05,SABD0000000001,AAV1.0.0.11,1.1.2.0,PSt7-10,191107-136,2/17/22 12:14,0000-00,0,no battery,V
4/18/22,12:08:22,9,default,199182947,OXY-CH9,18.768,min,270.264,µmol/L,Humid,17.543,deg,88697,µV,28.811,°C,1017,hPa,35.3,pmil,0,55.4,deg,20,°C,100,%a.s.,22.63,deg,20,°C,972,hPa,0.816,-0.01371,0.000397,-0.00013,0,10.11,Humid,22.75,0,51,240641.72,SABD0000000001,AAV1.0.0.11,1.1.2.0,PSt7-10,191107-136,2/17/22 12:14,0000-00,0,no battery,V
4/18/22,12:08:23,9,default,199182947,OXY-CH9,18.784,min,270.143,µmol/L,Humid,17.543,deg,88678,µV,28.825,°C,1017,hPa,35.3,pmil,0,55.4,deg,20,°C,100,%a.s.,22.63,deg,20,°C,972,hPa,0.816,-0.01371,0.000397,-0.00013,0,10.11,Humid,22.75,0,51,240632.13,SABD0000000001,AAV1.0.0.11,1.1.2.0,PSt7-10,191107-136,2/17/22 12:14,0000-00,0,no battery,V
4/18/22,12:08:24,9,default,199182947,OXY-CH9,18.801,min,270.104,µmol/L,Humid,17.544,deg,88675,µV,28.827,°C,1017,hPa,35.3,pmil,0,55.4,deg,20,°C,100,%a.s.,22.63,deg,20,°C,972,hPa,0.816,-0.01371,0.000397,-0.00013,0,10.11,Humid,22.75,0,51,240642.21,SABD0000000001,AAV1.0.0.11,1.1.2.0,PSt7-10,191107-136,2/17/22 12:14,0000-00,0,no battery,V
4/18/22,12:08:25,9,default,199182947,OXY-CH9,18.818,min,270.077,µmol/L,Humid,17.546,deg,88668,µV,28.824,°C,1017,hPa,35.3,pmil,0,55.4,deg,20,°C,100,%a.s.,22.63,deg,20,°C,972,hPa,0.816,-0.01371,0.000397,-0.00013,0,10.11,Humid,22.75,0,51,240638.55,SABD0000000001,AAV1.0.0.11,1.1.2.0,PSt7-10,191107-136,2/17/22 12:14,0000-00,0,no battery,V
4/18/22,12:08:26,9,default,199182947,OXY-CH9,18.835,min,270.324,µmol/L,Humid,17.54,deg,88668,µV,28.813,°C,1017,hPa,35.3,pmil,0,55.4,deg,20,°C,100,%a.s.,22.63,deg,20,°C,972,hPa,0.816,-0.01371,0.000397,-0.00013,0,10.11,Humid,22.75,0,51,240636.15,SABD0000000001,AAV1.0.0.11,1.1.2.0,PSt7-10,191107-136,2/17/22 12:14,0000-00,0,no battery,V
4/18/22,12:08:27,9,default,199182947,OXY-CH9,18.851,min,270.194,µmol/L,Humid,17.542,deg,88665,µV,28.822,°C,1017,hPa,35.3,pmil,0,55.4,deg,20,°C,100,%a.s.,22.63,deg,20,°C,972,hPa,0.816,-0.01371,0.000397,-0.00013,0,10.11,Humid,22.75,0,51,240632.32,SABD0000000001,AAV1.0.0.11,1.1.2.0,PSt7-10,191107-136,2/17/22 12:14,0000-00,0,no battery,V
4/18/22,12:08:28,9,default,199182947,OXY-CH9,18.867,min,270.054,µmol/L,Humid,17.544,deg,88659,µV,28.833,°C,1017,hPa,35.3,pmil,0,55.4,deg,20,°C,100,%a.s.,22.63,deg,20,°C,972,hPa,0.816,-0.01371,0.000397,-0.00013,0,10.11,Humid,22.75,0,51,240640.4,SABD0000000001,AAV1.0.0.11,1.1.2.0,PSt7-10,191107-136,2/17/22 12:14,0000-00,0,no battery,V
4/18/22,12:08:29,9,default,199182947,OXY-CH9,18.884,min,270.22,µmol/L,Humid,17.539,deg,88655,µV,28.829,°C,1017,hPa,35.3,pmil,0,55.4,deg,20,°C,100,%a.s.,22.63,deg,20,°C,972,hPa,0.816,-0.01371,0.000397,-0.00013,0,10.11,Humid,22.75,0,51,240636.45,SABD0000000001,AAV1.0.0.11,1.1.2.0,PSt7-10,191107-136,2/17/22 12:14,0000-00,0,no battery,V
4/18/22,12:08:30,9,default,199182947,OXY-CH9,18.901,min,270.111,µmol/L,Humid,17.54,deg,88658,µV,28.839,°C,1017,hPa,35.3,pmil,0,55.4,deg,20,°C,100,%a.s.,22.63,deg,20,°C,972,hPa,0.816,-0.01371,0.000397,-0.00013,0,10.11,Humid,22.75,0,51,240640.43,SABD0000000001,AAV1.0.0.11,1.1.2.0,PSt7-10,191107-136,2/17/22 12:14,0000-00,0,no battery,V
4/18/22,12:08:31,9,default,199182947,OXY-CH9,18.917,min,270.126,µmol/L,Humid,17.541,deg,88650,µV,28.834,°C,1017,hPa,35.3,pmil,0,55.4,deg,20,°C,100,%a.s.,22.63,deg,20,°C,972,hPa,0.816,-0.01371,0.000397,-0.00013,0,10.11,Humid,22.75,0,51,240631.83,SABD0000000001,AAV1.0.0.11,1.1.2.0,PSt7-10,191107-136,2/17/22 12:14,0000-00,0,no battery,V
4/18/22,12:08:32,9,default,199182947,OXY-CH9,18.934,min,270.347,µmol/L,Humid,17.536,deg,88649,µV,28.823,°C,1017,hPa,35.3,pmil,0,55.4,deg,20,°C,100,%a.s.,22.63,deg,20,°C,972,hPa,0.816,-0.01371,0.000397,-0.00013,0,10.11,Humid,22.75,0,51,240641.92,SABD0000000001,AAV1.0.0.11,1.1.2.0,PSt7-10,191107-136,2/17/22 12:14,0000-00,0,no battery,V
4/18/22,12:08:33,9,default,199182947,OXY-CH9,18.951,min,270.21,µmol/L,Humid,17.536,deg,88640,µV,28.839,°C,1017,hPa,35.3,pmil,0,55.4,deg,20,°C,100,%a.s.,22.63,deg,20,°C,972,hPa,0.816,-0.01371,0.000397,-0.00013,0,10.11,Humid,22.75,0,51,240645.37,SABD0000000001,AAV1.0.0.11,1.1.2.0,PSt7-10,191107-136,2/17/22 12:14,0000-00,0,no battery,V
4/18/22,12:08:34,9,default,199182947,OXY-CH9,18.967,min,270.393,µmol/L,Humid,17.537,deg,88638,µV,28.814,°C,1017,hPa,35.3,pmil,0,55.4,deg,20,°C,100,%a.s.,22.63,deg,20,°C,972,hPa,0.816,-0.01371,0.000397,-0.00013,0,10.11,Humid,22.75,0,51,240644.41,SABD0000000001,AAV1.0.0.11,1.1.2.0,PSt7-10,191107-136,2/17/22 12:14,0000-00,0,no battery,V
4/18/22,12:08:35,9,default,199182947,OXY-CH9,18.984,min,270.235,µmol/L,Humid,17.543,deg,88633,µV,28.814,°C,1017,hPa,35.3,pmil,0,55.4,deg,20,°C,100,%a.s.,22.63,deg,20,°C,972,hPa,0.816,-0.01371,0.000397,-0.00013,0,10.11,Humid,22.75,0,51,240633.33,SABD0000000001,AAV1.0.0.11,1.1.2.0,PSt7-10,191107-136,2/17/22 12:14,0000-00,0,no battery,V
4/18/22,12:08:36,9,default,199182947,OXY-CH9,19.001,min,270.356,µmol/L,Humid,17.532,deg,88637,µV,28.834,°C,1017,hPa,35.3,pmil,0,55.4,deg,20,°C,100,%a.s.,22.63,deg,20,°C,972,hPa,0.816,-0.01371,0.000397,-0.00013,0,10.11,Humid,22.75,0,51,240631.04,SABD0000000001,AAV1.0.0.11,1.1.2.0,PSt7-10,191107-136,2/17/22 12:14,0000-00,0,no battery,V
4/18/22,12:08:37,9,default,199182947,OXY-CH9,19.017,min,270.434,µmol/L,Humid,17.531,deg,88625,µV,28.828,°C,1017,hPa,35.3,pmil,0,55.4,deg,20,°C,100,%a.s.,22.63,deg,20,°C,972,hPa,0.816,-0.01371,0.000397,-0.00013,0,10.11,Humid,22.75,0,51,240642.44,SABD0000000001,AAV1.0.0.11,1.1.2.0,PSt7-10,191107-136,2/17/22 12:14,0000-00,0,no battery,V
4/18/22,12:08:38,9,default,199182947,OXY-CH9,19.034,min,270.337,µmol/L,Humid,17.532,deg,88622,µV,28.837,°C,1017,hPa,35.3,pmil,0,55.4,deg,20,°C,100,%a.s.,22.63,deg,20,°C,972,hPa,0.816,-0.01371,0.000397,-0.00013,0,10.11,Humid,22.75,0,51,240645.42,SABD0000000001,AAV1.0.0.11,1.1.2.0,PSt7-10,191107-136,2/17/22 12:14,0000-00,0,no battery,V
4/18/22,12:08:39,9,default,199182947,OXY-CH9,19.051,min,270.574,µmol/L,Humid,17.531,deg,88621,µV,28.811,°C,1017,hPa,35.3,pmil,0,55.4,deg,20,°C,100,%a.s.,22.63,deg,20,°C,972,hPa,0.816,-0.01371,0.000397,-0.00013,0,10.11,Humid,22.75,0,51,240642.71,SABD0000000001,AAV1.0.0.11,1.1.2.0,PSt7-10,191107-136,2/17/22 12:14,0000-00,0,no battery,V
4/18/22,12:08:40,9,default,199182947,OXY-CH9,19.067,min,270.55,µmol/L,Humid,17.532,deg,88614,µV,28.811,°C,1017,hPa,35.3,pmil,0,55.4,deg,20,°C,100,%a.s.,22.63,deg,20,°C,972,hPa,0.816,-0.01371,0.000397,-0.00013,0,10.11,Humid,22.75,0,51,240631.31,SABD0000000001,AAV1.0.0.11,1.1.2.0,PSt7-10,191107-136,2/17/22 12:14,0000-00,0,no battery,V
4/18/22,12:08:41,9,default,199182947,OXY-CH9,19.084,min,270.369,µmol/L,Humid,17.533,deg,88609,µV,28.83,°C,1017,hPa,35.3,pmil,0,55.4,deg,20,°C,100,%a.s.,22.63,deg,20,°C,972,hPa,0.816,-0.01371,0.000397,-0.00013,0,10.11,Humid,22.75,0,51,240629.49,SABD0000000001,AAV1.0.0.11,1.1.2.0,PSt7-10,191107-136,2/17/22 12:14,0000-00,0,no battery,V
4/18/22,12:08:42,9,default,199182947,OXY-CH9,19.101,min,270.567,µmol/L,Humid,17.53,deg,88603,µV,28.815,°C,1017,hPa,35.3,pmil,0,55.4,deg,20,°C,100,%a.s.,22.63,deg,20,°C,972,hPa,0.816,-0.01371,0.000397,-0.00013,0,10.11,Humid,22.75,0,51,240639.78,SABD0000000001,AAV1.0.0.11,1.1.2.0,PSt7-10,191107-136,2/17/22 12:14,0000-00,0,no battery,V
4/18/22,12:08:43,9,default,199182947,OXY-CH9,19.117,min,270.439,µmol/L,Humid,17.532,deg,88597,µV,28.824,°C,1017,hPa,35.3,pmil,0,55.4,deg,20,°C,100,%a.s.,22.63,deg,20,°C,972,hPa,0.816,-0.01371,0.000397,-0.00013,0,10.11,Humid,22.75,0,51,240635.37,SABD0000000001,AAV1.0.0.11,1.1.2.0,PSt7-10,191107-136,2/17/22 12:14,0000-00,0,no battery,V
4/18/22,12:08:44,9,default,199182947,OXY-CH9,19.134,min,270.562,µmol/L,Humid,17.531,deg,88595,µV,28.813,°C,1017,hPa,35.3,pmil,0,55.4,deg,20,°C,100,%a.s.,22.63,deg,20,°C,972,hPa,0.816,-0.01371,0.000397,-0.00013,0,10.11,Humid,22.75,0,51,240625.61,SABD0000000001,AAV1.0.0.11,1.1.2.0,PSt7-10,191107-136,2/17/22 12:14,0000-00,0,no battery,V
4/18/22,12:08:45,9,default,199182947,OXY-CH9,19.151,min,270.626,µmol/L,Humid,17.528,deg,88594,µV,28.814,°C,1017,hPa,35.3,pmil,0,55.4,deg,20,°C,100,%a.s.,22.63,deg,20,°C,972,hPa,0.816,-0.01371,0.000397,-0.00013,0,10.11,Humid,22.75,0,51,240634.4,SABD0000000001,AAV1.0.0.11,1.1.2.0,PSt7-10,191107-136,2/17/22 12:14,0000-00,0,no battery,V
4/18/22,12:08:46,9,default,199182947,OXY-CH9,19.168,min,270.651,µmol/L,Humid,17.527,deg,88583,µV,28.815,°C,1017,hPa,35.3,pmil,0,55.4,deg,20,°C,100,%a.s.,22.63,deg,20,°C,972,hPa,0.816,-0.01371,0.000397,-0.00013,0,10.11,Humid,22.75,0,51,240635.46,SABD0000000001,AAV1.0.0.11,1.1.2.0,PSt7-10,191107-136,2/17/22 12:14,0000-00,0,no battery,V
4/18/22,12:08:47,9,default,199182947,OXY-CH9,19.184,min,270.332,µmol/L,Humid,17.533,deg,88584,µV,28.834,°C,1017,hPa,35.3,pmil,0,55.4,deg,20,°C,100,%a.s.,22.63,deg,20,°C,972,hPa,0.816,-0.01371,0.000397,-0.00013,0,10.11,Humid,22.75,0,51,240638.09,SABD0000000001,AAV1.0.0.11,1.1.2.0,PSt7-10,191107-136,2/17/22 12:14,0000-00,0,no battery,V
4/18/22,12:08:48,9,default,199182947,OXY-CH9,19.201,min,270.627,µmol/L,Humid,17.523,deg,88589,µV,28.83,°C,1017,hPa,35.3,pmil,0,55.4,deg,20,°C,100,%a.s.,22.63,deg,20,°C,972,hPa,0.816,-0.01371,0.000397,-0.00013,0,10.11,Humid,22.75,0,51,240630.05,SABD0000000001,AAV1.0.0.11,1.1.2.0,PSt7-10,191107-136,2/17/22 12:14,0000-00,0,no battery,V
4/18/22,12:08:49,9,default,199182947,OXY-CH9,19.217,min,270.61,µmol/L,Humid,17.525,deg,88576,µV,28.826,°C,1017,hPa,35.3,pmil,0,55.4,deg,20,°C,100,%a.s.,22.63,deg,20,°C,972,hPa,0.816,-0.01371,0.000397,-0.00013,0,10.11,Humid,22.75,0,51,240628.38,SABD0000000001,AAV1.0.0.11,1.1.2.0,PSt7-10,191107-136,2/17/22 12:14,0000-00,0,no battery,V
4/18/22,12:08:50,9,default,199182947,OXY-CH9,19.234,min,270.528,µmol/L,Humid,17.526,deg,88572,µV,28.833,°C,1017,hPa,35.3,pmil,0,55.4,deg,20,°C,100,%a.s.,22.63,deg,20,°C,972,hPa,0.816,-0.01371,0.000397,-0.00013,0,10.11,Humid,22.75,0,51,240630.75,SABD0000000001,AAV1.0.0.11,1.1.2.0,PSt7-10,191107-136,2/17/22 12:14,0000-00,0,no battery,V
4/18/22,12:08:51,9,default,199182947,OXY-CH9,19.251,min,270.563,µmol/L,Humid,17.525,deg,88570,µV,28.832,°C,1017,hPa,35.3,pmil,0,55.4,deg,20,°C,100,%a.s.,22.63,deg,20,°C,972,hPa,0.816,-0.01371,0.000397,-0.00013,0,10.11,Humid,22.75,0,51,240636.57,SABD0000000001,AAV1.0.0.11,1.1.2.0,PSt7-10,191107-136,2/17/22 12:14,0000-00,0,no battery,V
4/18/22,12:08:52,9,default,199182947,OXY-CH9,19.268,min,270.726,µmol/L,Humid,17.522,deg,88555,µV,28.821,°C,1017,hPa,35.3,pmil,0,55.4,deg,20,°C,100,%a.s.,22.63,deg,20,°C,972,hPa,0.816,-0.01371,0.000397,-0.00013,0,10.11,Humid,22.75,0,51,240629.48,SABD0000000001,AAV1.0.0.11,1.1.2.0,PSt7-10,191107-136,2/17/22 12:14,0000-00,0,no battery,V
4/18/22,12:08:53,9,default,199182947,OXY-CH9,19.285,min,270.532,µmol/L,Humid,17.526,deg,88561,µV,28.832,°C,1017,hPa,35.3,pmil,0,55.4,deg,20,°C,100,%a.s.,22.63,deg,20,°C,972,hPa,0.816,-0.01371,0.000397,-0.00013,0,10.11,Humid,22.75,0,51,240625.8,SABD0000000001,AAV1.0.0.11,1.1.2.0,PSt7-10,191107-136,2/17/22 12:14,0000-00,0,no battery,V
4/18/22,12:08:54,9,default,199182947,OXY-CH9,19.301,min,270.719,µmol/L,Humid,17.521,deg,88557,µV,28.825,°C,1017,hPa,35.3,pmil,0,55.4,deg,20,°C,100,%a.s.,22.63,deg,20,°C,972,hPa,0.816,-0.01371,0.000397,-0.00013,0,10.11,Humid,22.75,0,51,240626.6,SABD0000000001,AAV1.0.0.11,1.1.2.0,PSt7-10,191107-136,2/17/22 12:14,0000-00,0,no battery,V
4/18/22,12:08:55,9,default,199182947,OXY-CH9,19.318,min,270.694,µmol/L,Humid,17.523,deg,88554,µV,28.822,°C,1017,hPa,35.3,pmil,0,55.4,deg,20,°C,100,%a.s.,22.63,deg,20,°C,972,hPa,0.816,-0.01371,0.000397,-0.00013,0,10.11,Humid,22.75,0,51,240632.42,SABD0000000001,AAV1.0.0.11,1.1.2.0,PSt7-10,191107-136,2/17/22 12:14,0000-00,0,no battery,V
4/18/22,12:08:56,9,default,199182947,OXY-CH9,19.334,min,270.594,µmol/L,Humid,17.522,deg,88545,µV,28.837,°C,1017,hPa,35.3,pmil,0,55.4,deg,20,°C,100,%a.s.,22.63,deg,20,°C,972,hPa,0.816,-0.01371,0.000397,-0.00013,0,10.11,Humid,22.75,0,51,240629.98,SABD0000000001,AAV1.0.0.11,1.1.2.0,PSt7-10,191107-136,2/17/22 12:14,0000-00,0,no battery,V
4/18/22,12:08:57,9,default,199182947,OXY-CH9,19.351,min,270.526,µmol/L,Humid,17.524,deg,88540,µV,28.839,°C,1017,hPa,35.3,pmil,0,55.4,deg,20,°C,100,%a.s.,22.63,deg,20,°C,972,hPa,0.816,-0.01371,0.000397,-0.00013,0,10.11,Humid,22.75,0,51,240624.73,SABD0000000001,AAV1.0.0.11,1.1.2.0,PSt7-10,191107-136,2/17/22 12:14,0000-00,0,no battery,V
4/18/22,12:08:58,9,default,199182947,OXY-CH9,19.367,min,270.774,µmol/L,Humid,17.519,deg,88536,µV,28.825,°C,1017,hPa,35.3,pmil,0,55.4,deg,20,°C,100,%a.s.,22.63,deg,20,°C,972,hPa,0.816,-0.01371,0.000397,-0.00013,0,10.11,Humid,22.75,0,51,240629.37,SABD0000000001,AAV1.0.0.11,1.1.2.0,PSt7-10,191107-136,2/17/22 12:14,0000-00,0,no battery,V
4/18/22,12:08:59,9,default,199182947,OXY-CH9,19.384,min,271.012,µmol/L,Humid,17.515,deg,88531,µV,28.809,°C,1017,hPa,35.3,pmil,0,55.4,deg,20,°C,100,%a.s.,22.63,deg,20,°C,972,hPa,0.816,-0.01371,0.000397,-0.00013,0,10.11,Humid,22.75,0,51,240620.27,SABD0000000001,AAV1.0.0.11,1.1.2.0,PSt7-10,191107-136,2/17/22 12:14,0000-00,0,no battery,V
4/18/22,12:09:00,9,default,199182947,OXY-CH9,19.402,min,270.931,µmol/L,Humid,17.517,deg,88535,µV,28.812,°C,1017,hPa,35.3,pmil,0,55.4,deg,20,°C,100,%a.s.,22.63,deg,20,°C,972,hPa,0.816,-0.01371,0.000397,-0.00013,0,10.11,Humid,22.75,0,51,240626.92,SABD0000000001,AAV1.0.0.11,1.1.2.0,PSt7-10,191107-136,2/17/22 12:14,0000-00,0,no battery,V
4/18/22,12:09:01,9,default,199182947,OXY-CH9,19.418,min,270.857,µmol/L,Humid,17.519,deg,88528,µV,28.815,°C,1017,hPa,35.3,pmil,0,55.4,deg,20,°C,100,%a.s.,22.63,deg,20,°C,972,hPa,0.816,-0.01371,0.000397,-0.00013,0,10.11,Humid,22.75,0,51,240628.88,SABD0000000001,AAV1.0.0.11,1.1.2.0,PSt7-10,191107-136,2/17/22 12:14,0000-00,0,no battery,V
4/18/22,12:09:02,9,default,199182947,OXY-CH9,19.434,min,270.818,µmol/L,Humid,17.516,deg,88530,µV,28.829,°C,1017,hPa,35.3,pmil,0,55.4,deg,20,°C,100,%a.s.,22.63,deg,20,°C,972,hPa,0.816,-0.01371,0.000397,-0.00013,0,10.11,Humid,22.75,0,51,240627.77,SABD0000000001,AAV1.0.0.11,1.1.2.0,PSt7-10,191107-136,2/17/22 12:14,0000-00,0,no battery,V
4/18/22,12:09:03,9,default,199182947,OXY-CH9,19.451,min,270.799,µmol/L,Humid,17.518,deg,88528,µV,28.825,°C,1017,hPa,35.3,pmil,0,55.4,deg,20,°C,100,%a.s.,22.63,deg,20,°C,972,hPa,0.816,-0.01371,0.000397,-0.00013,0,10.11,Humid,22.75,0,51,240620.93,SABD0000000001,AAV1.0.0.11,1.1.2.0,PSt7-10,191107-136,2/17/22 12:14,0000-00,0,no battery,V
4/18/22,12:09:04,9,default,199182947,OXY-CH9,19.467,min,270.94,µmol/L,Humid,17.515,deg,88523,µV,28.818,°C,1017,hPa,35.3,pmil,0,55.4,deg,20,°C,100,%a.s.,22.63,deg,20,°C,972,hPa,0.816,-0.01371,0.000397,-0.00013,0,10.11,Humid,22.75,0,51,240630.16,SABD0000000001,AAV1.0.0.11,1.1.2.0,PSt7-10,191107-136,2/17/22 12:14,0000-00,0,no battery,V
4/18/22,12:09:05,9,default,199182947,OXY-CH9,19.484,min,270.931,µmol/L,Humid,17.514,deg,88515,µV,28.822,°C,1017,hPa,35.3,pmil,0,55.4,deg,20,°C,100,%a.s.,22.63,deg,20,°C,972,hPa,0.816,-0.01371,0.000397,-0.00013,0,10.11,Humid,22.75,0,51,240623.4,SABD0000000001,AAV1.0.0.11,1.1.2.0,PSt7-10,191107-136,2/17/22 12:14,0000-00,0,no battery,V
4/18/22,12:09:06,9,default,199182947,OXY-CH9,19.501,min,270.751,µmol/L,Humid,17.516,deg,88508,µV,28.837,°C,1017,hPa,35.3,pmil,0,55.4,deg,20,°C,100,%a.s.,22.63,deg,20,°C,972,hPa,0.816,-0.01371,0.000397,-0.00013,0,10.11,Humid,22.75,0,51,240621.07,SABD0000000001,AAV1.0.0.11,1.1.2.0,PSt7-10,191107-136,2/17/22 12:14,0000-00,0,no battery,V
4/18/22,12:09:07,9,default,199182947,OXY-CH9,19.517,min,270.903,µmol/L,Humid,17.514,deg,88512,µV,28.825,°C,1017,hPa,35.3,pmil,0,55.4,deg,20,°C,100,%a.s.,22.63,deg,20,°C,972,hPa,0.816,-0.01371,0.000397,-0.00013,0,10.11,Humid,22.75,0,51,240622.69,SABD0000000001,AAV1.0.0.11,1.1.2.0,PSt7-10,191107-136,2/17/22 12:14,0000-00,0,no battery,V
4/18/22,12:09:08,9,default,199182947,OXY-CH9,19.534,min,270.909,µmol/L,Humid,17.513,deg,88514,µV,28.828,°C,1017,hPa,35.3,pmil,0,55.4,deg,20,°C,100,%a.s.,22.63,deg,20,°C,972,hPa,0.816,-0.01371,0.000397,-0.00013,0,10.11,Humid,22.75,0,51,240629.33,SABD0000000001,AAV1.0.0.11,1.1.2.0,PSt7-10,191107-136,2/17/22 12:14,0000-00,0,no battery,V
4/18/22,12:09:09,9,default,199182947,OXY-CH9,19.551,min,270.982,µmol/L,Humid,17.514,deg,88498,µV,28.816,°C,1017,hPa,35.3,pmil,0,55.4,deg,20,°C,100,%a.s.,22.63,deg,20,°C,972,hPa,0.816,-0.01371,0.000397,-0.00013,0,10.11,Humid,22.75,0,51,240621.9,SABD0000000001,AAV1.0.0.11,1.1.2.0,PSt7-10,191107-136,2/17/22 12:14,0000-00,0,no battery,V
4/18/22,12:09:10,9,default,199182947,OXY-CH9,19.568,min,271.003,µmol/L,Humid,17.509,deg,88497,µV,28.829,°C,1017,hPa,35.3,pmil,0,55.4,deg,20,°C,100,%a.s.,22.63,deg,20,°C,972,hPa,0.816,-0.01371,0.000397,-0.00013,0,10.11,Humid,22.75,0,51,240624.89,SABD0000000001,AAV1.0.0.11,1.1.2.0,PSt7-10,191107-136,2/17/22 12:14,0000-00,0,no battery,V
4/18/22,12:09:11,9,default,199182947,OXY-CH9,19.584,min,270.931,µmol/L,Humid,17.512,deg,88484,µV,28.828,°C,1017,hPa,35.3,pmil,0,55.4,deg,20,°C,100,%a.s.,22.63,deg,20,°C,972,hPa,0.816,-0.01371,0.000397,-0.00013,0,10.11,Humid,22.75,0,51,240619.06,SABD0000000001,AAV1.0.0.11,1.1.2.0,PSt7-10,191107-136,2/17/22 12:14,0000-00,0,no battery,V
4/18/22,12:09:12,9,default,199182947,OXY-CH9,19.601,min,271.03,µmol/L,Humid,17.508,deg,88487,µV,28.829,°C,1017,hPa,35.3,pmil,0,55.4,deg,20,°C,100,%a.s.,22.63,deg,20,°C,972,hPa,0.816,-0.01371,0.000397,-0.00013,0,10.11,Humid,22.75,0,51,240621.79,SABD0000000001,AAV1.0.0.11,1.1.2.0,PSt7-10,191107-136,2/17/22 12:14,0000-00,0,no battery,V
4/18/22,12:09:13,9,default,199182947,OXY-CH9,19.617,min,271.017,µmol/L,Humid,17.512,deg,88493,µV,28.818,°C,1017,hPa,35.3,pmil,0,55.4,deg,20,°C,100,%a.s.,22.63,deg,20,°C,972,hPa,0.816,-0.01371,0.000397,-0.00013,0,10.11,Humid,22.75,0,51,240627.06,SABD0000000001,AAV1.0.0.11,1.1.2.0,PSt7-10,191107-136,2/17/22 12:14,0000-00,0,no battery,V
4/18/22,12:09:14,9,default,199182947,OXY-CH9,19.634,min,270.992,µmol/L,Humid,17.511,deg,88482,µV,28.824,°C,1017,hPa,35.3,pmil,0,55.4,deg,20,°C,100,%a.s.,22.63,deg,20,°C,972,hPa,0.816,-0.01371,0.000397,-0.00013,0,10.11,Humid,22.75,0,51,240625.78,SABD0000000001,AAV1.0.0.11,1.1.2.0,PSt7-10,191107-136,2/17/22 12:14,0000-00,0,no battery,V
4/18/22,12:09:15,9,default,199182947,OXY-CH9,19.651,min,271.008,µmol/L,Humid,17.512,deg,88475,µV,28.819,°C,1017,hPa,35.3,pmil,0,55.4,deg,20,°C,100,%a.s.,22.63,deg,20,°C,972,hPa,0.816,-0.01371,0.000397,-0.00013,0,10.11,Humid,22.75,0,51,240615.04,SABD0000000001,AAV1.0.0.11,1.1.2.0,PSt7-10,191107-136,2/17/22 12:14,0000-00,0,no battery,V
4/18/22,12:09:16,9,default,199182947,OXY-CH9,19.667,min,271.012,µmol/L,Humid,17.508,deg,88473,µV,28.831,°C,1017,hPa,35.3,pmil,0,55.4,deg,20,°C,100,%a.s.,22.63,deg,20,°C,972,hPa,0.816,-0.01371,0.000397,-0.00013,0,10.11,Humid,22.75,0,51,240624.9,SABD0000000001,AAV1.0.0.11,1.1.2.0,PSt7-10,191107-136,2/17/22 12:14,0000-00,0,no battery,V
4/18/22,12:09:17,9,default,199182947,OXY-CH9,19.684,min,271.114,µmol/L,Humid,17.507,deg,88470,µV,28.822,°C,1017,hPa,35.3,pmil,0,55.4,deg,20,°C,100,%a.s.,22.63,deg,20,°C,972,hPa,0.816,-0.01371,0.000397,-0.00013,0,10.11,Humid,22.75,0,51,240624.02,SABD0000000001,AAV1.0.0.11,1.1.2.0,PSt7-10,191107-136,2/17/22 12:14,0000-00,0,no battery,V
4/18/22,12:09:18,9,default,199182947,OXY-CH9,19.701,min,271.04,µmol/L,Humid,17.509,deg,88462,µV,28.825,°C,1017,hPa,35.3,pmil,0,55.4,deg,20,°C,100,%a.s.,22.63,deg,20,°C,972,hPa,0.816,-0.01371,0.000397,-0.00013,0,10.11,Humid,22.75,0,51,240627.16,SABD0000000001,AAV1.0.0.11,1.1.2.0,PSt7-10,191107-136,2/17/22 12:14,0000-00,0,no battery,V
4/18/22,12:09:19,9,default,199182947,OXY-CH9,19.717,min,271.19,µmol/L,Humid,17.504,deg,88461,µV,28.823,°C,1017,hPa,35.3,pmil,0,55.4,deg,20,°C,100,%a.s.,22.63,deg,20,°C,972,hPa,0.816,-0.01371,0.000397,-0.00013,0,10.11,Humid,22.75,0,51,240621.74,SABD0000000001,AAV1.0.0.11,1.1.2.0,PSt7-10,191107-136,2/17/22 12:14,0000-00,0,no battery,V
4/18/22,12:09:20,9,default,199182947,OXY-CH9,19.734,min,271.285,µmol/L,Humid,17.503,deg,88452,µV,28.814,°C,1017,hPa,35.3,pmil,0,55.4,deg,20,°C,100,%a.s.,22.63,deg,20,°C,972,hPa,0.816,-0.01371,0.000397,-0.00013,0,10.11,Humid,22.75,0,51,240617.96,SABD0000000001,AAV1.0.0.11,1.1.2.0,PSt7-10,191107-136,2/17/22 12:14,0000-00,0,no battery,V
4/18/22,12:09:21,9,default,199182947,OXY-CH9,19.751,min,271.344,µmol/L,Humid,17.501,deg,88449,µV,28.813,°C,1017,hPa,35.3,pmil,0,55.4,deg,20,°C,100,%a.s.,22.63,deg,20,°C,972,hPa,0.816,-0.01371,0.000397,-0.00013,0,10.11,Humid,22.75,0,51,240627.09,SABD0000000001,AAV1.0.0.11,1.1.2.0,PSt7-10,191107-136,2/17/22 12:14,0000-00,0,no battery,V
4/18/22,12:09:22,9,default,199182947,OXY-CH9,19.767,min,271.276,µmol/L,Humid,17.502,deg,88447,µV,28.818,°C,1017,hPa,35.3,pmil,0,55.4,deg,20,°C,100,%a.s.,22.63,deg,20,°C,972,hPa,0.816,-0.01371,0.000397,-0.00013,0,10.11,Humid,22.75,0,51,240617.26,SABD0000000001,AAV1.0.0.11,1.1.2.0,PSt7-10,191107-136,2/17/22 12:14,0000-00,0,no battery,V
4/18/22,12:09:23,9,default,199182947,OXY-CH9,19.784,min,271.226,µmol/L,Humid,17.502,deg,88451,µV,28.824,°C,1017,hPa,35.3,pmil,0,55.4,deg,20,°C,100,%a.s.,22.63,deg,20,°C,972,hPa,0.816,-0.01371,0.000397,-0.00013,0,10.11,Humid,22.75,0,51,240617.36,SABD0000000001,AAV1.0.0.11,1.1.2.0,PSt7-10,191107-136,2/17/22 12:14,0000-00,0,no battery,V
4/18/22,12:09:24,9,default,199182947,OXY-CH9,19.801,min,271.269,µmol/L,Humid,17.501,deg,88438,µV,28.822,°C,1017,hPa,35.3,pmil,0,55.4,deg,20,°C,100,%a.s.,22.63,deg,20,°C,972,hPa,0.816,-0.01371,0.000397,-0.00013,0,10.11,Humid,22.75,0,51,240624.67,SABD0000000001,AAV1.0.0.11,1.1.2.0,PSt7-10,191107-136,2/17/22 12:14,0000-00,0,no battery,V
4/18/22,12:11:19,9,default,199182947,OXY-CH9,21.723,min,272.109,µmol/L,Humid,17.471,deg,88461,µV,28.817,°C,1017,hPa,35.3,pmil,0,55.4,deg,20,°C,100,%a.s.,22.63,deg,20,°C,972,hPa,0.816,-0.01371,0.000397,-0.00013,0,10.11,Humid,22.75,0,51,240896.93,SABD0000000001,AAV1.0.0.11,1.1.2.0,PSt7-10,191107-136,2/17/22 12:14,0000-00,0,no battery,V
4/18/22,12:11:20,9,default,199182947,OXY-CH9,21.734,min,272.012,µmol/L,Humid,17.473,deg,88433,µV,28.822,°C,1017,hPa,35.3,pmil,0,55.4,deg,20,°C,100,%a.s.,22.63,deg,20,°C,972,hPa,0.816,-0.01371,0.000397,-0.00013,0,10.11,Humid,22.75,0,51,240848.28,SABD0000000001,AAV1.0.0.11,1.1.2.0,PSt7-10,191107-136,2/17/22 12:14,0000-00,0,no battery,V
4/18/22,12:11:21,9,default,199182947,OXY-CH9,21.751,min,272.115,µmol/L,Humid,17.467,deg,88442,µV,28.829,°C,1017,hPa,35.3,pmil,0,55.4,deg,20,°C,100,%a.s.,22.63,deg,20,°C,972,hPa,0.816,-0.01371,0.000397,-0.00013,0,10.11,Humid,22.75,0,51,240845.17,SABD0000000001,AAV1.0.0.11,1.1.2.0,PSt7-10,191107-136,2/17/22 12:14,0000-00,0,no battery,V
4/18/22,12:11:22,9,default,199182947,OXY-CH9,21.768,min,272.247,µmol/L,Humid,17.471,deg,88433,µV,28.8,°C,1017,hPa,35.3,pmil,0,55.4,deg,20,°C,100,%a.s.,22.63,deg,20,°C,972,hPa,0.816,-0.01371,0.000397,-0.00013,0,10.11,Humid,22.75,0,51,240832.84,SABD0000000001,AAV1.0.0.11,1.1.2.0,PSt7-10,191107-136,2/17/22 12:14,0000-00,0,no battery,V
4/18/22,12:11:23,9,default,199182947,OXY-CH9,21.784,min,272.01,µmol/L,Humid,17.474,deg,88438,µV,28.819,°C,1017,hPa,35.3,pmil,0,55.4,deg,20,°C,100,%a.s.,22.63,deg,20,°C,972,hPa,0.816,-0.01371,0.000397,-0.00013,0,10.11,Humid,22.75,0,51,240830.3,SABD0000000001,AAV1.0.0.11,1.1.2.0,PSt7-10,191107-136,2/17/22 12:14,0000-00,0,no battery,V
4/18/22,12:11:24,9,default,199182947,OXY-CH9,21.801,min,271.853,µmol/L,Humid,17.477,deg,88442,µV,28.828,°C,1017,hPa,35.3,pmil,0,55.4,deg,20,°C,100,%a.s.,22.63,deg,20,°C,972,hPa,0.816,-0.01371,0.000397,-0.00013,0,10.11,Humid,22.75,0,51,240823.78,SABD0000000001,AAV1.0.0.11,1.1.2.0,PSt7-10,191107-136,2/17/22 12:14,0000-00,0,no battery,V
4/18/22,12:11:25,9,default,199182947,OXY-CH9,21.818,min,271.977,µmol/L,Humid,17.477,deg,88443,µV,28.813,°C,1017,hPa,35.3,pmil,0,55.4,deg,20,°C,100,%a.s.,22.63,deg,20,°C,972,hPa,0.816,-0.01371,0.000397,-0.00013,0,10.11,Humid,22.75,0,51,240816.92,SABD0000000001,AAV1.0.0.11,1.1.2.0,PSt7-10,191107-136,2/17/22 12:14,0000-00,0,no battery,V
4/18/22,12:11:26,9,default,199182947,OXY-CH9,21.834,min,271.994,µmol/L,Humid,17.476,deg,88442,µV,28.815,°C,1017,hPa,35.3,pmil,0,55.4,deg,20,°C,100,%a.s.,22.63,deg,20,°C,972,hPa,0.816,-0.01371,0.000397,-0.00013,0,10.11,Humid,22.75,0,51,240811.47,SABD0000000001,AAV1.0.0.11,1.1.2.0,PSt7-10,191107-136,2/17/22 12:14,0000-00,0,no battery,V
4/18/22,12:11:27,9,default,199182947,OXY-CH9,21.851,min,271.962,µmol/L,Humid,17.48,deg,88443,µV,28.806,°C,1017,hPa,35.3,pmil,0,55.4,deg,20,°C,100,%a.s.,22.63,deg,20,°C,972,hPa,0.816,-0.01371,0.000397,-0.00013,0,10.11,Humid,22.75,0,51,240813.29,SABD0000000001,AAV1.0.0.11,1.1.2.0,PSt7-10,191107-136,2/17/22 12:14,0000-00,0,no battery,V
4/18/22,12:11:28,9,default,199182947,OXY-CH9,21.868,min,272.033,µmol/L,Humid,17.48,deg,88455,µV,28.797,°C,1017,hPa,35.3,pmil,0,55.4,deg,20,°C,100,%a.s.,22.63,deg,20,°C,972,hPa,0.816,-0.01371,0.000397,-0.00013,0,10.11,Humid,22.75,0,51,240813.77,SABD0000000001,AAV1.0.0.11,1.1.2.0,PSt7-10,191107-136,2/17/22 12:14,0000-00,0,no battery,V
4/18/22,12:11:29,9,default,199182947,OXY-CH9,21.884,min,272.01,µmol/L,Humid,17.477,deg,88456,µV,28.809,°C,1017,hPa,35.3,pmil,0,55.4,deg,20,°C,100,%a.s.,22.63,deg,20,°C,972,hPa,0.816,-0.01371,0.000397,-0.00013,0,10.11,Humid,22.75,0,51,240809.19,SABD0000000001,AAV1.0.0.11,1.1.2.0,PSt7-10,191107-136,2/17/22 12:14,0000-00,0,no battery,V
4/18/22,12:11:30,9,default,199182947,OXY-CH9,21.9,min,271.914,µmol/L,Humid,17.48,deg,88449,µV,28.811,°C,1017,hPa,35.3,pmil,0,55.4,deg,20,°C,100,%a.s.,22.63,deg,20,°C,972,hPa,0.816,-0.01371,0.000397,-0.00013,0,10.11,Humid,22.75,0,51,240817.72,SABD0000000001,AAV1.0.0.11,1.1.2.0,PSt7-10,191107-136,2/17/22 12:14,0000-00,0,no battery,V
4/18/22,12:11:31,9,default,199182947,OXY-CH9,21.917,min,271.928,µmol/L,Humid,17.48,deg,88451,µV,28.81,°C,1017,hPa,35.3,pmil,0,55.4,deg,20,°C,100,%a.s.,22.63,deg,20,°C,972,hPa,0.816,-0.01371,0.000397,-0.00013,0,10.11,Humid,22.75,0,51,240811.09,SABD0000000001,AAV1.0.0.11,1.1.2.0,PSt7-10,191107-136,2/17/22 12:14,0000-00,0,no battery,V
4/18/22,12:11:32,9,default,199182947,OXY-CH9,21.934,min,271.832,µmol/L,Humid,17.482,deg,88463,µV,28.815,°C,1017,hPa,35.3,pmil,0,55.4,deg,20,°C,100,%a.s.,22.63,deg,20,°C,972,hPa,0.816,-0.01371,0.000397,-0.00013,0,10.11,Humid,22.75,0,51,240808.23,SABD0000000001,AAV1.0.0.11,1.1.2.0,PSt7-10,191107-136,2/17/22 12:14,0000-00,0,no battery,V
4/18/22,12:11:33,9,default,199182947,OXY-CH9,21.951,min,271.887,µmol/L,Humid,17.482,deg,88456,µV,28.808,°C,1017,hPa,35.3,pmil,0,55.4,deg,20,°C,100,%a.s.,22.63,deg,20,°C,972,hPa,0.816,-0.01371,0.000397,-0.00013,0,10.11,Humid,22.75,0,51,240810.29,SABD0000000001,AAV1.0.0.11,1.1.2.0,PSt7-10,191107-136,2/17/22 12:14,0000-00,0,no battery,V
4/18/22,12:11:34,9,default,199182947,OXY-CH9,21.967,min,272.02,µmol/L,Humid,17.48,deg,88459,µV,28.799,°C,1017,hPa,35.3,pmil,0,55.4,deg,20,°C,100,%a.s.,22.63,deg,20,°C,972,hPa,0.816,-0.01371,0.000397,-0.00013,0,10.11,Humid,22.75,0,51,240809.9,SABD0000000001,AAV1.0.0.11,1.1.2.0,PSt7-10,191107-136,2/17/22 12:14,0000-00,0,no battery,V
4/18/22,12:11:35,9,default,199182947,OXY-CH9,21.984,min,271.881,µmol/L,Humid,17.482,deg,88463,µV,28.809,°C,1017,hPa,35.3,pmil,0,55.4,deg,20,°C,100,%a.s.,22.63,deg,20,°C,972,hPa,0.816,-0.01371,0.000397,-0.00013,0,10.11,Humid,22.75,0,51,240809.88,SABD0000000001,AAV1.0.0.11,1.1.2.0,PSt7-10,191107-136,2/17/22 12:14,0000-00,0,no battery,V
4/18/22,12:11:36,9,default,199182947,OXY-CH9,22.001,min,271.946,µmol/L,Humid,17.484,deg,88462,µV,28.795,°C,1017,hPa,35.3,pmil,0,55.4,deg,20,°C,100,%a.s.,22.63,deg,20,°C,972,hPa,0.816,-0.01371,0.000397,-0.00013,0,10.11,Humid,22.75,0,51,240804.54,SABD0000000001,AAV1.0.0.11,1.1.2.0,PSt7-10,191107-136,2/17/22 12:14,0000-00,0,no battery,V
4/18/22,12:11:37,9,default,199182947,OXY-CH9,22.017,min,271.961,µmol/L,Humid,17.484,deg,88474,µV,28.793,°C,1017,hPa,35.3,pmil,0,55.4,deg,20,°C,100,%a.s.,22.63,deg,20,°C,972,hPa,0.816,-0.01371,0.000397,-0.00013,0,10.11,Humid,22.75,0,51,240805.99,SABD0000000001,AAV1.0.0.11,1.1.2.0,PSt7-10,191107-136,2/17/22 12:14,0000-00,0,no battery,V
4/18/22,12:11:38,9,default,199182947,OXY-CH9,22.034,min,271.926,µmol/L,Humid,17.484,deg,88471,µV,28.797,°C,1017,hPa,35.3,pmil,0,55.4,deg,20,°C,100,%a.s.,22.63,deg,20,°C,972,hPa,0.816,-0.01371,0.000397,-0.00013,0,10.11,Humid,22.75,0,51,240815.84,SABD0000000001,AAV1.0.0.11,1.1.2.0,PSt7-10,191107-136,2/17/22 12:14,0000-00,0,no battery,V
4/18/22,12:11:39,9,default,199182947,OXY-CH9,22.051,min,271.724,µmol/L,Humid,17.485,deg,88476,µV,28.818,°C,1017,hPa,35.3,pmil,0,55.4,deg,20,°C,100,%a.s.,22.63,deg,20,°C,972,hPa,0.816,-0.01371,0.000397,-0.00013,0,10.11,Humid,22.75,0,51,240807.3,SABD0000000001,AAV1.0.0.11,1.1.2.0,PSt7-10,191107-136,2/17/22 12:14,0000-00,0,no battery,V
4/18/22,12:11:40,9,default,199182947,OXY-CH9,22.068,min,271.521,µmol/L,Humid,17.49,deg,88472,µV,28.827,°C,1017,hPa,35.3,pmil,0,55.4,deg,20,°C,100,%a.s.,22.63,deg,20,°C,972,hPa,0.816,-0.01371,0.000397,-0.00013,0,10.11,Humid,22.75,0,51,240812.19,SABD0000000001,AAV1.0.0.11,1.1.2.0,PSt7-10,191107-136,2/17/22 12:14,0000-00,0,no battery,V
4/18/22,12:11:41,9,default,199182947,OXY-CH9,22.084,min,271.674,µmol/L,Humid,17.486,deg,88479,µV,28.821,°C,1017,hPa,35.3,pmil,0,55.4,deg,20,°C,100,%a.s.,22.63,deg,20,°C,972,hPa,0.816,-0.01371,0.000397,-0.00013,0,10.11,Humid,22.75,0,51,240805.95,SABD0000000001,AAV1.0.0.11,1.1.2.0,PSt7-10,191107-136,2/17/22 12:14,0000-00,0,no battery,V
4/18/22,12:11:42,9,default,199182947,OXY-CH9,22.101,min,271.702,µmol/L,Humid,17.487,deg,88486,µV,28.815,°C,1017,hPa,35.3,pmil,0,55.4,deg,20,°C,100,%a.s.,22.63,deg,20,°C,972,hPa,0.816,-0.01371,0.000397,-0.00013,0,10.11,Humid,22.75,0,51,240803.94,SABD0000000001,AAV1.0.0.11,1.1.2.0,PSt7-10,191107-136,2/17/22 12:14,0000-00,0,no battery,V
4/18/22,12:11:43,9,default,199182947,OXY-CH9,22.118,min,271.88,µmol/L,Humid,17.484,deg,88482,µV,28.803,°C,1017,hPa,35.3,pmil,0,55.4,deg,20,°C,100,%a.s.,22.63,deg,20,°C,972,hPa,0.816,-0.01371,0.000397,-0.00013,0,10.11,Humid,22.75,0,51,240798.79,SABD0000000001,AAV1.0.0.11,1.1.2.0,PSt7-10,191107-136,2/17/22 12:14,0000-00,0,no battery,V
4/18/22,12:11:44,9,default,199182947,OXY-CH9,22.134,min,271.814,µmol/L,Humid,17.484,deg,88482,µV,28.811,°C,1017,hPa,35.3,pmil,0,55.4,deg,20,°C,100,%a.s.,22.63,deg,20,°C,972,hPa,0.816,-0.01371,0.000397,-0.00013,0,10.11,Humid,22.75,0,51,240814.22,SABD0000000001,AAV1.0.0.11,1.1.2.0,PSt7-10,191107-136,2/17/22 12:14,0000-00,0,no battery,V
4/18/22,12:11:45,9,default,199182947,OXY-CH9,22.151,min,271.649,µmol/L,Humid,17.488,deg,88490,µV,28.818,°C,1017,hPa,35.3,pmil,0,55.4,deg,20,°C,100,%a.s.,22.63,deg,20,°C,972,hPa,0.816,-0.01371,0.000397,-0.00013,0,10.11,Humid,22.75,0,51,240806.8,SABD0000000001,AAV1.0.0.11,1.1.2.0,PSt7-10,191107-136,2/17/22 12:14,0000-00,0,no battery,V
4/18/22,12:11:46,9,default,199182947,OXY-CH9,22.167,min,272.015,µmol/L,Humid,17.482,deg,88489,µV,28.793,°C,1017,hPa,35.3,pmil,0,55.4,deg,20,°C,100,%a.s.,22.63,deg,20,°C,972,hPa,0.816,-0.01371,0.000397,-0.00013,0,10.11,Humid,22.75,0,51,240803.84,SABD0000000001,AAV1.0.0.11,1.1.2.0,PSt7-10,191107-136,2/17/22 12:14,0000-00,0,no battery,V
4/18/22,12:11:47,9,default,199182947,OXY-CH9,22.184,min,271.761,µmol/L,Humid,17.49,deg,88492,µV,28.798,°C,1017,hPa,35.3,pmil,0,55.4,deg,20,°C,100,%a.s.,22.63,deg,20,°C,972,hPa,0.816,-0.01371,0.000397,-0.00013,0,10.11,Humid,22.75,0,51,240802.24,SABD0000000001,AAV1.0.0.11,1.1.2.0,PSt7-10,191107-136,2/17/22 12:14,0000-00,0,no battery,V
4/18/22,12:11:48,9,default,199182947,OXY-CH9,22.2,min,271.896,µmol/L,Humid,17.487,deg,88488,µV,28.791,°C,1017,hPa,35.3,pmil,0,55.4,deg,20,°C,100,%a.s.,22.63,deg,20,°C,972,hPa,0.816,-0.01371,0.000397,-0.00013,0,10.11,Humid,22.75,0,51,240795.02,SABD0000000001,AAV1.0.0.11,1.1.2.0,PSt7-10,191107-136,2/17/22 12:14,0000-00,0,no battery,V
4/18/22,12:11:49,9,default,199182947,OXY-CH9,22.217,min,271.7,µmol/L,Humid,17.489,deg,88490,µV,28.809,°C,1017,hPa,35.3,pmil,0,55.4,deg,20,°C,100,%a.s.,22.63,deg,20,°C,972,hPa,0.816,-0.01371,0.000397,-0.00013,0,10.11,Humid,22.75,0,51,240798.06,SABD0000000001,AAV1.0.0.11,1.1.2.0,PSt7-10,191107-136,2/17/22 12:14,0000-00,0,no battery,V
4/18/22,12:11:50,9,default,199182947,OXY-CH9,22.234,min,271.547,µmol/L,Humid,17.491,deg,88505,µV,28.821,°C,1017,hPa,35.3,pmil,0,55.4,deg,20,°C,100,%a.s.,22.63,deg,20,°C,972,hPa,0.816,-0.01371,0.000397,-0.00013,0,10.11,Humid,22.75,0,51,240803.78,SABD0000000001,AAV1.0.0.11,1.1.2.0,PSt7-10,191107-136,2/17/22 12:14,0000-00,0,no battery,V
4/18/22,12:11:51,9,default,199182947,OXY-CH9,22.251,min,271.622,µmol/L,Humid,17.493,deg,88500,µV,28.805,°C,1017,hPa,35.3,pmil,0,55.4,deg,20,°C,100,%a.s.,22.63,deg,20,°C,972,hPa,0.816,-0.01371,0.000397,-0.00013,0,10.11,Humid,22.75,0,51,240801.54,SABD0000000001,AAV1.0.0.11,1.1.2.0,PSt7-10,191107-136,2/17/22 12:14,0000-00,0,no battery,V
4/18/22,12:11:52,9,default,199182947,OXY-CH9,22.268,min,271.643,µmol/L,Humid,17.493,deg,88508,µV,28.803,°C,1017,hPa,35.3,pmil,0,55.4,deg,20,°C,100,%a.s.,22.63,deg,20,°C,972,hPa,0.816,-0.01371,0.000397,-0.00013,0,10.11,Humid,22.75,0,51,240808.7,SABD0000000001,AAV1.0.0.11,1.1.2.0,PSt7-10,191107-136,2/17/22 12:14,0000-00,0,no battery,V
4/18/22,12:11:53,9,default,199182947,OXY-CH9,22.284,min,271.528,µmol/L,Humid,17.497,deg,88501,µV,28.804,°C,1017,hPa,35.3,pmil,0,55.4,deg,20,°C,100,%a.s.,22.63,deg,20,°C,972,hPa,0.816,-0.01371,0.000397,-0.00013,0,10.11,Humid,22.75,0,51,240799.3,SABD0000000001,AAV1.0.0.11,1.1.2.0,PSt7-10,191107-136,2/17/22 12:14,0000-00,0,no battery,V
4/18/22,12:11:54,9,default,199182947,OXY-CH9,22.301,min,271.641,µmol/L,Humid,17.492,deg,88506,µV,28.806,°C,1017,hPa,35.3,pmil,0,55.4,deg,20,°C,100,%a.s.,22.63,deg,20,°C,972,hPa,0.816,-0.01371,0.000397,-0.00013,0,10.11,Humid,22.75,0,51,240808.15,SABD0000000001,AAV1.0.0.11,1.1.2.0,PSt7-10,191107-136,2/17/22 12:14,0000-00,0,no battery,V
4/18/22,12:11:55,9,default,199182947,OXY-CH9,22.318,min,271.718,µmol/L,Humid,17.492,deg,88513,µV,28.797,°C,1017,hPa,35.3,pmil,0,55.4,deg,20,°C,100,%a.s.,22.63,deg,20,°C,972,hPa,0.816,-0.01371,0.000397,-0.00013,0,10.11,Humid,22.75,0,51,240802.34,SABD0000000001,AAV1.0.0.11,1.1.2.0,PSt7-10,191107-136,2/17/22 12:14,0000-00,0,no battery,V
4/18/22,12:11:56,9,default,199182947,OXY-CH9,22.334,min,271.677,µmol/L,Humid,17.493,deg,88508,µV,28.799,°C,1017,hPa,35.3,pmil,0,55.4,deg,20,°C,100,%a.s.,22.63,deg,20,°C,972,hPa,0.816,-0.01371,0.000397,-0.00013,0,10.11,Humid,22.75,0,51,240798.87,SABD0000000001,AAV1.0.0.11,1.1.2.0,PSt7-10,191107-136,2/17/22 12:14,0000-00,0,no battery,V
4/18/22,12:11:57,9,default,199182947,OXY-CH9,22.351,min,271.509,µmol/L,Humid,17.493,deg,88517,µV,28.819,°C,1017,hPa,35.3,pmil,0,55.4,deg,20,°C,100,%a.s.,22.63,deg,20,°C,972,hPa,0.816,-0.01371,0.000397,-0.00013,0,10.11,Humid,22.75,0,51,240807.36,SABD0000000001,AAV1.0.0.11,1.1.2.0,PSt7-10,191107-136,2/17/22 12:14,0000-00,0,no battery,V
4/18/22,12:11:58,9,default,199182947,OXY-CH9,22.368,min,271.503,µmol/L,Humid,17.494,deg,88524,µV,28.817,°C,1017,hPa,35.3,pmil,0,55.4,deg,20,°C,100,%a.s.,22.63,deg,20,°C,972,hPa,0.816,-0.01371,0.000397,-0.00013,0,10.11,Humid,22.75,0,51,240805.7,SABD0000000001,AAV1.0.0.11,1.1.2.0,PSt7-10,191107-136,2/17/22 12:14,0000-00,0,no battery,V
4/18/22,12:11:59,9,default,199182947,OXY-CH9,22.385,min,271.576,µmol/L,Humid,17.495,deg,88514,µV,28.805,°C,1017,hPa,35.3,pmil,0,55.4,deg,20,°C,100,%a.s.,22.63,deg,20,°C,972,hPa,0.816,-0.01371,0.000397,-0.00013,0,10.11,Humid,22.75,0,51,240808.37,SABD0000000001,AAV1.0.0.11,1.1.2.0,PSt7-10,191107-136,2/17/22 12:14,0000-00,0,no battery,V
4/18/22,12:12:00,9,default,199182947,OXY-CH9,22.401,min,271.55,µmol/L,Humid,17.499,deg,88514,µV,28.795,°C,1017,hPa,35.3,pmil,0,55.4,deg,20,°C,100,%a.s.,22.63,deg,20,°C,972,hPa,0.816,-0.01371,0.000397,-0.00013,0,10.11,Humid,22.75,0,51,240818.85,SABD0000000001,AAV1.0.0.11,1.1.2.0,PSt7-10,191107-136,2/17/22 12:14,0000-00,0,no battery,V
4/18/22,12:12:01,9,default,199182947,OXY-CH9,22.417,min,271.657,µmol/L,Humid,17.494,deg,88524,µV,28.798,°C,1017,hPa,35.3,pmil,0,55.4,deg,20,°C,100,%a.s.,22.63,deg,20,°C,972,hPa,0.816,-0.01371,0.000397,-0.00013,0,10.11,Humid,22.75,0,51,240805.51,SABD0000000001,AAV1.0.0.11,1.1.2.0,PSt7-10,191107-136,2/17/22 12:14,0000-00,0,no battery,V
4/18/22,12:12:02,9,default,199182947,OXY-CH9,22.434,min,271.45,µmol/L,Humid,17.5,deg,88532,µV,28.804,°C,1017,hPa,35.3,pmil,0,55.4,deg,20,°C,100,%a.s.,22.63,deg,20,°C,972,hPa,0.816,-0.01371,0.000397,-0.00013,0,10.11,Humid,22.75,0,51,240809.12,SABD0000000001,AAV1.0.0.11,1.1.2.0,PSt7-10,191107-136,2/17/22 12:14,0000-00,0,no battery,V
4/18/22,12:12:03,9,default,199182947,OXY-CH9,22.451,min,271.524,µmol/L,Humid,17.497,deg,88535,µV,28.804,°C,1017,hPa,35.3,pmil,0,55.4,deg,20,°C,100,%a.s.,22.63,deg,20,°C,972,hPa,0.816,-0.01371,0.000397,-0.00013,0,10.11,Humid,22.75,0,51,240798.87,SABD0000000001,AAV1.0.0.11,1.1.2.0,PSt7-10,191107-136,2/17/22 12:14,0000-00,0,no battery,V
4/18/22,12:12:04,9,default,199182947,OXY-CH9,22.467,min,271.428,µmol/L,Humid,17.501,deg,88528,µV,28.803,°C,1017,hPa,35.3,pmil,0,55.4,deg,20,°C,100,%a.s.,22.63,deg,20,°C,972,hPa,0.816,-0.01371,0.000397,-0.00013,0,10.11,Humid,22.75,0,51,240798.47,SABD0000000001,AAV1.0.0.11,1.1.2.0,PSt7-10,191107-136,2/17/22 12:14,0000-00,0,no battery,V
4/18/22,12:12:05,9,default,199182947,OXY-CH9,22.484,min,271.533,µmol/L,Humid,17.5,deg,88539,µV,28.794,°C,1017,hPa,35.3,pmil,0,55.4,deg,20,°C,100,%a.s.,22.63,deg,20,°C,972,hPa,0.816,-0.01371,0.000397,-0.00013,0,10.11,Humid,22.75,0,51,240805.76,SABD0000000001,AAV1.0.0.11,1.1.2.0,PSt7-10,191107-136,2/17/22 12:14,0000-00,0,no battery,V
4/18/22,12:12:06,9,default,199182947,OXY-CH9,22.501,min,271.553,µmol/L,Humid,17.498,deg,88554,µV,28.798,°C,1017,hPa,35.3,pmil,0,55.4,deg,20,°C,100,%a.s.,22.63,deg,20,°C,972,hPa,0.816,-0.01371,0.000397,-0.00013,0,10.11,Humid,22.75,0,51,240809.37,SABD0000000001,AAV1.0.0.11,1.1.2.0,PSt7-10,191107-136,2/17/22 12:14,0000-00,0,no battery,V
4/18/22,12:12:07,9,default,199182947,OXY-CH9,22.518,min,271.361,µmol/L,Humid,17.501,deg,88549,µV,28.811,°C,1017,hPa,35.3,pmil,0,55.4,deg,20,°C,100,%a.s.,22.63,deg,20,°C,972,hPa,0.816,-0.01371,0.000397,-0.00013,0,10.11,Humid,22.75,0,51,240799.02,SABD0000000001,AAV1.0.0.11,1.1.2.0,PSt7-10,191107-136,2/17/22 12:14,0000-00,0,no battery,V
4/18/22,12:12:08,9,default,199182947,OXY-CH9,22.534,min,271.343,µmol/L,Humid,17.502,deg,88546,µV,28.81,°C,1017,hPa,35.3,pmil,0,55.4,deg,20,°C,100,%a.s.,22.63,deg,20,°C,972,hPa,0.816,-0.01371,0.000397,-0.00013,0,10.11,Humid,22.75,0,51,240805.9,SABD0000000001,AAV1.0.0.11,1.1.2.0,PSt7-10,191107-136,2/17/22 12:14,0000-00,0,no battery,V
4/18/22,12:12:09,9,default,199182947,OXY-CH9,22.551,min,271.232,µmol/L,Humid,17.507,deg,88544,µV,28.808,°C,1017,hPa,35.3,pmil,0,55.4,deg,20,°C,100,%a.s.,22.63,deg,20,°C,972,hPa,0.816,-0.01371,0.000397,-0.00013,0,10.11,Humid,22.75,0,51,240798.2,SABD0000000001,AAV1.0.0.11,1.1.2.0,PSt7-10,191107-136,2/17/22 12:14,0000-00,0,no battery,V
4/18/22,12:12:10,9,default,199182947,OXY-CH9,22.568,min,271.367,µmol/L,Humid,17.501,deg,88551,µV,28.811,°C,1017,hPa,35.3,pmil,0,55.4,deg,20,°C,100,%a.s.,22.63,deg,20,°C,972,hPa,0.816,-0.01371,0.000397,-0.00013,0,10.11,Humid,22.75,0,51,240798.86,SABD0000000001,AAV1.0.0.11,1.1.2.0,PSt7-10,191107-136,2/17/22 12:14,0000-00,0,no battery,V
4/18/22,12:12:11,9,default,199182947,OXY-CH9,22.584,min,271.324,µmol/L,Humid,17.503,deg,88556,µV,28.809,°C,1017,hPa,35.3,pmil,0,55.4,deg,20,°C,100,%a.s.,22.63,deg,20,°C,972,hPa,0.816,-0.01371,0.000397,-0.00013,0,10.11,Humid,22.75,0,51,240811.14,SABD0000000001,AAV1.0.0.11,1.1.2.0,PSt7-10,191107-136,2/17/22 12:14,0000-00,0,no battery,V
4/18/22,12:12:12,9,default,199182947,OXY-CH9,22.6,min,271.449,µmol/L,Humid,17.502,deg,88556,µV,28.798,°C,1017,hPa,35.3,pmil,0,55.4,deg,20,°C,100,%a.s.,22.63,deg,20,°C,972,hPa,0.816,-0.01371,0.000397,-0.00013,0,10.11,Humid,22.75,0,51,240818.03,SABD0000000001,AAV1.0.0.11,1.1.2.0,PSt7-10,191107-136,2/17/22 12:14,0000-00,0,no battery,V
4/18/22,12:12:13,9,default,199182947,OXY-CH9,22.617,min,271.381,µmol/L,Humid,17.503,deg,88564,µV,28.803,°C,1017,hPa,35.3,pmil,0,55.4,deg,20,°C,100,%a.s.,22.63,deg,20,°C,972,hPa,0.816,-0.01371,0.000397,-0.00013,0,10.11,Humid,22.75,0,51,240815.61,SABD0000000001,AAV1.0.0.11,1.1.2.0,PSt7-10,191107-136,2/17/22 12:14,0000-00,0,no battery,V
4/18/22,12:12:14,9,default,199182947,OXY-CH9,22.634,min,271.36,µmol/L,Humid,17.508,deg,88561,µV,28.789,°C,1017,hPa,35.3,pmil,0,55.4,deg,20,°C,100,%a.s.,22.63,deg,20,°C,972,hPa,0.816,-0.01371,0.000397,-0.00013,0,10.11,Humid,22.75,0,51,240807.06,SABD0000000001,AAV1.0.0.11,1.1.2.0,PSt7-10,191107-136,2/17/22 12:14,0000-00,0,no battery,V
4/18/22,12:12:15,9,default,199182947,OXY-CH9,22.651,min,271.408,µmol/L,Humid,17.504,deg,88561,µV,28.796,°C,1017,hPa,35.3,pmil,0,55.4,deg,20,°C,100,%a.s.,22.63,deg,20,°C,972,hPa,0.816,-0.01371,0.000397,-0.00013,0,10.11,Humid,22.75,0,51,240804.24,SABD0000000001,AAV1.0.0.11,1.1.2.0,PSt7-10,191107-136,2/17/22 12:14,0000-00,0,no battery,V
4/18/22,12:12:16,9,default,199182947,OXY-CH9,22.667,min,271.457,µmol/L,Humid,17.502,deg,88562,µV,28.797,°C,1017,hPa,35.3,pmil,0,55.4,deg,20,°C,100,%a.s.,22.63,deg,20,°C,972,hPa,0.816,-0.01371,0.000397,-0.00013,0,10.11,Humid,22.75,0,51,240812.15,SABD0000000001,AAV1.0.0.11,1.1.2.0,PSt7-10,191107-136,2/17/22 12:14,0000-00,0,no battery,V
4/18/22,12:12:17,9,default,199182947,OXY-CH9,22.684,min,271.186,µmol/L,Humid,17.508,deg,88576,µV,28.81,°C,1017,hPa,35.3,pmil,0,55.4,deg,20,°C,100,%a.s.,22.63,deg,20,°C,972,hPa,0.816,-0.01371,0.000397,-0.00013,0,10.11,Humid,22.75,0,51,240817.82,SABD0000000001,AAV1.0.0.11,1.1.2.0,PSt7-10,191107-136,2/17/22 12:14,0000-00,0,no battery,V
4/18/22,12:12:18,9,default,199182947,OXY-CH9,22.701,min,271.281,µmol/L,Humid,17.505,deg,88575,µV,28.808,°C,1017,hPa,35.3,pmil,0,55.4,deg,20,°C,100,%a.s.,22.63,deg,20,°C,972,hPa,0.816,-0.01371,0.000397,-0.00013,0,10.11,Humid,22.75,0,51,240815.36,SABD0000000001,AAV1.0.0.11,1.1.2.0,PSt7-10,191107-136,2/17/22 12:14,0000-00,0,no battery,V
4/18/22,12:12:19,9,default,199182947,OXY-CH9,22.718,min,271.222,µmol/L,Humid,17.511,deg,88571,µV,28.796,°C,1017,hPa,35.3,pmil,0,55.4,deg,20,°C,100,%a.s.,22.63,deg,20,°C,972,hPa,0.816,-0.01371,0.000397,-0.00013,0,10.11,Humid,22.75,0,51,240819.67,SABD0000000001,AAV1.0.0.11,1.1.2.0,PSt7-10,191107-136,2/17/22 12:14,0000-00,0,no battery,V
4/18/22,12:12:20,9,default,199182947,OXY-CH9,22.735,min,271.166,µmol/L,Humid,17.513,deg,88573,µV,28.797,°C,1017,hPa,35.3,pmil,0,55.4,deg,20,°C,100,%a.s.,22.63,deg,20,°C,972,hPa,0.816,-0.01371,0.000397,-0.00013,0,10.11,Humid,22.75,0,51,240801.55,SABD0000000001,AAV1.0.0.11,1.1.2.0,PSt7-10,191107-136,2/17/22 12:14,0000-00,0,no battery,V
4/18/22,12:12:21,9,default,199182947,OXY-CH9,22.751,min,271.382,µmol/L,Humid,17.506,deg,88573,µV,28.793,°C,1017,hPa,35.3,pmil,0,55.4,deg,20,°C,100,%a.s.,22.63,deg,20,°C,972,hPa,0.816,-0.01371,0.000397,-0.00013,0,10.11,Humid,22.75,0,51,240805.05,SABD0000000001,AAV1.0.0.11,1.1.2.0,PSt7-10,191107-136,2/17/22 12:14,0000-00,0,no battery,V
4/18/22,12:12:22,9,default,199182947,OXY-CH9,22.767,min,271.404,µmol/L,Humid,17.505,deg,88577,µV,28.794,°C,1017,hPa,35.3,pmil,0,55.4,deg,20,°C,100,%a.s.,22.63,deg,20,°C,972,hPa,0.816,-0.01371,0.000397,-0.00013,0,10.11,Humid,22.75,0,51,240813.24,SABD0000000001,AAV1.0.0.11,1.1.2.0,PSt7-10,191107-136,2/17/22 12:14,0000-00,0,no battery,V
4/18/22,12:12:23,9,default,199182947,OXY-CH9,22.784,min,271.25,µmol/L,Humid,17.509,deg,88583,µV,28.799,°C,1017,hPa,35.3,pmil,0,55.4,deg,20,°C,100,%a.s.,22.63,deg,20,°C,972,hPa,0.816,-0.01371,0.000397,-0.00013,0,10.11,Humid,22.75,0,51,240805.83,SABD0000000001,AAV1.0.0.11,1.1.2.0,PSt7-10,191107-136,2/17/22 12:14,0000-00,0,no battery,V
4/18/22,12:12:24,9,default,199182947,OXY-CH9,22.801,min,271.142,µmol/L,Humid,17.512,deg,88588,µV,28.803,°C,1017,hPa,35.3,pmil,0,55.4,deg,20,°C,100,%a.s.,22.63,deg,20,°C,972,hPa,0.816,-0.01371,0.000397,-0.00013,0,10.11,Humid,22.75,0,51,240817.57,SABD0000000001,AAV1.0.0.11,1.1.2.0,PSt7-10,191107-136,2/17/22 12:14,0000-00,0,no battery,V
4/18/22,12:12:25,9,default,199182947,OXY-CH9,22.817,min,271.152,µmol/L,Humid,17.514,deg,88588,µV,28.795,°C,1017,hPa,35.3,pmil,0,55.4,deg,20,°C,100,%a.s.,22.63,deg,20,°C,972,hPa,0.816,-0.01371,0.000397,-0.00013,0,10.11,Humid,22.75,0,51,240813.61,SABD0000000001,AAV1.0.0.11,1.1.2.0,PSt7-10,191107-136,2/17/22 12:14,0000-00,0,no battery,V
4/18/22,12:12:26,9,default,199182947,OXY-CH9,22.834,min,271.16,µmol/L,Humid,17.51,deg,88590,µV,28.807,°C,1017,hPa,35.3,pmil,0,55.4,deg,20,°C,100,%a.s.,22.63,deg,20,°C,972,hPa,0.816,-0.01371,0.000397,-0.00013,0,10.11,Humid,22.75,0,51,240823.68,SABD0000000001,AAV1.0.0.11,1.1.2.0,PSt7-10,191107-136,2/17/22 12:14,0000-00,0,no battery,V
4/18/22,12:12:27,9,default,199182947,OXY-CH9,22.851,min,271.165,µmol/L,Humid,17.51,deg,88598,µV,28.806,°C,1017,hPa,35.3,pmil,0,55.4,deg,20,°C,100,%a.s.,22.63,deg,20,°C,972,hPa,0.816,-0.01371,0.000397,-0.00013,0,10.11,Humid,22.75,0,51,240819.79,SABD0000000001,AAV1.0.0.11,1.1.2.0,PSt7-10,191107-136,2/17/22 12:14,0000-00,0,no battery,V
4/18/22,12:12:28,9,default,199182947,OXY-CH9,22.868,min,271.184,µmol/L,Humid,17.509,deg,88600,µV,28.807,°C,1017,hPa,35.3,pmil,0,55.4,deg,20,°C,100,%a.s.,22.63,deg,20,°C,972,hPa,0.816,-0.01371,0.000397,-0.00013,0,10.11,Humid,22.75,0,51,240818.77,SABD0000000001,AAV1.0.0.11,1.1.2.0,PSt7-10,191107-136,2/17/22 12:14,0000-00,0,no battery,V
4/18/22,12:12:29,9,default,199182947,OXY-CH9,22.884,min,271.175,µmol/L,Humid,17.512,deg,88598,µV,28.799,°C,1017,hPa,35.3,pmil,0,55.4,deg,20,°C,100,%a.s.,22.63,deg,20,°C,972,hPa,0.816,-0.01371,0.000397,-0.00013,0,10.11,Humid,22.75,0,51,240810.66,SABD0000000001,AAV1.0.0.11,1.1.2.0,PSt7-10,191107-136,2/17/22 12:14,0000-00,0,no battery,V
4/18/22,12:12:30,9,default,199182947,OXY-CH9,22.901,min,271.108,µmol/L,Humid,17.517,deg,88598,µV,28.791,°C,1017,hPa,35.3,pmil,0,55.4,deg,20,°C,100,%a.s.,22.63,deg,20,°C,972,hPa,0.816,-0.01371,0.000397,-0.00013,0,10.11,Humid,22.75,0,51,240823.1,SABD0000000001,AAV1.0.0.11,1.1.2.0,PSt7-10,191107-136,2/17/22 12:14,0000-00,0,no battery,V
4/18/22,12:12:31,9,default,199182947,OXY-CH9,22.918,min,271.066,µmol/L,Humid,17.516,deg,88602,µV,28.799,°C,1017,hPa,35.3,pmil,0,55.4,deg,20,°C,100,%a.s.,22.63,deg,20,°C,972,hPa,0.816,-0.01371,0.000397,-0.00013,0,10.11,Humid,22.75,0,51,240818.4,SABD0000000001,AAV1.0.0.11,1.1.2.0,PSt7-10,191107-136,2/17/22 12:14,0000-00,0,no battery,V
4/18/22,12:12:32,9,default,199182947,OXY-CH9,22.934,min,271.098,µmol/L,Humid,17.517,deg,88606,µV,28.792,°C,1017,hPa,35.3,pmil,0,55.4,deg,20,°C,100,%a.s.,22.63,deg,20,°C,972,hPa,0.816,-0.01371,0.000397,-0.00013,0,10.11,Humid,22.75,0,51,240820.24,SABD0000000001,AAV1.0.0.11,1.1.2.0,PSt7-10,191107-136,2/17/22 12:14,0000-00,0,no battery,V
4/18/22,12:12:33,9,default,199182947,OXY-CH9,22.951,min,271.102,µmol/L,Humid,17.517,deg,88609,µV,28.792,°C,1017,hPa,35.3,pmil,0,55.4,deg,20,°C,100,%a.s.,22.63,deg,20,°C,972,hPa,0.816,-0.01371,0.000397,-0.00013,0,10.11,Humid,22.75,0,51,240817.08,SABD0000000001,AAV1.0.0.11,1.1.2.0,PSt7-10,191107-136,2/17/22 12:14,0000-00,0,no battery,V
4/18/22,12:12:34,9,default,199182947,OXY-CH9,22.967,min,271.254,µmol/L,Humid,17.514,deg,88617,µV,28.783,°C,1017,hPa,35.3,pmil,0,55.4,deg,20,°C,100,%a.s.,22.63,deg,20,°C,972,hPa,0.816,-0.01371,0.000397,-0.00013,0,10.11,Humid,22.75,0,51,240824.33,SABD0000000001,AAV1.0.0.11,1.1.2.0,PSt7-10,191107-136,2/17/22 12:14,0000-00,0,no battery,V
4/18/22,12:12:35,9,default,199182947,OXY-CH9,22.984,min,271.232,µmol/L,Humid,17.514,deg,88617,µV,28.786,°C,1017,hPa,35.3,pmil,0,55.4,deg,20,°C,100,%a.s.,22.63,deg,20,°C,972,hPa,0.816,-0.01371,0.000397,-0.00013,0,10.11,Humid,22.75,0,51,240813.83,SABD0000000001,AAV1.0.0.11,1.1.2.0,PSt7-10,191107-136,2/17/22 12:14,0000-00,0,no battery,V
4/18/22,12:12:36,9,default,199182947,OXY-CH9,23.001,min,271.002,µmol/L,Humid,17.515,deg,88616,µV,28.81,°C,1017,hPa,35.3,pmil,0,55.4,deg,20,°C,100,%a.s.,22.63,deg,20,°C,972,hPa,0.816,-0.01371,0.000397,-0.00013,0,10.11,Humid,22.75,0,51,240821.31,SABD0000000001,AAV1.0.0.11,1.1.2.0,PSt7-10,191107-136,2/17/22 12:14,0000-00,0,no battery,V
4/18/22,12:12:37,9,default,199182947,OXY-CH9,23.017,min,271.061,µmol/L,Humid,17.517,deg,88620,µV,28.797,°C,1017,hPa,35.3,pmil,0,55.4,deg,20,°C,100,%a.s.,22.63,deg,20,°C,972,hPa,0.816,-0.01371,0.000397,-0.00013,0,10.11,Humid,22.75,0,51,240807.58,SABD0000000001,AAV1.0.0.11,1.1.2.0,PSt7-10,191107-136,2/17/22 12:14,0000-00,0,no battery,V
4/18/22,12:12:38,9,default,199182947,OXY-CH9,23.034,min,270.887,µmol/L,Humid,17.524,deg,88617,µV,28.796,°C,1017,hPa,35.3,pmil,0,55.4,deg,20,°C,100,%a.s.,22.63,deg,20,°C,972,hPa,0.816,-0.01371,0.000397,-0.00013,0,10.11,Humid,22.75,0,51,240823.13,SABD0000000001,AAV1.0.0.11,1.1.2.0,PSt7-10,191107-136,2/17/22 12:14,0000-00,0,no battery,V
4/18/22,12:12:39,9,default,199182947,OXY-CH9,23.051,min,270.902,µmol/L,Humid,17.521,deg,88628,µV,28.803,°C,1017,hPa,35.3,pmil,0,55.4,deg,20,°C,100,%a.s.,22.63,deg,20,°C,972,hPa,0.816,-0.01371,0.000397,-0.00013,0,10.11,Humid,22.75,0,51,240819.84,SABD0000000001,AAV1.0.0.11,1.1.2.0,PSt7-10,191107-136,2/17/22 12:14,0000-00,0,no battery,V
4/18/22,12:12:40,9,default,199182947,OXY-CH9,23.067,min,270.915,µmol/L,Humid,17.516,deg,88629,µV,28.818,°C,1017,hPa,35.3,pmil,0,55.4,deg,20,°C,100,%a.s.,22.63,deg,20,°C,972,hPa,0.816,-0.01371,0.000397,-0.00013,0,10.11,Humid,22.75,0,51,240816.84,SABD0000000001,AAV1.0.0.11,1.1.2.0,PSt7-10,191107-136,2/17/22 12:14,0000-00,0,no battery,V
4/18/22,12:12:41,9,default,199182947,OXY-CH9,23.084,min,270.934,µmol/L,Humid,17.523,deg,88632,µV,28.793,°C,1017,hPa,35.3,pmil,0,55.4,deg,20,°C,100,%a.s.,22.63,deg,20,°C,972,hPa,0.816,-0.01371,0.000397,-0.00013,0,10.11,Humid,22.75,0,51,240827.91,SABD0000000001,AAV1.0.0.11,1.1.2.0,PSt7-10,191107-136,2/17/22 12:14,0000-00,0,no battery,V
4/18/22,12:12:42,9,default,199182947,OXY-CH9,23.101,min,270.836,µmol/L,Humid,17.524,deg,88641,µV,28.802,°C,1017,hPa,35.3,pmil,0,55.4,deg,20,°C,100,%a.s.,22.63,deg,20,°C,972,hPa,0.816,-0.01371,0.000397,-0.00013,0,10.11,Humid,22.75,0,51,240826.19,SABD0000000001,AAV1.0.0.11,1.1.2.0,PSt7-10,191107-136,2/17/22 12:14,0000-00,0,no battery,V
4/18/22,12:12:43,9,default,199182947,OXY-CH9,23.118,min,270.94,µmol/L,Humid,17.522,deg,88634,µV,28.796,°C,1017,hPa,35.3,pmil,0,55.4,deg,20,°C,100,%a.s.,22.63,deg,20,°C,972,hPa,0.816,-0.01371,0.000397,-0.00013,0,10.11,Humid,22.75,0,51,240826.07,SABD0000000001,AAV1.0.0.11,1.1.2.0,PSt7-10,191107-136,2/17/22 12:14,0000-00,0,no battery,V
4/18/22,12:12:44,9,default,199182947,OXY-CH9,23.135,min,270.87,µmol/L,Humid,17.523,deg,88643,µV,28.801,°C,1017,hPa,35.3,pmil,0,55.4,deg,20,°C,100,%a.s.,22.63,deg,20,°C,972,hPa,0.816,-0.01371,0.000397,-0.00013,0,10.11,Humid,22.75,0,51,240825.9,SABD0000000001,AAV1.0.0.11,1.1.2.0,PSt7-10,191107-136,2/17/22 12:14,0000-00,0,no battery,V
4/18/22,12:12:45,9,default,199182947,OXY-CH9,23.151,min,270.859,µmol/L,Humid,17.523,deg,88647,µV,28.802,°C,1017,hPa,35.3,pmil,0,55.4,deg,20,°C,100,%a.s.,22.63,deg,20,°C,972,hPa,0.816,-0.01371,0.000397,-0.00013,0,10.11,Humid,22.75,0,51,240835.03,SABD0000000001,AAV1.0.0.11,1.1.2.0,PSt7-10,191107-136,2/17/22 12:14,0000-00,0,no battery,V
4/18/22,12:12:46,9,default,199182947,OXY-CH9,23.167,min,270.873,µmol/L,Humid,17.524,deg,88650,µV,28.797,°C,1017,hPa,35.3,pmil,0,55.4,deg,20,°C,100,%a.s.,22.63,deg,20,°C,972,hPa,0.816,-0.01371,0.000397,-0.00013,0,10.11,Humid,22.75,0,51,240824.51,SABD0000000001,AAV1.0.0.11,1.1.2.0,PSt7-10,191107-136,2/17/22 12:14,0000-00,0,no battery,V
4/18/22,12:12:47,9,default,199182947,OXY-CH9,23.184,min,270.917,µmol/L,Humid,17.527,deg,88654,µV,28.782,°C,1017,hPa,35.3,pmil,0,55.4,deg,20,°C,100,%a.s.,22.63,deg,20,°C,972,hPa,0.816,-0.01371,0.000397,-0.00013,0,10.11,Humid,22.75,0,51,240831.24,SABD0000000001,AAV1.0.0.11,1.1.2.0,PSt7-10,191107-136,2/17/22 12:14,0000-00,0,no battery,V
4/18/22,12:12:48,9,default,199182947,OXY-CH9,23.201,min,270.882,µmol/L,Humid,17.526,deg,88650,µV,28.79,°C,1017,hPa,35.3,pmil,0,55.4,deg,20,°C,100,%a.s.,22.63,deg,20,°C,972,hPa,0.816,-0.01371,0.000397,-0.00013,0,10.11,Humid,22.75,0,51,240830.13,SABD0000000001,AAV1.0.0.11,1.1.2.0,PSt7-10,191107-136,2/17/22 12:14,0000-00,0,no battery,V
4/18/22,12:12:49,9,default,199182947,OXY-CH9,23.217,min,270.822,µmol/L,Humid,17.529,deg,88650,µV,28.788,°C,1017,hPa,35.3,pmil,0,55.4,deg,20,°C,100,%a.s.,22.63,deg,20,°C,972,hPa,0.816,-0.01371,0.000397,-0.00013,0,10.11,Humid,22.75,0,51,240819.78,SABD0000000001,AAV1.0.0.11,1.1.2.0,PSt7-10,191107-136,2/17/22 12:14,0000-00,0,no battery,V
4/18/22,12:12:50,9,default,199182947,OXY-CH9,23.234,min,270.808,µmol/L,Humid,17.527,deg,88657,µV,28.796,°C,1017,hPa,35.3,pmil,0,55.4,deg,20,°C,100,%a.s.,22.63,deg,20,°C,972,hPa,0.816,-0.01371,0.000397,-0.00013,0,10.11,Humid,22.75,0,51,240849.05,SABD0000000001,AAV1.0.0.11,1.1.2.0,PSt7-10,191107-136,2/17/22 12:14,0000-00,0,no battery,V
4/18/22,12:12:51,9,default,199182947,OXY-CH9,23.251,min,270.635,µmol/L,Humid,17.531,deg,88663,µV,28.804,°C,1017,hPa,35.3,pmil,0,55.4,deg,20,°C,100,%a.s.,22.63,deg,20,°C,972,hPa,0.816,-0.01371,0.000397,-0.00013,0,10.11,Humid,22.75,0,51,240834.61,SABD0000000001,AAV1.0.0.11,1.1.2.0,PSt7-10,191107-136,2/17/22 12:14,0000-00,0,no battery,V
4/18/22,12:12:52,9,default,199182947,OXY-CH9,23.267,min,270.875,µmol/L,Humid,17.527,deg,88675,µV,28.787,°C,1017,hPa,35.3,pmil,0,55.4,deg,20,°C,100,%a.s.,22.63,deg,20,°C,972,hPa,0.816,-0.01371,0.000397,-0.00013,0,10.11,Humid,22.75,0,51,240837.52,SABD0000000001,AAV1.0.0.11,1.1.2.0,PSt7-10,191107-136,2/17/22 12:14,0000-00,0,no battery,V
4/18/22,12:12:53,9,default,199182947,OXY-CH9,23.284,min,270.873,µmol/L,Humid,17.527,deg,88670,µV,28.788,°C,1017,hPa,35.3,pmil,0,55.4,deg,20,°C,100,%a.s.,22.63,deg,20,°C,972,hPa,0.816,-0.01371,0.000397,-0.00013,0,10.11,Humid,22.75,0,51,240820.41,SABD0000000001,AAV1.0.0.11,1.1.2.0,PSt7-10,191107-136,2/17/22 12:14,0000-00,0,no battery,V
4/18/22,12:12:54,9,default,199182947,OXY-CH9,23.301,min,270.694,µmol/L,Humid,17.53,deg,88683,µV,28.8,°C,1017,hPa,35.3,pmil,0,55.4,deg,20,°C,100,%a.s.,22.63,deg,20,°C,972,hPa,0.816,-0.01371,0.000397,-0.00013,0,10.11,Humid,22.75,0,51,240829.43,SABD0000000001,AAV1.0.0.11,1.1.2.0,PSt7-10,191107-136,2/17/22 12:14,0000-00,0,no battery,V
4/18/22,12:12:55,9,default,199182947,OXY-CH9,23.318,min,270.737,µmol/L,Humid,17.528,deg,88680,µV,28.801,°C,1017,hPa,35.3,pmil,0,55.4,deg,20,°C,100,%a.s.,22.63,deg,20,°C,972,hPa,0.816,-0.01371,0.000397,-0.00013,0,10.11,Humid,22.75,0,51,240827.03,SABD0000000001,AAV1.0.0.11,1.1.2.0,PSt7-10,191107-136,2/17/22 12:14,0000-00,0,no battery,V
4/18/22,12:12:56,9,default,199182947,OXY-CH9,23.334,min,270.732,µmol/L,Humid,17.528,deg,88682,µV,28.802,°C,1017,hPa,35.3,pmil,0,55.4,deg,20,°C,100,%a.s.,22.63,deg,20,°C,972,hPa,0.816,-0.01371,0.000397,-0.00013,0,10.11,Humid,22.75,0,51,240831.26,SABD0000000001,AAV1.0.0.11,1.1.2.0,PSt7-10,191107-136,2/17/22 12:14,0000-00,0,no battery,V
4/18/22,12:12:57,9,default,199182947,OXY-CH9,23.351,min,270.724,µmol/L,Humid,17.531,deg,88686,µV,28.793,°C,1017,hPa,35.3,pmil,0,55.4,deg,20,°C,100,%a.s.,22.63,deg,20,°C,972,hPa,0.816,-0.01371,0.000397,-0.00013,0,10.11,Humid,22.75,0,51,240835.43,SABD0000000001,AAV1.0.0.11,1.1.2.0,PSt7-10,191107-136,2/17/22 12:14,0000-00,0,no battery,V
4/18/22,12:12:58,9,default,199182947,OXY-CH9,23.368,min,270.718,µmol/L,Humid,17.534,deg,88690,µV,28.784,°C,1017,hPa,35.3,pmil,0,55.4,deg,20,°C,100,%a.s.,22.63,deg,20,°C,972,hPa,0.816,-0.01371,0.000397,-0.00013,0,10.11,Humid,22.75,0,51,240835.74,SABD0000000001,AAV1.0.0.11,1.1.2.0,PSt7-10,191107-136,2/17/22 12:14,0000-00,0,no battery,V
4/18/22,12:12:59,9,default,199182947,OXY-CH9,23.384,min,270.614,µmol/L,Humid,17.534,deg,88700,µV,28.797,°C,1017,hPa,35.3,pmil,0,55.4,deg,20,°C,100,%a.s.,22.63,deg,20,°C,972,hPa,0.816,-0.01371,0.000397,-0.00013,0,10.11,Humid,22.75,0,51,240840.7,SABD0000000001,AAV1.0.0.11,1.1.2.0,PSt7-10,191107-136,2/17/22 12:14,0000-00,0,no battery,V
4/18/22,12:13:00,9,default,199182947,OXY-CH9,23.4,min,270.616,µmol/L,Humid,17.534,deg,88694,µV,28.797,°C,1017,hPa,35.3,pmil,0,55.4,deg,20,°C,100,%a.s.,22.63,deg,20,°C,972,hPa,0.816,-0.01371,0.000397,-0.00013,0,10.11,Humid,22.75,0,51,240829.61,SABD0000000001,AAV1.0.0.11,1.1.2.0,PSt7-10,191107-136,2/17/22 12:14,0000-00,0,no battery,V
4/18/22,12:13:01,9,default,199182947,OXY-CH9,23.417,min,270.637,µmol/L,Humid,17.536,deg,88706,µV,28.788,°C,1017,hPa,35.3,pmil,0,55.4,deg,20,°C,100,%a.s.,22.63,deg,20,°C,972,hPa,0.816,-0.01371,0.000397,-0.00013,0,10.11,Humid,22.75,0,51,240832.36,SABD0000000001,AAV1.0.0.11,1.1.2.0,PSt7-10,191107-136,2/17/22 12:14,0000-00,0,no battery,V
4/18/22,12:13:02,9,default,199182947,OXY-CH9,23.434,min,270.554,µmol/L,Humid,17.538,deg,88711,µV,28.791,°C,1017,hPa,35.3,pmil,0,55.4,deg,20,°C,100,%a.s.,22.63,deg,20,°C,972,hPa,0.816,-0.01371,0.000397,-0.00013,0,10.11,Humid,22.75,0,51,240843.39,SABD0000000001,AAV1.0.0.11,1.1.2.0,PSt7-10,191107-136,2/17/22 12:14,0000-00,0,no battery,V
4/18/22,12:13:03,9,default,199182947,OXY-CH9,23.451,min,270.652,µmol/L,Humid,17.532,deg,88722,µV,28.799,°C,1017,hPa,35.3,pmil,0,55.4,deg,20,°C,100,%a.s.,22.63,deg,20,°C,972,hPa,0.816,-0.01371,0.000397,-0.00013,0,10.11,Humid,22.75,0,51,240838.99,SABD0000000001,AAV1.0.0.11,1.1.2.0,PSt7-10,191107-136,2/17/22 12:14,0000-00,0,no battery,V
4/18/22,12:13:04,9,default,199182947,OXY-CH9,23.467,min,270.658,µmol/L,Humid,17.536,deg,88709,µV,28.785,°C,1017,hPa,35.3,pmil,0,55.4,deg,20,°C,100,%a.s.,22.63,deg,20,°C,972,hPa,0.816,-0.01371,0.000397,-0.00013,0,10.11,Humid,22.75,0,51,240829.27,SABD0000000001,AAV1.0.0.11,1.1.2.0,PSt7-10,191107-136,2/17/22 12:14,0000-00,0,no battery,V
4/18/22,12:13:05,9,default,199182947,OXY-CH9,23.484,min,270.551,µmol/L,Humid,17.54,deg,88716,µV,28.785,°C,1017,hPa,35.3,pmil,0,55.4,deg,20,°C,100,%a.s.,22.63,deg,20,°C,972,hPa,0.816,-0.01371,0.000397,-0.00013,0,10.11,Humid,22.75,0,51,240841.65,SABD0000000001,AAV1.0.0.11,1.1.2.0,PSt7-10,191107-136,2/17/22 12:14,0000-00,0,no battery,V
4/18/22,12:13:06,9,default,199182947,OXY-CH9,23.501,min,270.471,µmol/L,Humid,17.542,deg,88721,µV,28.789,°C,1017,hPa,35.3,pmil,0,55.4,deg,20,°C,100,%a.s.,22.63,deg,20,°C,972,hPa,0.816,-0.01371,0.000397,-0.00013,0,10.11,Humid,22.75,0,51,240837.26,SABD0000000001,AAV1.0.0.11,1.1.2.0,PSt7-10,191107-136,2/17/22 12:14,0000-00,0,no battery,V
4/18/22,12:13:07,9,default,199182947,OXY-CH9,23.518,min,270.557,µmol/L,Humid,17.538,deg,88731,µV,28.791,°C,1017,hPa,35.3,pmil,0,55.4,deg,20,°C,100,%a.s.,22.63,deg,20,°C,972,hPa,0.816,-0.01371,0.000397,-0.00013,0,10.11,Humid,22.75,0,51,240847.64,SABD0000000001,AAV1.0.0.11,1.1.2.0,PSt7-10,191107-136,2/17/22 12:14,0000-00,0,no battery,V
4/18/22,12:13:08,9,default,199182947,OXY-CH9,23.534,min,270.642,µmol/L,Humid,17.536,deg,88733,µV,28.787,°C,1017,hPa,35.3,pmil,0,55.4,deg,20,°C,100,%a.s.,22.63,deg,20,°C,972,hPa,0.816,-0.01371,0.000397,-0.00013,0,10.11,Humid,22.75,0,51,240845.5,SABD0000000001,AAV1.0.0.11,1.1.2.0,PSt7-10,191107-136,2/17/22 12:14,0000-00,0,no battery,V
4/18/22,12:13:09,9,default,199182947,OXY-CH9,23.551,min,270.546,µmol/L,Humid,17.539,deg,88741,µV,28.789,°C,1017,hPa,35.3,pmil,0,55.4,deg,20,°C,100,%a.s.,22.63,deg,20,°C,972,hPa,0.816,-0.01371,0.000397,-0.00013,0,10.11,Humid,22.75,0,51,240852.62,SABD0000000001,AAV1.0.0.11,1.1.2.0,PSt7-10,191107-136,2/17/22 12:14,0000-00,0,no battery,V
4/18/22,12:13:10,9,default,199182947,OXY-CH9,23.567,min,270.521,µmol/L,Humid,17.539,deg,88742,µV,28.792,°C,1017,hPa,35.3,pmil,0,55.4,deg,20,°C,100,%a.s.,22.63,deg,20,°C,972,hPa,0.816,-0.01371,0.000397,-0.00013,0,10.11,Humid,22.75,0,51,240864.18,SABD0000000001,AAV1.0.0.11,1.1.2.0,PSt7-10,191107-136,2/17/22 12:14,0000-00,0,no battery,V
4/18/22,12:13:11,9,default,199182947,OXY-CH9,23.584,min,270.63,µmol/L,Humid,17.539,deg,88756,µV,28.779,°C,1017,hPa,35.3,pmil,0,55.4,deg,20,°C,100,%a.s.,22.63,deg,20,°C,972,hPa,0.816,-0.01371,0.000397,-0.00013,0,10.11,Humid,22.75,0,51,240850.45,SABD0000000001,AAV1.0.0.11,1.1.2.0,PSt7-10,191107-136,2/17/22 12:14,0000-00,0,no battery,V
4/18/22,12:13:12,9,default,199182947,OXY-CH9,23.601,min,270.533,µmol/L,Humid,17.543,deg,88758,µV,28.778,°C,1017,hPa,35.3,pmil,0,55.4,deg,20,°C,100,%a.s.,22.63,deg,20,°C,972,hPa,0.816,-0.01371,0.000397,-0.00013,0,10.11,Humid,22.75,0,51,240850.3,SABD0000000001,AAV1.0.0.11,1.1.2.0,PSt7-10,191107-136,2/17/22 12:14,0000-00,0,no battery,V
4/18/22,12:13:13,9,default,199182947,OXY-CH9,23.617,min,270.637,µmol/L,Humid,17.539,deg,88753,µV,28.778,°C,1017,hPa,35.3,pmil,0,55.4,deg,20,°C,100,%a.s.,22.63,deg,20,°C,972,hPa,0.816,-0.01371,0.000397,-0.00013,0,10.11,Humid,22.75,0,51,240850.02,SABD0000000001,AAV1.0.0.11,1.1.2.0,PSt7-10,191107-136,2/17/22 12:14,0000-00,0,no battery,V
4/18/22,12:13:14,9,default,199182947,OXY-CH9,23.634,min,270.376,µmol/L,Humid,17.542,deg,88750,µV,28.8,°C,1017,hPa,35.3,pmil,0,55.4,deg,20,°C,100,%a.s.,22.63,deg,20,°C,972,hPa,0.816,-0.01371,0.000397,-0.00013,0,10.11,Humid,22.75,0,51,240854.64,SABD0000000001,AAV1.0.0.11,1.1.2.0,PSt7-10,191107-136,2/17/22 12:14,0000-00,0,no battery,V
4/18/22,12:13:15,9,default,199182947,OXY-CH9,23.651,min,270.326,µmol/L,Humid,17.542,deg,88759,µV,28.806,°C,1017,hPa,35.3,pmil,0,55.4,deg,20,°C,100,%a.s.,22.63,deg,20,°C,972,hPa,0.816,-0.01371,0.000397,-0.00013,0,10.11,Humid,22.75,0,51,240856.2,SABD0000000001,AAV1.0.0.11,1.1.2.0,PSt7-10,191107-136,2/17/22 12:14,0000-00,0,no battery,V
4/18/22,12:13:16,9,default,199182947,OXY-CH9,23.667,min,270.391,µmol/L,Humid,17.546,deg,88773,µV,28.786,°C,1017,hPa,35.3,pmil,0,55.4,deg,20,°C,100,%a.s.,22.63,deg,20,°C,972,hPa,0.816,-0.01371,0.000397,-0.00013,0,10.11,Humid,22.75,0,51,240850.15,SABD0000000001,AAV1.0.0.11,1.1.2.0,PSt7-10,191107-136,2/17/22 12:14,0000-00,0,no battery,V
4/18/22,12:13:17,9,default,199182947,OXY-CH9,23.684,min,270.52,µmol/L,Humid,17.542,deg,88799,µV,28.783,°C,1017,hPa,35.3,pmil,0,55.4,deg,20,°C,100,%a.s.,22.63,deg,20,°C,972,hPa,0.816,-0.01371,0.000397,-0.00013,0,10.11,Humid,22.75,0,51,240858.14,SABD0000000001,AAV1.0.0.11,1.1.2.0,PSt7-10,191107-136,2/17/22 12:14,0000-00,0,no battery,V
4/18/22,12:13:18,9,default,199182947,OXY-CH9,23.701,min,270.356,µmol/L,Humid,17.548,deg,88775,µV,28.784,°C,1017,hPa,35.3,pmil,0,55.4,deg,20,°C,100,%a.s.,22.63,deg,20,°C,972,hPa,0.816,-0.01371,0.000397,-0.00013,0,10.11,Humid,22.75,0,51,240866.63,SABD0000000001,AAV1.0.0.11,1.1.2.0,PSt7-10,191107-136,2/17/22 12:14,0000-00,0,no battery,V
4/18/22,12:13:19,9,default,199182947,OXY-CH9,23.718,min,270.315,µmol/L,Humid,17.549,deg,88785,µV,28.785,°C,1017,hPa,35.3,pmil,0,55.4,deg,20,°C,100,%a.s.,22.63,deg,20,°C,972,hPa,0.816,-0.01371,0.000397,-0.00013,0,10.11,Humid,22.75,0,51,240864.51,SABD0000000001,AAV1.0.0.11,1.1.2.0,PSt7-10,191107-136,2/17/22 12:14,0000-00,0,no battery,V
4/18/22,12:13:20,9,default,199182947,OXY-CH9,23.734,min,270.322,µmol/L,Humid,17.547,deg,88778,µV,28.791,°C,1017,hPa,35.3,pmil,0,55.4,deg,20,°C,100,%a.s.,22.63,deg,20,°C,972,hPa,0.816,-0.01371,0.000397,-0.00013,0,10.11,Humid,22.75,0,51,240853.67,SABD0000000001,AAV1.0.0.11,1.1.2.0,PSt7-10,191107-136,2/17/22 12:14,0000-00,0,no battery,V
4/18/22,12:13:21,9,default,199182947,OXY-CH9,23.751,min,270.343,µmol/L,Humid,17.545,deg,88784,µV,28.795,°C,1017,hPa,35.3,pmil,0,55.4,deg,20,°C,100,%a.s.,22.63,deg,20,°C,972,hPa,0.816,-0.01371,0.000397,-0.00013,0,10.11,Humid,22.75,0,51,240866.98,SABD0000000001,AAV1.0.0.11,1.1.2.0,PSt7-10,191107-136,2/17/22 12:14,0000-00,0,no battery,V
4/18/22,12:13:22,9,default,199182947,OXY-CH9,23.768,min,270.301,µmol/L,Humid,17.549,deg,88782,µV,28.787,°C,1017,hPa,35.3,pmil,0,55.4,deg,20,°C,100,%a.s.,22.63,deg,20,°C,972,hPa,0.816,-0.01371,0.000397,-0.00013,0,10.11,Humid,22.75,0,51,240863.06,SABD0000000001,AAV1.0.0.11,1.1.2.0,PSt7-10,191107-136,2/17/22 12:14,0000-00,0,no battery,V
4/18/22,12:13:23,9,default,199182947,OXY-CH9,23.785,min,270.18,µmol/L,Humid,17.552,deg,88790,µV,28.792,°C,1017,hPa,35.3,pmil,0,55.4,deg,20,°C,100,%a.s.,22.63,deg,20,°C,972,hPa,0.816,-0.01371,0.000397,-0.00013,0,10.11,Humid,22.75,0,51,240865.32,SABD0000000001,AAV1.0.0.11,1.1.2.0,PSt7-10,191107-136,2/17/22 12:14,0000-00,0,no battery,V
4/18/22,12:13:24,9,default,199182947,OXY-CH9,23.801,min,270.277,µmol/L,Humid,17.549,deg,88788,µV,28.79,°C,1017,hPa,35.3,pmil,0,55.4,deg,20,°C,100,%a.s.,22.63,deg,20,°C,972,hPa,0.816,-0.01371,0.000397,-0.00013,0,10.11,Humid,22.75,0,51,240857.79,SABD0000000001,AAV1.0.0.11,1.1.2.0,PSt7-10,191107-136,2/17/22 12:14,0000-00,0,no battery,V
4/18/22,12:13:25,9,default,199182947,OXY-CH9,23.817,min,270.428,µmol/L,Humid,17.545,deg,88796,µV,28.784,°C,1017,hPa,35.3,pmil,0,55.4,deg,20,°C,100,%a.s.,22.63,deg,20,°C,972,hPa,0.816,-0.01371,0.000397,-0.00013,0,10.11,Humid,22.75,0,51,240857.43,SABD0000000001,AAV1.0.0.11,1.1.2.0,PSt7-10,191107-136,2/17/22 12:14,0000-00,0,no battery,V
4/18/22,12:13:26,9,default,199182947,OXY-CH9,23.834,min,270.208,µmol/L,Humid,17.55,deg,88794,µV,28.795,°C,1017,hPa,35.3,pmil,0,55.4,deg,20,°C,100,%a.s.,22.63,deg,20,°C,972,hPa,0.816,-0.01371,0.000397,-0.00013,0,10.11,Humid,22.75,0,51,240873.66,SABD0000000001,AAV1.0.0.11,1.1.2.0,PSt7-10,191107-136,2/17/22 12:14,0000-00,0,no battery,V
4/18/22,12:13:27,9,default,199182947,OXY-CH9,23.851,min,270.108,µmol/L,Humid,17.555,deg,88806,µV,28.792,°C,1017,hPa,35.3,pmil,0,55.4,deg,20,°C,100,%a.s.,22.63,deg,20,°C,972,hPa,0.816,-0.01371,0.000397,-0.00013,0,10.11,Humid,22.75,0,51,240869.63,SABD0000000001,AAV1.0.0.11,1.1.2.0,PSt7-10,191107-136,2/17/22 12:14,0000-00,0,no battery,V
4/18/22,12:13:28,9,default,199182947,OXY-CH9,23.867,min,270.145,µmol/L,Humid,17.554,deg,88809,µV,28.79,°C,1017,hPa,35.3,pmil,0,55.4,deg,20,°C,100,%a.s.,22.63,deg,20,°C,972,hPa,0.816,-0.01371,0.000397,-0.00013,0,10.11,Humid,22.75,0,51,240875.85,SABD0000000001,AAV1.0.0.11,1.1.2.0,PSt7-10,191107-136,2/17/22 12:14,0000-00,0,no battery,V
4/18/22,12:13:29,9,default,199182947,OXY-CH9,23.884,min,270.203,µmol/L,Humid,17.555,deg,88810,µV,28.78,°C,1017,hPa,35.3,pmil,0,55.4,deg,20,°C,100,%a.s.,22.63,deg,20,°C,972,hPa,0.816,-0.01371,0.000397,-0.00013,0,10.11,Humid,22.75,0,51,240875.15,SABD0000000001,AAV1.0.0.11,1.1.2.0,PSt7-10,191107-136,2/17/22 12:14,0000-00,0,no battery,V
4/18/22,12:13:30,9,default,199182947,OXY-CH9,23.901,min,270.297,µmol/L,Humid,17.553,deg,88823,µV,28.775,°C,1017,hPa,35.3,pmil,0,55.4,deg,20,°C,100,%a.s.,22.63,deg,20,°C,972,hPa,0.816,-0.01371,0.000397,-0.00013,0,10.11,Humid,22.75,0,51,240867.09,SABD0000000001,AAV1.0.0.11,1.1.2.0,PSt7-10,191107-136,2/17/22 12:14,0000-00,0,no battery,V
4/18/22,12:13:31,9,default,199182947,OXY-CH9,23.917,min,270.19,µmol/L,Humid,17.555,deg,88823,µV,28.782,°C,1017,hPa,35.3,pmil,0,55.4,deg,20,°C,100,%a.s.,22.63,deg,20,°C,972,hPa,0.816,-0.01371,0.000397,-0.00013,0,10.11,Humid,22.75,0,51,240875.26,SABD0000000001,AAV1.0.0.11,1.1.2.0,PSt7-10,191107-136,2/17/22 12:14,0000-00,0,no battery,V
4/18/22,12:13:32,9,default,199182947,OXY-CH9,23.934,min,270.223,µmol/L,Humid,17.554,deg,88821,µV,28.781,°C,1017,hPa,35.3,pmil,0,55.4,deg,20,°C,100,%a.s.,22.63,deg,20,°C,972,hPa,0.816,-0.01371,0.000397,-0.00013,0,10.11,Humid,22.75,0,51,240882.06,SABD0000000001,AAV1.0.0.11,1.1.2.0,PSt7-10,191107-136,2/17/22 12:14,0000-00,0,no battery,V
4/18/22,12:13:33,9,default,199182947,OXY-CH9,23.951,min,270.128,µmol/L,Humid,17.556,deg,88833,µV,28.786,°C,1017,hPa,35.3,pmil,0,55.4,deg,20,°C,100,%a.s.,22.63,deg,20,°C,972,hPa,0.816,-0.01371,0.000397,-0.00013,0,10.11,Humid,22.75,0,51,240878.3,SABD0000000001,AAV1.0.0.11,1.1.2.0,PSt7-10,191107-136,2/17/22 12:14,0000-00,0,no battery,V
4/18/22,12:13:34,9,default,199182947,OXY-CH9,23.967,min,270.045,µmol/L,Humid,17.555,deg,88834,µV,28.799,°C,1017,hPa,35.3,pmil,0,55.4,deg,20,°C,100,%a.s.,22.63,deg,20,°C,972,hPa,0.816,-0.01371,0.000397,-0.00013,0,10.11,Humid,22.75,0,51,240881.81,SABD0000000001,AAV1.0.0.11,1.1.2.0,PSt7-10,191107-136,2/17/22 12:14,0000-00,0,no battery,V
4/18/22,12:13:35,9,default,199182947,OXY-CH9,23.984,min,270.082,µmol/L,Humid,17.557,deg,88837,µV,28.788,°C,1017,hPa,35.3,pmil,0,55.4,deg,20,°C,100,%a.s.,22.63,deg,20,°C,972,hPa,0.816,-0.01371,0.000397,-0.00013,0,10.11,Humid,22.75,0,51,240883.14,SABD0000000001,AAV1.0.0.11,1.1.2.0,PSt7-10,191107-136,2/17/22 12:14,0000-00,0,no battery,V
4/18/22,12:13:36,9,default,199182947,OXY-CH9,24.001,min,270.034,µmol/L,Humid,17.56,deg,88851,µV,28.785,°C,1017,hPa,35.3,pmil,0,55.4,deg,20,°C,100,%a.s.,22.63,deg,20,°C,972,hPa,0.816,-0.01371,0.000397,-0.00013,0,10.11,Humid,22.75,0,51,240880.57,SABD0000000001,AAV1.0.0.11,1.1.2.0,PSt7-10,191107-136,2/17/22 12:14,0000-00,0,no battery,V
4/18/22,12:13:37,9,default,199182947,OXY-CH9,24.018,min,270.005,µmol/L,Humid,17.559,deg,88854,µV,28.791,°C,1017,hPa,35.3,pmil,0,55.4,deg,20,°C,100,%a.s.,22.63,deg,20,°C,972,hPa,0.816,-0.01371,0.000397,-0.00013,0,10.11,Humid,22.75,0,51,240888.5,SABD0000000001,AAV1.0.0.11,1.1.2.0,PSt7-10,191107-136,2/17/22 12:14,0000-00,0,no battery,V
4/18/22,12:13:38,9,default,199182947,OXY-CH9,24.034,min,269.917,µmol/L,Humid,17.565,deg,88848,µV,28.783,°C,1017,hPa,35.3,pmil,0,55.4,deg,20,°C,100,%a.s.,22.63,deg,20,°C,972,hPa,0.816,-0.01371,0.000397,-0.00013,0,10.11,Humid,22.75,0,51,240877.88,SABD0000000001,AAV1.0.0.11,1.1.2.0,PSt7-10,191107-136,2/17/22 12:14,0000-00,0,no battery,V
4/18/22,12:13:39,9,default,199182947,OXY-CH9,24.051,min,270.067,µmol/L,Humid,17.559,deg,88849,µV,28.784,°C,1017,hPa,35.3,pmil,0,55.4,deg,20,°C,100,%a.s.,22.63,deg,20,°C,972,hPa,0.816,-0.01371,0.000397,-0.00013,0,10.11,Humid,22.75,0,51,240869.32,SABD0000000001,AAV1.0.0.11,1.1.2.0,PSt7-10,191107-136,2/17/22 12:14,0000-00,0,no battery,V
4/18/22,12:13:40,9,default,199182947,OXY-CH9,24.068,min,269.867,µmol/L,Humid,17.563,deg,88856,µV,28.795,°C,1017,hPa,35.3,pmil,0,55.4,deg,20,°C,100,%a.s.,22.63,deg,20,°C,972,hPa,0.816,-0.01371,0.000397,-0.00013,0,10.11,Humid,22.75,0,51,240881.16,SABD0000000001,AAV1.0.0.11,1.1.2.0,PSt7-10,191107-136,2/17/22 12:14,0000-00,0,no battery,V
4/18/22,12:13:41,9,default,199182947,OXY-CH9,24.084,min,270.112,µmol/L,Humid,17.56,deg,88862,µV,28.775,°C,1017,hPa,35.3,pmil,0,55.4,deg,20,°C,100,%a.s.,22.63,deg,20,°C,972,hPa,0.816,-0.01371,0.000397,-0.00013,0,10.11,Humid,22.75,0,51,240887.81,SABD0000000001,AAV1.0.0.11,1.1.2.0,PSt7-10,191107-136,2/17/22 12:14,0000-00,0,no battery,V
4/18/22,12:13:42,9,default,199182947,OXY-CH9,24.101,min,269.943,µmol/L,Humid,17.563,deg,88867,µV,28.786,°C,1017,hPa,35.3,pmil,0,55.4,deg,20,°C,100,%a.s.,22.63,deg,20,°C,972,hPa,0.816,-0.01371,0.000397,-0.00013,0,10.11,Humid,22.75,0,51,240886.05,SABD0000000001,AAV1.0.0.11,1.1.2.0,PSt7-10,191107-136,2/17/22 12:14,0000-00,0,no battery,V
4/18/22,12:13:43,9,default,199182947,OXY-CH9,24.117,min,269.946,µmol/L,Humid,17.564,deg,88862,µV,28.783,°C,1017,hPa,35.3,pmil,0,55.4,deg,20,°C,100,%a.s.,22.63,deg,20,°C,972,hPa,0.816,-0.01371,0.000397,-0.00013,0,10.11,Humid,22.75,0,51,240883.78,SABD0000000001,AAV1.0.0.11,1.1.2.0,PSt7-10,191107-136,2/17/22 12:14,0000-00,0,no battery,V
4/18/22,12:13:44,9,default,199182947,OXY-CH9,24.134,min,270.01,µmol/L,Humid,17.563,deg,88869,µV,28.778,°C,1017,hPa,35.3,pmil,0,55.4,deg,20,°C,100,%a.s.,22.63,deg,20,°C,972,hPa,0.816,-0.01371,0.000397,-0.00013,0,10.11,Humid,22.75,0,51,240886.27,SABD0000000001,AAV1.0.0.11,1.1.2.0,PSt7-10,191107-136,2/17/22 12:14,0000-00,0,no battery,V
4/18/22,12:13:45,9,default,199182947,OXY-CH9,24.151,min,269.952,µmol/L,Humid,17.563,deg,88882,µV,28.785,°C,1017,hPa,35.3,pmil,0,55.4,deg,20,°C,100,%a.s.,22.63,deg,20,°C,972,hPa,0.816,-0.01371,0.000397,-0.00013,0,10.11,Humid,22.75,0,51,240880.47,SABD0000000001,AAV1.0.0.11,1.1.2.0,PSt7-10,191107-136,2/17/22 12:14,0000-00,0,no battery,V
4/18/22,12:13:46,9,default,199182947,OXY-CH9,24.168,min,269.877,µmol/L,Humid,17.563,deg,88875,µV,28.794,°C,1017,hPa,35.3,pmil,0,55.4,deg,20,°C,100,%a.s.,22.63,deg,20,°C,972,hPa,0.816,-0.01371,0.000397,-0.00013,0,10.11,Humid,22.75,0,51,240887.87,SABD0000000001,AAV1.0.0.11,1.1.2.0,PSt7-10,191107-136,2/17/22 12:14,0000-00,0,no battery,V
4/18/22,12:13:47,9,default,199182947,OXY-CH9,24.184,min,269.933,µmol/L,Humid,17.565,deg,88879,µV,28.781,°C,1017,hPa,35.3,pmil,0,55.4,deg,20,°C,100,%a.s.,22.63,deg,20,°C,972,hPa,0.816,-0.01371,0.000397,-0.00013,0,10.11,Humid,22.75,0,51,240878.94,SABD0000000001,AAV1.0.0.11,1.1.2.0,PSt7-10,191107-136,2/17/22 12:14,0000-00,0,no battery,V
4/18/22,12:13:48,9,default,199182947,OXY-CH9,24.201,min,269.829,µmol/L,Humid,17.569,deg,88891,µV,28.781,°C,1017,hPa,35.3,pmil,0,55.4,deg,20,°C,100,%a.s.,22.63,deg,20,°C,972,hPa,0.816,-0.01371,0.000397,-0.00013,0,10.11,Humid,22.75,0,51,240884.59,SABD0000000001,AAV1.0.0.11,1.1.2.0,PSt7-10,191107-136,2/17/22 12:14,0000-00,0,no battery,V
4/18/22,12:13:49,9,default,199182947,OXY-CH9,24.218,min,269.803,µmol/L,Humid,17.572,deg,88894,µV,28.775,°C,1017,hPa,35.3,pmil,0,55.4,deg,20,°C,100,%a.s.,22.63,deg,20,°C,972,hPa,0.816,-0.01371,0.000397,-0.00013,0,10.11,Humid,22.75,0,51,240894.85,SABD0000000001,AAV1.0.0.11,1.1.2.0,PSt7-10,191107-136,2/17/22 12:14,0000-00,0,no battery,V
4/18/22,12:13:50,9,default,199182947,OXY-CH9,24.234,min,269.889,µmol/L,Humid,17.566,deg,88897,µV,28.783,°C,1017,hPa,35.3,pmil,0,55.4,deg,20,°C,100,%a.s.,22.63,deg,20,°C,972,hPa,0.816,-0.01371,0.000397,-0.00013,0,10.11,Humid,22.75,0,51,240896.59,SABD0000000001,AAV1.0.0.11,1.1.2.0,PSt7-10,191107-136,2/17/22 12:14,0000-00,0,no battery,V
4/18/22,12:13:51,9,default,199182947,OXY-CH9,24.251,min,269.797,µmol/L,Humid,17.571,deg,88904,µV,28.778,°C,1017,hPa,35.3,pmil,0,55.4,deg,20,°C,100,%a.s.,22.63,deg,20,°C,972,hPa,0.816,-0.01371,0.000397,-0.00013,0,10.11,Humid,22.75,0,51,240895.63,SABD0000000001,AAV1.0.0.11,1.1.2.0,PSt7-10,191107-136,2/17/22 12:14,0000-00,0,no battery,V
4/18/22,12:13:52,9,default,199182947,OXY-CH9,24.268,min,269.745,µmol/L,Humid,17.571,deg,88906,µV,28.785,°C,1017,hPa,35.3,pmil,0,55.4,deg,20,°C,100,%a.s.,22.63,deg,20,°C,972,hPa,0.816,-0.01371,0.000397,-0.00013,0,10.11,Humid,22.75,0,51,240888.83,SABD0000000001,AAV1.0.0.11,1.1.2.0,PSt7-10,191107-136,2/17/22 12:14,0000-00,0,no battery,V
4/18/22,12:13:53,9,default,199182947,OXY-CH9,24.284,min,269.74,µmol/L,Humid,17.57,deg,88911,µV,28.789,°C,1017,hPa,35.3,pmil,0,55.4,deg,20,°C,100,%a.s.,22.63,deg,20,°C,972,hPa,0.816,-0.01371,0.000397,-0.00013,0,10.11,Humid,22.75,0,51,240890.05,SABD0000000001,AAV1.0.0.11,1.1.2.0,PSt7-10,191107-136,2/17/22 12:14,0000-00,0,no battery,V
4/18/22,12:13:54,9,default,199182947,OXY-CH9,24.3,min,269.865,µmol/L,Humid,17.568,deg,88915,µV,28.78,°C,1017,hPa,35.3,pmil,0,55.4,deg,20,°C,100,%a.s.,22.63,deg,20,°C,972,hPa,0.816,-0.01371,0.000397,-0.00013,0,10.11,Humid,22.75,0,51,240883.37,SABD0000000001,AAV1.0.0.11,1.1.2.0,PSt7-10,191107-136,2/17/22 12:14,0000-00,0,no battery,V
4/18/22,12:13:55,9,default,199182947,OXY-CH9,24.317,min,269.688,µmol/L,Humid,17.573,deg,88926,µV,28.785,°C,1017,hPa,35.3,pmil,0,55.4,deg,20,°C,100,%a.s.,22.63,deg,20,°C,972,hPa,0.816,-0.01371,0.000397,-0.00013,0,10.11,Humid,22.75,0,51,240895.12,SABD0000000001,AAV1.0.0.11,1.1.2.0,PSt7-10,191107-136,2/17/22 12:14,0000-00,0,no battery,V
4/18/22,12:13:56,9,default,199182947,OXY-CH9,24.334,min,269.645,µmol/L,Humid,17.575,deg,88916,µV,28.784,°C,1017,hPa,35.3,pmil,0,55.4,deg,20,°C,100,%a.s.,22.63,deg,20,°C,972,hPa,0.816,-0.01371,0.000397,-0.00013,0,10.11,Humid,22.75,0,51,240895.53,SABD0000000001,AAV1.0.0.11,1.1.2.0,PSt7-10,191107-136,2/17/22 12:14,0000-00,0,no battery,V
4/18/22,12:13:57,9,default,199182947,OXY-CH9,24.351,min,269.658,µmol/L,Humid,17.575,deg,88930,µV,28.783,°C,1017,hPa,35.3,pmil,0,55.4,deg,20,°C,100,%a.s.,22.63,deg,20,°C,972,hPa,0.816,-0.01371,0.000397,-0.00013,0,10.11,Humid,22.75,0,51,240907.11,SABD0000000001,AAV1.0.0.11,1.1.2.0,PSt7-10,191107-136,2/17/22 12:14,0000-00,0,no battery,V
4/18/22,12:13:58,9,default,199182947,OXY-CH9,24.368,min,269.516,µmol/L,Humid,17.575,deg,88933,µV,28.8,°C,1017,hPa,35.3,pmil,0,55.4,deg,20,°C,100,%a.s.,22.63,deg,20,°C,972,hPa,0.816,-0.01371,0.000397,-0.00013,0,10.11,Humid,22.75,0,51,240900.99,SABD0000000001,AAV1.0.0.11,1.1.2.0,PSt7-10,191107-136,2/17/22 12:14,0000-00,0,no battery,V
4/18/22,12:13:59,9,default,199182947,OXY-CH9,24.384,min,269.64,µmol/L,Humid,17.575,deg,88943,µV,28.785,°C,1017,hPa,35.3,pmil,0,55.4,deg,20,°C,100,%a.s.,22.63,deg,20,°C,972,hPa,0.816,-0.01371,0.000397,-0.00013,0,10.11,Humid,22.75,0,51,240893.97,SABD0000000001,AAV1.0.0.11,1.1.2.0,PSt7-10,191107-136,2/17/22 12:14,0000-00,0,no battery,V
4/18/22,12:14:00,9,default,199182947,OXY-CH9,24.401,min,269.791,µmol/L,Humid,17.575,deg,88944,µV,28.767,°C,1017,hPa,35.3,pmil,0,55.4,deg,20,°C,100,%a.s.,22.63,deg,20,°C,972,hPa,0.816,-0.01371,0.000397,-0.00013,0,10.11,Humid,22.75,0,51,240899.92,SABD0000000001,AAV1.0.0.11,1.1.2.0,PSt7-10,191107-136,2/17/22 12:14,0000-00,0,no battery,V
4/18/22,12:14:01,9,default,199182947,OXY-CH9,24.418,min,269.834,µmol/L,Humid,17.574,deg,88944,µV,28.764,°C,1017,hPa,35.3,pmil,0,55.4,deg,20,°C,100,%a.s.,22.63,deg,20,°C,972,hPa,0.816,-0.01371,0.000397,-0.00013,0,10.11,Humid,22.75,0,51,240898.57,SABD0000000001,AAV1.0.0.11,1.1.2.0,PSt7-10,191107-136,2/17/22 12:14,0000-00,0,no battery,V
4/18/22,12:14:02,9,default,199182947,OXY-CH9,24.434,min,269.605,µmol/L,Humid,17.573,deg,88957,µV,28.795,°C,1017,hPa,35.3,pmil,0,55.4,deg,20,°C,100,%a.s.,22.63,deg,20,°C,972,hPa,0.816,-0.01371,0.000397,-0.00013,0,10.11,Humid,22.75,0,51,240907.07,SABD0000000001,AAV1.0.0.11,1.1.2.0,PSt7-10,191107-136,2/17/22 12:14,0000-00,0,no battery,V
4/18/22,12:14:03,9,default,199182947,OXY-CH9,24.451,min,269.563,µmol/L,Humid,17.577,deg,88965,µV,28.788,°C,1017,hPa,35.3,pmil,0,55.4,deg,20,°C,100,%a.s.,22.63,deg,20,°C,972,hPa,0.816,-0.01371,0.000397,-0.00013,0,10.11,Humid,22.75,0,51,240912.12,SABD0000000001,AAV1.0.0.11,1.1.2.0,PSt7-10,191107-136,2/17/22 12:14,0000-00,0,no battery,V
4/18/22,12:14:04,9,default,199182947,OXY-CH9,24.467,min,269.493,µmol/L,Humid,17.585,deg,88960,µV,28.771,°C,1017,hPa,35.3,pmil,0,55.4,deg,20,°C,100,%a.s.,22.63,deg,20,°C,972,hPa,0.816,-0.01371,0.000397,-0.00013,0,10.11,Humid,22.75,0,51,240900.52,SABD0000000001,AAV1.0.0.11,1.1.2.0,PSt7-10,191107-136,2/17/22 12:14,0000-00,0,no battery,V
4/18/22,12:14:05,9,default,199182947,OXY-CH9,24.484,min,269.415,µmol/L,Humid,17.586,deg,88971,µV,28.777,°C,1017,hPa,35.3,pmil,0,55.4,deg,20,°C,100,%a.s.,22.63,deg,20,°C,972,hPa,0.816,-0.01371,0.000397,-0.00013,0,10.11,Humid,22.75,0,51,240908.84,SABD0000000001,AAV1.0.0.11,1.1.2.0,PSt7-10,191107-136,2/17/22 12:14,0000-00,0,no battery,V
4/18/22,12:14:06,9,default,199182947,OXY-CH9,24.501,min,269.588,µmol/L,Humid,17.58,deg,88962,µV,28.775,°C,1017,hPa,35.3,pmil,0,55.4,deg,20,°C,100,%a.s.,22.63,deg,20,°C,972,hPa,0.816,-0.01371,0.000397,-0.00013,0,10.11,Humid,22.75,0,51,240916.08,SABD0000000001,AAV1.0.0.11,1.1.2.0,PSt7-10,191107-136,2/17/22 12:14,0000-00,0,no battery,V
4/18/22,12:14:07,9,default,199182947,OXY-CH9,24.517,min,269.575,µmol/L,Humid,17.58,deg,88979,µV,28.777,°C,1017,hPa,35.3,pmil,0,55.4,deg,20,°C,100,%a.s.,22.63,deg,20,°C,972,hPa,0.816,-0.01371,0.000397,-0.00013,0,10.11,Humid,22.75,0,51,240911.37,SABD0000000001,AAV1.0.0.11,1.1.2.0,PSt7-10,191107-136,2/17/22 12:14,0000-00,0,no battery,V
4/18/22,12:14:08,9,default,199182947,OXY-CH9,24.534,min,269.38,µmol/L,Humid,17.585,deg,88987,µV,28.785,°C,1017,hPa,35.3,pmil,0,55.4,deg,20,°C,100,%a.s.,22.63,deg,20,°C,972,hPa,0.816,-0.01371,0.000397,-0.00013,0,10.11,Humid,22.75,0,51,240918.48,SABD0000000001,AAV1.0.0.11,1.1.2.0,PSt7-10,191107-136,2/17/22 12:14,0000-00,0,no battery,V
4/18/22,12:14:09,9,default,199182947,OXY-CH9,24.551,min,269.502,µmol/L,Humid,17.587,deg,88994,µV,28.764,°C,1017,hPa,35.3,pmil,0,55.4,deg,20,°C,100,%a.s.,22.63,deg,20,°C,972,hPa,0.816,-0.01371,0.000397,-0.00013,0,10.11,Humid,22.75,0,51,240923.97,SABD0000000001,AAV1.0.0.11,1.1.2.0,PSt7-10,191107-136,2/17/22 12:14,0000-00,0,no battery,V
4/18/22,12:14:10,9,default,199182947,OXY-CH9,24.567,min,269.465,µmol/L,Humid,17.587,deg,89002,µV,28.768,°C,1017,hPa,35.3,pmil,0,55.4,deg,20,°C,100,%a.s.,22.63,deg,20,°C,972,hPa,0.816,-0.01371,0.000397,-0.00013,0,10.11,Humid,22.75,0,51,240927.22,SABD0000000001,AAV1.0.0.11,1.1.2.0,PSt7-10,191107-136,2/17/22 12:14,0000-00,0,no battery,V
4/18/22,12:14:11,9,default,199182947,OXY-CH9,24.584,min,269.289,µmol/L,Humid,17.588,deg,88995,µV,28.786,°C,1017,hPa,35.3,pmil,0,55.4,deg,20,°C,100,%a.s.,22.63,deg,20,°C,972,hPa,0.816,-0.01371,0.000397,-0.00013,0,10.11,Humid,22.75,0,51,240927.43,SABD0000000001,AAV1.0.0.11,1.1.2.0,PSt7-10,191107-136,2/17/22 12:14,0000-00,0,no battery,V
4/18/22,12:14:12,9,default,199182947,OXY-CH9,24.601,min,269.298,µmol/L,Humid,17.588,deg,89004,µV,28.785,°C,1017,hPa,35.3,pmil,0,55.4,deg,20,°C,100,%a.s.,22.63,deg,20,°C,972,hPa,0.816,-0.01371,0.000397,-0.00013,0,10.11,Humid,22.75,0,51,240925.35,SABD0000000001,AAV1.0.0.11,1.1.2.0,PSt7-10,191107-136,2/17/22 12:14,0000-00,0,no battery,V
4/18/22,12:14:13,9,default,199182947,OXY-CH9,24.618,min,269.239,µmol/L,Humid,17.589,deg,89013,µV,28.789,°C,1017,hPa,35.3,pmil,0,55.4,deg,20,°C,100,%a.s.,22.63,deg,20,°C,972,hPa,0.816,-0.01371,0.000397,-0.00013,0,10.11,Humid,22.75,0,51,240931.75,SABD0000000001,AAV1.0.0.11,1.1.2.0,PSt7-10,191107-136,2/17/22 12:14,0000-00,0,no battery,V
4/18/22,12:14:14,9,default,199182947,OXY-CH9,24.634,min,269.327,µmol/L,Humid,17.589,deg,89010,µV,28.779,°C,1017,hPa,35.3,pmil,0,55.4,deg,20,°C,100,%a.s.,22.63,deg,20,°C,972,hPa,0.816,-0.01371,0.000397,-0.00013,0,10.11,Humid,22.75,0,51,240922.23,SABD0000000001,AAV1.0.0.11,1.1.2.0,PSt7-10,191107-136,2/17/22 12:14,0000-00,0,no battery,V
4/18/22,12:14:15,9,default,199182947,OXY-CH9,24.651,min,269.324,µmol/L,Humid,17.588,deg,89019,µV,28.782,°C,1017,hPa,35.3,pmil,0,55.4,deg,20,°C,100,%a.s.,22.63,deg,20,°C,972,hPa,0.816,-0.01371,0.000397,-0.00013,0,10.11,Humid,22.75,0,51,240923.6,SABD0000000001,AAV1.0.0.11,1.1.2.0,PSt7-10,191107-136,2/17/22 12:14,0000-00,0,no battery,V
4/18/22,12:14:16,9,default,199182947,OXY-CH9,24.667,min,269.287,µmol/L,Humid,17.59,deg,89026,µV,28.78,°C,1017,hPa,35.3,pmil,0,55.4,deg,20,°C,100,%a.s.,22.63,deg,20,°C,972,hPa,0.816,-0.01371,0.000397,-0.00013,0,10.11,Humid,22.75,0,51,240926.49,SABD0000000001,AAV1.0.0.11,1.1.2.0,PSt7-10,191107-136,2/17/22 12:14,0000-00,0,no battery,V
4/18/22,12:14:17,9,default,199182947,OXY-CH9,24.684,min,269.388,µmol/L,Humid,17.585,deg,89031,µV,28.784,°C,1017,hPa,35.3,pmil,0,55.4,deg,20,°C,100,%a.s.,22.63,deg,20,°C,972,hPa,0.816,-0.01371,0.000397,-0.00013,0,10.11,Humid,22.75,0,51,240935.54,SABD0000000001,AAV1.0.0.11,1.1.2.0,PSt7-10,191107-136,2/17/22 12:14,0000-00,0,no battery,V
4/18/22,12:14:18,9,default,199182947,OXY-CH9,24.701,min,269.192,µmol/L,Humid,17.592,deg,89030,µV,28.785,°C,1017,hPa,35.3,pmil,0,55.4,deg,20,°C,100,%a.s.,22.63,deg,20,°C,972,hPa,0.816,-0.01371,0.000397,-0.00013,0,10.11,Humid,22.75,0,51,240929.59,SABD0000000001,AAV1.0.0.11,1.1.2.0,PSt7-10,191107-136,2/17/22 12:14,0000-00,0,no battery,V
4/18/22,12:14:19,9,default,199182947,OXY-CH9,24.717,min,269.319,µmol/L,Humid,17.591,deg,89039,µV,28.773,°C,1017,hPa,35.3,pmil,0,55.4,deg,20,°C,100,%a.s.,22.63,deg,20,°C,972,hPa,0.816,-0.01371,0.000397,-0.00013,0,10.11,Humid,22.75,0,51,240927.24,SABD0000000001,AAV1.0.0.11,1.1.2.0,PSt7-10,191107-136,2/17/22 12:14,0000-00,0,no battery,V
4/18/22,12:14:20,9,default,199182947,OXY-CH9,24.734,min,269.28,µmol/L,Humid,17.593,deg,89038,µV,28.772,°C,1017,hPa,35.3,pmil,0,55.4,deg,20,°C,100,%a.s.,22.63,deg,20,°C,972,hPa,0.816,-0.01371,0.000397,-0.00013,0,10.11,Humid,22.75,0,51,240929.54,SABD0000000001,AAV1.0.0.11,1.1.2.0,PSt7-10,191107-136,2/17/22 12:14,0000-00,0,no battery,V
4/18/22,12:14:21,9,default,199182947,OXY-CH9,24.751,min,269.187,µmol/L,Humid,17.591,deg,89050,µV,28.789,°C,1017,hPa,35.3,pmil,0,55.4,deg,20,°C,100,%a.s.,22.63,deg,20,°C,972,hPa,0.816,-0.01371,0.000397,-0.00013,0,10.11,Humid,22.75,0,51,240936.7,SABD0000000001,AAV1.0.0.11,1.1.2.0,PSt7-10,191107-136,2/17/22 12:14,0000-00,0,no battery,V
4/18/22,12:14:22,9,default,199182947,OXY-CH9,24.767,min,269.044,µmol/L,Humid,17.598,deg,89054,µV,28.784,°C,1017,hPa,35.3,pmil,0,55.4,deg,20,°C,100,%a.s.,22.63,deg,20,°C,972,hPa,0.816,-0.01371,0.000397,-0.00013,0,10.11,Humid,22.75,0,51,240928.18,SABD0000000001,AAV1.0.0.11,1.1.2.0,PSt7-10,191107-136,2/17/22 12:14,0000-00,0,no battery,V
4/18/22,12:14:23,9,default,199182947,OXY-CH9,24.784,min,269.16,µmol/L,Humid,17.595,deg,89062,µV,28.78,°C,1017,hPa,35.3,pmil,0,55.4,deg,20,°C,100,%a.s.,22.63,deg,20,°C,972,hPa,0.816,-0.01371,0.000397,-0.00013,0,10.11,Humid,22.75,0,51,240940.15,SABD0000000001,AAV1.0.0.11,1.1.2.0,PSt7-10,191107-136,2/17/22 12:14,0000-00,0,no battery,V
4/18/22,12:14:24,9,default,199182947,OXY-CH9,24.801,min,269.122,µmol/L,Humid,17.598,deg,89067,µV,28.775,°C,1017,hPa,35.3,pmil,0,55.4,deg,20,°C,100,%a.s.,22.63,deg,20,°C,972,hPa,0.816,-0.01371,0.000397,-0.00013,0,10.11,Humid,22.75,0,51,240950,SABD0000000001,AAV1.0.0.11,1.1.2.0,PSt7-10,191107-136,2/17/22 12:14,0000-00,0,no battery,V
4/18/22,12:14:25,9,default,199182947,OXY-CH9,24.818,min,269.378,µmol/L,Humid,17.592,deg,89075,µV,28.763,°C,1017,hPa,35.3,pmil,0,55.4,deg,20,°C,100,%a.s.,22.63,deg,20,°C,972,hPa,0.816,-0.01371,0.000397,-0.00013,0,10.11,Humid,22.75,0,51,240938.87,SABD0000000001,AAV1.0.0.11,1.1.2.0,PSt7-10,191107-136,2/17/22 12:14,0000-00,0,no battery,V
4/18/22,12:14:26,9,default,199182947,OXY-CH9,24.835,min,269.053,µmol/L,Humid,17.601,deg,89072,µV,28.774,°C,1017,hPa,35.3,pmil,0,55.4,deg,20,°C,100,%a.s.,22.63,deg,20,°C,972,hPa,0.816,-0.01371,0.000397,-0.00013,0,10.11,Humid,22.75,0,51,240943.5,SABD0000000001,AAV1.0.0.11,1.1.2.0,PSt7-10,191107-136,2/17/22 12:14,0000-00,0,no battery,V
4/18/22,12:14:27,9,default,199182947,OXY-CH9,24.851,min,269.079,µmol/L,Humid,17.599,deg,89075,µV,28.777,°C,1017,hPa,35.3,pmil,0,55.4,deg,20,°C,100,%a.s.,22.63,deg,20,°C,972,hPa,0.816,-0.01371,0.000397,-0.00013,0,10.11,Humid,22.75,0,51,240941.87,SABD0000000001,AAV1.0.0.11,1.1.2.0,PSt7-10,191107-136,2/17/22 12:14,0000-00,0,no battery,V
4/18/22,12:14:28,9,default,199182947,OXY-CH9,24.867,min,269.148,µmol/L,Humid,17.601,deg,89078,µV,28.762,°C,1017,hPa,35.3,pmil,0,55.4,deg,20,°C,100,%a.s.,22.63,deg,20,°C,972,hPa,0.816,-0.01371,0.000397,-0.00013,0,10.11,Humid,22.75,0,51,240941.33,SABD0000000001,AAV1.0.0.11,1.1.2.0,PSt7-10,191107-136,2/17/22 12:14,0000-00,0,no battery,V
4/18/22,12:14:29,9,default,199182947,OXY-CH9,24.884,min,269.332,µmol/L,Humid,17.593,deg,89089,µV,28.765,°C,1017,hPa,35.3,pmil,0,55.4,deg,20,°C,100,%a.s.,22.63,deg,20,°C,972,hPa,0.816,-0.01371,0.000397,-0.00013,0,10.11,Humid,22.75,0,51,240945.65,SABD0000000001,AAV1.0.0.11,1.1.2.0,PSt7-10,191107-136,2/17/22 12:14,0000-00,0,no battery,V
4/18/22,12:14:30,9,default,199182947,OXY-CH9,24.9,min,268.945,µmol/L,Humid,17.604,deg,89095,µV,28.778,°C,1017,hPa,35.3,pmil,0,55.4,deg,20,°C,100,%a.s.,22.63,deg,20,°C,972,hPa,0.816,-0.01371,0.000397,-0.00013,0,10.11,Humid,22.75,0,51,240946.73,SABD0000000001,AAV1.0.0.11,1.1.2.0,PSt7-10,191107-136,2/17/22 12:14,0000-00,0,no battery,V
4/18/22,12:14:31,9,default,199182947,OXY-CH9,24.917,min,268.942,µmol/L,Humid,17.602,deg,89099,µV,28.784,°C,1017,hPa,35.3,pmil,0,55.4,deg,20,°C,100,%a.s.,22.63,deg,20,°C,972,hPa,0.816,-0.01371,0.000397,-0.00013,0,10.11,Humid,22.75,0,51,240959.13,SABD0000000001,AAV1.0.0.11,1.1.2.0,PSt7-10,191107-136,2/17/22 12:14,0000-00,0,no battery,V
4/18/22,12:14:32,9,default,199182947,OXY-CH9,24.934,min,269.145,µmol/L,Humid,17.597,deg,89107,µV,28.775,°C,1017,hPa,35.3,pmil,0,55.4,deg,20,°C,100,%a.s.,22.63,deg,20,°C,972,hPa,0.816,-0.01371,0.000397,-0.00013,0,10.11,Humid,22.75,0,51,240949.27,SABD0000000001,AAV1.0.0.11,1.1.2.0,PSt7-10,191107-136,2/17/22 12:14,0000-00,0,no battery,V
4/18/22,12:14:33,9,default,199182947,OXY-CH9,24.951,min,268.903,µmol/L,Humid,17.605,deg,89115,µV,28.779,°C,1017,hPa,35.3,pmil,0,55.4,deg,20,°C,100,%a.s.,22.63,deg,20,°C,972,hPa,0.816,-0.01371,0.000397,-0.00013,0,10.11,Humid,22.75,0,51,240951.44,SABD0000000001,AAV1.0.0.11,1.1.2.0,PSt7-10,191107-136,2/17/22 12:14,0000-00,0,no battery,V
4/18/22,12:14:34,9,default,199182947,OXY-CH9,24.968,min,268.989,µmol/L,Humid,17.604,deg,89123,µV,28.772,°C,1017,hPa,35.3,pmil,0,55.4,deg,20,°C,100,%a.s.,22.63,deg,20,°C,972,hPa,0.816,-0.01371,0.000397,-0.00013,0,10.11,Humid,22.75,0,51,240962.08,SABD0000000001,AAV1.0.0.11,1.1.2.0,PSt7-10,191107-136,2/17/22 12:14,0000-00,0,no battery,V
4/18/22,12:14:35,9,default,199182947,OXY-CH9,24.984,min,268.918,µmol/L,Humid,17.602,deg,89121,µV,28.787,°C,1017,hPa,35.3,pmil,0,55.4,deg,20,°C,100,%a.s.,22.63,deg,20,°C,972,hPa,0.816,-0.01371,0.000397,-0.00013,0,10.11,Humid,22.75,0,51,240949.49,SABD0000000001,AAV1.0.0.11,1.1.2.0,PSt7-10,191107-136,2/17/22 12:14,0000-00,0,no battery,V
4/18/22,12:14:36,9,default,199182947,OXY-CH9,25.001,min,269.038,µmol/L,Humid,17.606,deg,89137,µV,28.76,°C,1017,hPa,35.3,pmil,0,55.4,deg,20,°C,100,%a.s.,22.63,deg,20,°C,972,hPa,0.816,-0.01371,0.000397,-0.00013,0,10.11,Humid,22.75,0,51,240961.61,SABD0000000001,AAV1.0.0.11,1.1.2.0,PSt7-10,191107-136,2/17/22 12:14,0000-00,0,no battery,V
4/18/22,12:14:37,9,default,199182947,OXY-CH9,25.017,min,268.947,µmol/L,Humid,17.606,deg,89131,µV,28.771,°C,1017,hPa,35.3,pmil,0,55.4,deg,20,°C,100,%a.s.,22.63,deg,20,°C,972,hPa,0.816,-0.01371,0.000397,-0.00013,0,10.11,Humid,22.75,0,51,240970.23,SABD0000000001,AAV1.0.0.11,1.1.2.0,PSt7-10,191107-136,2/17/22 12:14,0000-00,0,no battery,V
4/18/22,12:14:38,9,default,199182947,OXY-CH9,25.034,min,268.997,µmol/L,Humid,17.607,deg,89130,µV,28.762,°C,1017,hPa,35.3,pmil,0,55.4,deg,20,°C,100,%a.s.,22.63,deg,20,°C,972,hPa,0.816,-0.01371,0.000397,-0.00013,0,10.11,Humid,22.75,0,51,240956.37,SABD0000000001,AAV1.0.0.11,1.1.2.0,PSt7-10,191107-136,2/17/22 12:14,0000-00,0,no battery,V
4/18/22,12:14:39,9,default,199182947,OXY-CH9,25.05,min,268.954,µmol/L,Humid,17.609,deg,89140,µV,28.761,°C,1017,hPa,35.3,pmil,0,55.4,deg,20,°C,100,%a.s.,22.63,deg,20,°C,972,hPa,0.816,-0.01371,0.000397,-0.00013,0,10.11,Humid,22.75,0,51,240965.93,SABD0000000001,AAV1.0.0.11,1.1.2.0,PSt7-10,191107-136,2/17/22 12:14,0000-00,0,no battery,V
4/18/22,12:14:40,9,default,199182947,OXY-CH9,25.067,min,269.099,µmol/L,Humid,17.604,deg,89146,µV,28.759,°C,1017,hPa,35.3,pmil,0,55.4,deg,20,°C,100,%a.s.,22.63,deg,20,°C,972,hPa,0.816,-0.01371,0.000397,-0.00013,0,10.11,Humid,22.75,0,51,240959.22,SABD0000000001,AAV1.0.0.11,1.1.2.0,PSt7-10,191107-136,2/17/22 12:14,0000-00,0,no battery,V
4/18/22,12:14:41,9,default,199182947,OXY-CH9,25.084,min,268.854,µmol/L,Humid,17.61,deg,89145,µV,28.77,°C,1017,hPa,35.3,pmil,0,55.4,deg,20,°C,100,%a.s.,22.63,deg,20,°C,972,hPa,0.816,-0.01371,0.000397,-0.00013,0,10.11,Humid,22.75,0,51,240963.49,SABD0000000001,AAV1.0.0.11,1.1.2.0,PSt7-10,191107-136,2/17/22 12:14,0000-00,0,no battery,V
4/18/22,12:14:42,9,default,199182947,OXY-CH9,25.101,min,268.943,µmol/L,Humid,17.609,deg,89154,µV,28.762,°C,1017,hPa,35.3,pmil,0,55.4,deg,20,°C,100,%a.s.,22.63,deg,20,°C,972,hPa,0.816,-0.01371,0.000397,-0.00013,0,10.11,Humid,22.75,0,51,240973.55,SABD0000000001,AAV1.0.0.11,1.1.2.0,PSt7-10,191107-136,2/17/22 12:14,0000-00,0,no battery,V
4/18/22,12:14:43,9,default,199182947,OXY-CH9,25.118,min,268.992,µmol/L,Humid,17.608,deg,89158,µV,28.759,°C,1017,hPa,35.3,pmil,0,55.4,deg,20,°C,100,%a.s.,22.63,deg,20,°C,972,hPa,0.816,-0.01371,0.000397,-0.00013,0,10.11,Humid,22.75,0,51,240979,SABD0000000001,AAV1.0.0.11,1.1.2.0,PSt7-10,191107-136,2/17/22 12:14,0000-00,0,no battery,V
4/18/22,12:14:44,9,default,199182947,OXY-CH9,25.134,min,268.762,µmol/L,Humid,17.612,deg,89161,µV,28.774,°C,1017,hPa,35.3,pmil,0,55.4,deg,20,°C,100,%a.s.,22.63,deg,20,°C,972,hPa,0.816,-0.01371,0.000397,-0.00013,0,10.11,Humid,22.75,0,51,240973.18,SABD0000000001,AAV1.0.0.11,1.1.2.0,PSt7-10,191107-136,2/17/22 12:14,0000-00,0,no battery,V
4/18/22,12:14:45,9,default,199182947,OXY-CH9,25.151,min,268.734,µmol/L,Humid,17.612,deg,89174,µV,28.778,°C,1017,hPa,35.3,pmil,0,55.4,deg,20,°C,100,%a.s.,22.63,deg,20,°C,972,hPa,0.816,-0.01371,0.000397,-0.00013,0,10.11,Humid,22.75,0,51,240974.27,SABD0000000001,AAV1.0.0.11,1.1.2.0,PSt7-10,191107-136,2/17/22 12:14,0000-00,0,no battery,V
4/18/22,12:14:46,9,default,199182947,OXY-CH9,25.167,min,268.813,µmol/L,Humid,17.613,deg,89173,µV,28.765,°C,1017,hPa,35.3,pmil,0,55.4,deg,20,°C,100,%a.s.,22.63,deg,20,°C,972,hPa,0.816,-0.01371,0.000397,-0.00013,0,10.11,Humid,22.75,0,51,240973.05,SABD0000000001,AAV1.0.0.11,1.1.2.0,PSt7-10,191107-136,2/17/22 12:14,0000-00,0,no battery,V
4/18/22,12:14:47,9,default,199182947,OXY-CH9,25.184,min,268.858,µmol/L,Humid,17.615,deg,89175,µV,28.753,°C,1017,hPa,35.3,pmil,0,55.4,deg,20,°C,100,%a.s.,22.63,deg,20,°C,972,hPa,0.816,-0.01371,0.000397,-0.00013,0,10.11,Humid,22.75,0,51,240977.49,SABD0000000001,AAV1.0.0.11,1.1.2.0,PSt7-10,191107-136,2/17/22 12:14,0000-00,0,no battery,V
4/18/22,12:14:48,9,default,199182947,OXY-CH9,25.201,min,268.869,µmol/L,Humid,17.611,deg,89178,µV,28.765,°C,1017,hPa,35.3,pmil,0,55.4,deg,20,°C,100,%a.s.,22.63,deg,20,°C,972,hPa,0.816,-0.01371,0.000397,-0.00013,0,10.11,Humid,22.75,0,51,240976.68,SABD0000000001,AAV1.0.0.11,1.1.2.0,PSt7-10,191107-136,2/17/22 12:14,0000-00,0,no battery,V
4/18/22,12:14:49,9,default,199182947,OXY-CH9,25.218,min,268.741,µmol/L,Humid,17.615,deg,89184,µV,28.768,°C,1017,hPa,35.3,pmil,0,55.4,deg,20,°C,100,%a.s.,22.63,deg,20,°C,972,hPa,0.816,-0.01371,0.000397,-0.00013,0,10.11,Humid,22.75,0,51,240984.57,SABD0000000001,AAV1.0.0.11,1.1.2.0,PSt7-10,191107-136,2/17/22 12:14,0000-00,0,no battery,V
4/18/22,12:14:50,9,default,199182947,OXY-CH9,25.234,min,268.631,µmol/L,Humid,17.616,deg,89190,µV,28.778,°C,1017,hPa,35.3,pmil,0,55.4,deg,20,°C,100,%a.s.,22.63,deg,20,°C,972,hPa,0.816,-0.01371,0.000397,-0.00013,0,10.11,Humid,22.75,0,51,240981.55,SABD0000000001,AAV1.0.0.11,1.1.2.0,PSt7-10,191107-136,2/17/22 12:14,0000-00,0,no battery,V
4/18/22,12:14:51,9,default,199182947,OXY-CH9,25.251,min,268.733,µmol/L,Humid,17.614,deg,89195,µV,28.772,°C,1017,hPa,35.3,pmil,0,55.4,deg,20,°C,100,%a.s.,22.63,deg,20,°C,972,hPa,0.816,-0.01371,0.000397,-0.00013,0,10.11,Humid,22.75,0,51,240984.91,SABD0000000001,AAV1.0.0.11,1.1.2.0,PSt7-10,191107-136,2/17/22 12:14,0000-00,0,no battery,V
4/18/22,12:14:52,9,default,199182947,OXY-CH9,25.268,min,268.762,µmol/L,Humid,17.615,deg,89203,µV,28.765,°C,1017,hPa,35.3,pmil,0,55.4,deg,20,°C,100,%a.s.,22.63,deg,20,°C,972,hPa,0.816,-0.01371,0.000397,-0.00013,0,10.11,Humid,22.75,0,51,240983.29,SABD0000000001,AAV1.0.0.11,1.1.2.0,PSt7-10,191107-136,2/17/22 12:14,0000-00,0,no battery,V
4/18/22,12:14:53,9,default,199182947,OXY-CH9,25.284,min,268.638,µmol/L,Humid,17.619,deg,89210,µV,28.767,°C,1017,hPa,35.3,pmil,0,55.4,deg,20,°C,100,%a.s.,22.63,deg,20,°C,972,hPa,0.816,-0.01371,0.000397,-0.00013,0,10.11,Humid,22.75,0,51,240972.94,SABD0000000001,AAV1.0.0.11,1.1.2.0,PSt7-10,191107-136,2/17/22 12:14,0000-00,0,no battery,V
4/18/22,12:14:54,9,default,199182947,OXY-CH9,25.3,min,268.621,µmol/L,Humid,17.617,deg,89210,µV,28.776,°C,1017,hPa,35.3,pmil,0,55.4,deg,20,°C,100,%a.s.,22.63,deg,20,°C,972,hPa,0.816,-0.01371,0.000397,-0.00013,0,10.11,Humid,22.75,0,51,240989.32,SABD0000000001,AAV1.0.0.11,1.1.2.0,PSt7-10,191107-136,2/17/22 12:14,0000-00,0,no battery,V
4/18/22,12:14:55,9,default,199182947,OXY-CH9,25.317,min,268.588,µmol/L,Humid,17.623,deg,89224,µV,28.761,°C,1017,hPa,35.3,pmil,0,55.4,deg,20,°C,100,%a.s.,22.63,deg,20,°C,972,hPa,0.816,-0.01371,0.000397,-0.00013,0,10.11,Humid,22.75,0,51,240987.17,SABD0000000001,AAV1.0.0.11,1.1.2.0,PSt7-10,191107-136,2/17/22 12:14,0000-00,0,no battery,V
4/18/22,12:14:56,9,default,199182947,OXY-CH9,25.334,min,268.807,µmol/L,Humid,17.615,deg,89226,µV,28.759,°C,1017,hPa,35.3,pmil,0,55.4,deg,20,°C,100,%a.s.,22.63,deg,20,°C,972,hPa,0.816,-0.01371,0.000397,-0.00013,0,10.11,Humid,22.75,0,51,240983.97,SABD0000000001,AAV1.0.0.11,1.1.2.0,PSt7-10,191107-136,2/17/22 12:14,0000-00,0,no battery,V
4/18/22,12:14:57,9,default,199182947,OXY-CH9,25.351,min,268.665,µmol/L,Humid,17.62,deg,89229,µV,28.761,°C,1017,hPa,35.3,pmil,0,55.4,deg,20,°C,100,%a.s.,22.63,deg,20,°C,972,hPa,0.816,-0.01371,0.000397,-0.00013,0,10.11,Humid,22.75,0,51,240990.72,SABD0000000001,AAV1.0.0.11,1.1.2.0,PSt7-10,191107-136,2/17/22 12:14,0000-00,0,no battery,V
4/18/22,12:14:58,9,default,199182947,OXY-CH9,25.368,min,268.581,µmol/L,Humid,17.62,deg,89242,µV,28.771,°C,1017,hPa,35.3,pmil,0,55.4,deg,20,°C,100,%a.s.,22.63,deg,20,°C,972,hPa,0.816,-0.01371,0.000397,-0.00013,0,10.11,Humid,22.75,0,51,240994.85,SABD0000000001,AAV1.0.0.11,1.1.2.0,PSt7-10,191107-136,2/17/22 12:14,0000-00,0,no battery,V
4/18/22,12:14:59,9,default,199182947,OXY-CH9,25.384,min,268.596,µmol/L,Humid,17.623,deg,89236,µV,28.76,°C,1017,hPa,35.3,pmil,0,55.4,deg,20,°C,100,%a.s.,22.63,deg,20,°C,972,hPa,0.816,-0.01371,0.000397,-0.00013,0,10.11,Humid,22.75,0,51,240990.6,SABD0000000001,AAV1.0.0.11,1.1.2.0,PSt7-10,191107-136,2/17/22 12:14,0000-00,0,no battery,V
4/18/22,12:15:00,9,default,199182947,OXY-CH9,25.401,min,268.445,µmol/L,Humid,17.626,deg,89245,µV,28.769,°C,1017,hPa,35.3,pmil,0,55.4,deg,20,°C,100,%a.s.,22.63,deg,20,°C,972,hPa,0.816,-0.01371,0.000397,-0.00013,0,10.11,Humid,22.75,0,51,240996.06,SABD0000000001,AAV1.0.0.11,1.1.2.0,PSt7-10,191107-136,2/17/22 12:14,0000-00,0,no battery,V
4/18/22,12:15:01,9,default,199182947,OXY-CH9,25.418,min,268.69,µmol/L,Humid,17.62,deg,89245,µV,28.758,°C,1017,hPa,35.3,pmil,0,55.4,deg,20,°C,100,%a.s.,22.63,deg,20,°C,972,hPa,0.816,-0.01371,0.000397,-0.00013,0,10.11,Humid,22.75,0,51,240987.46,SABD0000000001,AAV1.0.0.11,1.1.2.0,PSt7-10,191107-136,2/17/22 12:14,0000-00,0,no battery,V
4/18/22,12:15:02,9,default,199182947,OXY-CH9,25.434,min,268.629,µmol/L,Humid,17.624,deg,89252,µV,28.753,°C,1017,hPa,35.3,pmil,0,55.4,deg,20,°C,100,%a.s.,22.63,deg,20,°C,972,hPa,0.816,-0.01371,0.000397,-0.00013,0,10.11,Humid,22.75,0,51,240992.69,SABD0000000001,AAV1.0.0.11,1.1.2.0,PSt7-10,191107-136,2/17/22 12:14,0000-00,0,no battery,V
4/18/22,12:15:03,9,default,199182947,OXY-CH9,25.451,min,268.636,µmol/L,Humid,17.622,deg,89258,µV,28.758,°C,1017,hPa,35.3,pmil,0,55.4,deg,20,°C,100,%a.s.,22.63,deg,20,°C,972,hPa,0.816,-0.01371,0.000397,-0.00013,0,10.11,Humid,22.75,0,51,240997.12,SABD0000000001,AAV1.0.0.11,1.1.2.0,PSt7-10,191107-136,2/17/22 12:14,0000-00,0,no battery,V
4/18/22,12:15:04,9,default,199182947,OXY-CH9,25.467,min,268.482,µmol/L,Humid,17.625,deg,89271,µV,28.767,°C,1017,hPa,35.3,pmil,0,55.4,deg,20,°C,100,%a.s.,22.63,deg,20,°C,972,hPa,0.816,-0.01371,0.000397,-0.00013,0,10.11,Humid,22.75,0,51,240991.15,SABD0000000001,AAV1.0.0.11,1.1.2.0,PSt7-10,191107-136,2/17/22 12:14,0000-00,0,no battery,V
4/18/22,12:15:05,9,default,199182947,OXY-CH9,25.484,min,268.471,µmol/L,Humid,17.627,deg,89272,µV,28.762,°C,1017,hPa,35.3,pmil,0,55.4,deg,20,°C,100,%a.s.,22.63,deg,20,°C,972,hPa,0.816,-0.01371,0.000397,-0.00013,0,10.11,Humid,22.75,0,51,240996.14,SABD0000000001,AAV1.0.0.11,1.1.2.0,PSt7-10,191107-136,2/17/22 12:14,0000-00,0,no battery,V
4/18/22,12:15:06,9,default,199182947,OXY-CH9,25.501,min,268.555,µmol/L,Humid,17.628,deg,89275,µV,28.749,°C,1017,hPa,35.3,pmil,0,55.4,deg,20,°C,100,%a.s.,22.63,deg,20,°C,972,hPa,0.816,-0.01371,0.000397,-0.00013,0,10.11,Humid,22.75,0,51,240996.58,SABD0000000001,AAV1.0.0.11,1.1.2.0,PSt7-10,191107-136,2/17/22 12:14,0000-00,0,no battery,V
4/18/22,12:15:07,9,default,199182947,OXY-CH9,25.517,min,268.551,µmol/L,Humid,17.626,deg,89286,µV,28.756,°C,1017,hPa,35.3,pmil,0,55.4,deg,20,°C,100,%a.s.,22.63,deg,20,°C,972,hPa,0.816,-0.01371,0.000397,-0.00013,0,10.11,Humid,22.75,0,51,241000.72,SABD0000000001,AAV1.0.0.11,1.1.2.0,PSt7-10,191107-136,2/17/22 12:14,0000-00,0,no battery,V
4/18/22,12:15:08,9,default,199182947,OXY-CH9,25.534,min,268.419,µmol/L,Humid,17.629,deg,89282,µV,28.762,°C,1017,hPa,35.3,pmil,0,55.4,deg,20,°C,100,%a.s.,22.63,deg,20,°C,972,hPa,0.816,-0.01371,0.000397,-0.00013,0,10.11,Humid,22.75,0,51,241009.65,SABD0000000001,AAV1.0.0.11,1.1.2.0,PSt7-10,191107-136,2/17/22 12:14,0000-00,0,no battery,V
4/18/22,12:15:09,9,default,199182947,OXY-CH9,25.551,min,268.292,µmol/L,Humid,17.632,deg,89291,µV,28.768,°C,1017,hPa,35.3,pmil,0,55.4,deg,20,°C,100,%a.s.,22.63,deg,20,°C,972,hPa,0.816,-0.01371,0.000397,-0.00013,0,10.11,Humid,22.75,0,51,241009.73,SABD0000000001,AAV1.0.0.11,1.1.2.0,PSt7-10,191107-136,2/17/22 12:14,0000-00,0,no battery,V
4/18/22,12:15:10,9,default,199182947,OXY-CH9,25.568,min,268.255,µmol/L,Humid,17.632,deg,89293,µV,28.773,°C,1017,hPa,35.3,pmil,0,55.4,deg,20,°C,100,%a.s.,22.63,deg,20,°C,972,hPa,0.816,-0.01371,0.000397,-0.00013,0,10.11,Humid,22.75,0,51,241008.69,SABD0000000001,AAV1.0.0.11,1.1.2.0,PSt7-10,191107-136,2/17/22 12:14,0000-00,0,no battery,V
4/18/22,12:15:11,9,default,199182947,OXY-CH9,25.584,min,268.218,µmol/L,Humid,17.635,deg,89295,µV,28.768,°C,1017,hPa,35.3,pmil,0,55.4,deg,20,°C,100,%a.s.,22.63,deg,20,°C,972,hPa,0.816,-0.01371,0.000397,-0.00013,0,10.11,Humid,22.75,0,51,240998.56,SABD0000000001,AAV1.0.0.11,1.1.2.0,PSt7-10,191107-136,2/17/22 12:14,0000-00,0,no battery,V
4/18/22,12:15:12,9,default,199182947,OXY-CH9,25.6,min,268.189,µmol/L,Humid,17.634,deg,89302,µV,28.775,°C,1017,hPa,35.3,pmil,0,55.4,deg,20,°C,100,%a.s.,22.63,deg,20,°C,972,hPa,0.816,-0.01371,0.000397,-0.00013,0,10.11,Humid,22.75,0,51,241004.19,SABD0000000001,AAV1.0.0.11,1.1.2.0,PSt7-10,191107-136,2/17/22 12:14,0000-00,0,no battery,V
4/18/22,12:15:13,9,default,199182947,OXY-CH9,25.617,min,268.23,µmol/L,Humid,17.633,deg,89310,µV,28.773,°C,1017,hPa,35.3,pmil,0,55.4,deg,20,°C,100,%a.s.,22.63,deg,20,°C,972,hPa,0.816,-0.01371,0.000397,-0.00013,0,10.11,Humid,22.75,0,51,241010.43,SABD0000000001,AAV1.0.0.11,1.1.2.0,PSt7-10,191107-136,2/17/22 12:14,0000-00,0,no battery,V
4/18/22,12:15:14,9,default,199182947,OXY-CH9,25.634,min,268.213,µmol/L,Humid,17.635,deg,89316,µV,28.769,°C,1017,hPa,35.3,pmil,0,55.4,deg,20,°C,100,%a.s.,22.63,deg,20,°C,972,hPa,0.816,-0.01371,0.000397,-0.00013,0,10.11,Humid,22.75,0,51,241009.45,SABD0000000001,AAV1.0.0.11,1.1.2.0,PSt7-10,191107-136,2/17/22 12:14,0000-00,0,no battery,V
4/18/22,12:15:15,9,default,199182947,OXY-CH9,25.651,min,268.104,µmol/L,Humid,17.64,deg,89315,µV,28.766,°C,1017,hPa,35.3,pmil,0,55.4,deg,20,°C,100,%a.s.,22.63,deg,20,°C,972,hPa,0.816,-0.01371,0.000397,-0.00013,0,10.11,Humid,22.75,0,51,241010.79,SABD0000000001,AAV1.0.0.11,1.1.2.0,PSt7-10,191107-136,2/17/22 12:14,0000-00,0,no battery,V
4/18/22,12:15:16,9,default,199182947,OXY-CH9,25.668,min,268.204,µmol/L,Humid,17.638,deg,89325,µV,28.76,°C,1017,hPa,35.3,pmil,0,55.4,deg,20,°C,100,%a.s.,22.63,deg,20,°C,972,hPa,0.816,-0.01371,0.000397,-0.00013,0,10.11,Humid,22.75,0,51,241010.58,SABD0000000001,AAV1.0.0.11,1.1.2.0,PSt7-10,191107-136,2/17/22 12:14,0000-00,0,no battery,V
4/18/22,12:15:17,9,default,199182947,OXY-CH9,25.684,min,268.407,µmol/L,Humid,17.634,deg,89328,µV,28.748,°C,1017,hPa,35.3,pmil,0,55.4,deg,20,°C,100,%a.s.,22.63,deg,20,°C,972,hPa,0.816,-0.01371,0.000397,-0.00013,0,10.11,Humid,22.75,0,51,241010.05,SABD0000000001,AAV1.0.0.11,1.1.2.0,PSt7-10,191107-136,2/17/22 12:14,0000-00,0,no battery,V
4/18/22,12:15:18,9,default,199182947,OXY-CH9,25.701,min,268.081,µmol/L,Humid,17.637,deg,89338,µV,28.778,°C,1017,hPa,35.3,pmil,0,55.4,deg,20,°C,100,%a.s.,22.63,deg,20,°C,972,hPa,0.816,-0.01371,0.000397,-0.00013,0,10.11,Humid,22.75,0,51,241005.15,SABD0000000001,AAV1.0.0.11,1.1.2.0,PSt7-10,191107-136,2/17/22 12:14,0000-00,0,no battery,V
4/18/22,12:15:19,9,default,199182947,OXY-CH9,25.718,min,267.876,µmol/L,Humid,17.646,deg,89344,µV,28.775,°C,1017,hPa,35.3,pmil,0,55.4,deg,20,°C,100,%a.s.,22.63,deg,20,°C,972,hPa,0.816,-0.01371,0.000397,-0.00013,0,10.11,Humid,22.75,0,51,241024.38,SABD0000000001,AAV1.0.0.11,1.1.2.0,PSt7-10,191107-136,2/17/22 12:14,0000-00,0,no battery,V
4/18/22,12:15:20,9,default,199182947,OXY-CH9,25.735,min,268.118,µmol/L,Humid,17.638,deg,89342,µV,28.771,°C,1017,hPa,35.3,pmil,0,55.4,deg,20,°C,100,%a.s.,22.63,deg,20,°C,972,hPa,0.816,-0.01371,0.000397,-0.00013,0,10.11,Humid,22.75,0,51,241020.25,SABD0000000001,AAV1.0.0.11,1.1.2.0,PSt7-10,191107-136,2/17/22 12:14,0000-00,0,no battery,V
4/18/22,12:15:21,9,default,199182947,OXY-CH9,25.751,min,268.267,µmol/L,Humid,17.64,deg,89345,µV,28.746,°C,1017,hPa,35.3,pmil,0,55.4,deg,20,°C,100,%a.s.,22.63,deg,20,°C,972,hPa,0.816,-0.01371,0.000397,-0.00013,0,10.11,Humid,22.75,0,51,241013.7,SABD0000000001,AAV1.0.0.11,1.1.2.0,PSt7-10,191107-136,2/17/22 12:14,0000-00,0,no battery,V
4/18/22,12:15:22,9,default,199182947,OXY-CH9,25.767,min,268.133,µmol/L,Humid,17.639,deg,89360,µV,28.766,°C,1017,hPa,35.3,pmil,0,55.4,deg,20,°C,100,%a.s.,22.63,deg,20,°C,972,hPa,0.816,-0.01371,0.000397,-0.00013,0,10.11,Humid,22.75,0,51,241019.79,SABD0000000001,AAV1.0.0.11,1.1.2.0,PSt7-10,191107-136,2/17/22 12:14,0000-00,0,no battery,V
4/18/22,12:15:23,9,default,199182947,OXY-CH9,25.784,min,268.151,µmol/L,Humid,17.64,deg,89361,µV,28.76,°C,1017,hPa,35.3,pmil,0,55.4,deg,20,°C,100,%a.s.,22.63,deg,20,°C,972,hPa,0.816,-0.01371,0.000397,-0.00013,0,10.11,Humid,22.75,0,51,241025.58,SABD0000000001,AAV1.0.0.11,1.1.2.0,PSt7-10,191107-136,2/17/22 12:14,0000-00,0,no battery,V
4/18/22,12:15:24,9,default,199182947,OXY-CH9,25.801,min,268.065,µmol/L,Humid,17.642,deg,89354,µV,28.765,°C,1017,hPa,35.3,pmil,0,55.4,deg,20,°C,100,%a.s.,22.63,deg,20,°C,972,hPa,0.816,-0.01371,0.000397,-0.00013,0,10.11,Humid,22.75,0,51,241022.2,SABD0000000001,AAV1.0.0.11,1.1.2.0,PSt7-10,191107-136,2/17/22 12:14,0000-00,0,no battery,V
4/18/22,12:15:25,9,default,199182947,OXY-CH9,25.817,min,268.052,µmol/L,Humid,17.645,deg,89371,µV,28.757,°C,1017,hPa,35.3,pmil,0,55.4,deg,20,°C,100,%a.s.,22.63,deg,20,°C,972,hPa,0.816,-0.01371,0.000397,-0.00013,0,10.11,Humid,22.75,0,51,241029.71,SABD0000000001,AAV1.0.0.11,1.1.2.0,PSt7-10,191107-136,2/17/22 12:14,0000-00,0,no battery,V
4/18/22,12:15:26,9,default,199182947,OXY-CH9,25.834,min,268.044,µmol/L,Humid,17.649,deg,89371,µV,28.745,°C,1017,hPa,35.3,pmil,0,55.4,deg,20,°C,100,%a.s.,22.63,deg,20,°C,972,hPa,0.816,-0.01371,0.000397,-0.00013,0,10.11,Humid,22.75,0,51,241023.18,SABD0000000001,AAV1.0.0.11,1.1.2.0,PSt7-10,191107-136,2/17/22 12:14,0000-00,0,no battery,V
4/18/22,12:15:27,9,default,199182947,OXY-CH9,25.851,min,267.959,µmol/L,Humid,17.645,deg,89379,µV,28.768,°C,1017,hPa,35.3,pmil,0,55.4,deg,20,°C,100,%a.s.,22.63,deg,20,°C,972,hPa,0.816,-0.01371,0.000397,-0.00013,0,10.11,Humid,22.75,0,51,241027,SABD0000000001,AAV1.0.0.11,1.1.2.0,PSt7-10,191107-136,2/17/22 12:14,0000-00,0,no battery,V
4/18/22,12:15:28,9,default,199182947,OXY-CH9,25.867,min,267.767,µmol/L,Humid,17.651,deg,89385,µV,28.772,°C,1017,hPa,35.3,pmil,0,55.4,deg,20,°C,100,%a.s.,22.63,deg,20,°C,972,hPa,0.816,-0.01371,0.000397,-0.00013,0,10.11,Humid,22.75,0,51,241022.78,SABD0000000001,AAV1.0.0.11,1.1.2.0,PSt7-10,191107-136,2/17/22 12:14,0000-00,0,no battery,V
4/18/22,12:15:29,9,default,199182947,OXY-CH9,25.884,min,267.927,µmol/L,Humid,17.648,deg,89387,µV,28.762,°C,1017,hPa,35.3,pmil,0,55.4,deg,20,°C,100,%a.s.,22.63,deg,20,°C,972,hPa,0.816,-0.01371,0.000397,-0.00013,0,10.11,Humid,22.75,0,51,241030.82,SABD0000000001,AAV1.0.0.11,1.1.2.0,PSt7-10,191107-136,2/17/22 12:14,0000-00,0,no battery,V
4/18/22,12:15:30,9,default,199182947,OXY-CH9,25.901,min,267.931,µmol/L,Humid,17.649,deg,89390,µV,28.759,°C,1017,hPa,35.3,pmil,0,55.4,deg,20,°C,100,%a.s.,22.63,deg,20,°C,972,hPa,0.816,-0.01371,0.000397,-0.00013,0,10.11,Humid,22.75,0,51,241027.65,SABD0000000001,AAV1.0.0.11,1.1.2.0,PSt7-10,191107-136,2/17/22 12:14,0000-00,0,no battery,V
4/18/22,12:15:31,9,default,199182947,OXY-CH9,25.918,min,267.947,µmol/L,Humid,17.649,deg,89396,µV,28.757,°C,1017,hPa,35.3,pmil,0,55.4,deg,20,°C,100,%a.s.,22.63,deg,20,°C,972,hPa,0.816,-0.01371,0.000397,-0.00013,0,10.11,Humid,22.75,0,51,241038.53,SABD0000000001,AAV1.0.0.11,1.1.2.0,PSt7-10,191107-136,2/17/22 12:14,0000-00,0,no battery,V
4/18/22,12:15:32,9,default,199182947,OXY-CH9,25.934,min,267.787,µmol/L,Humid,17.652,deg,89398,µV,28.767,°C,1017,hPa,35.3,pmil,0,55.4,deg,20,°C,100,%a.s.,22.63,deg,20,°C,972,hPa,0.816,-0.01371,0.000397,-0.00013,0,10.11,Humid,22.75,0,51,241028.92,SABD0000000001,AAV1.0.0.11,1.1.2.0,PSt7-10,191107-136,2/17/22 12:14,0000-00,0,no battery,V
4/18/22,12:15:33,9,default,199182947,OXY-CH9,25.951,min,267.992,µmol/L,Humid,17.645,deg,89403,µV,28.764,°C,1017,hPa,35.3,pmil,0,55.4,deg,20,°C,100,%a.s.,22.63,deg,20,°C,972,hPa,0.816,-0.01371,0.000397,-0.00013,0,10.11,Humid,22.75,0,51,241037.26,SABD0000000001,AAV1.0.0.11,1.1.2.0,PSt7-10,191107-136,2/17/22 12:14,0000-00,0,no battery,V
4/18/22,12:15:34,9,default,199182947,OXY-CH9,25.967,min,267.973,µmol/L,Humid,17.649,deg,89408,µV,28.754,°C,1017,hPa,35.3,pmil,0,55.4,deg,20,°C,100,%a.s.,22.63,deg,20,°C,972,hPa,0.816,-0.01371,0.000397,-0.00013,0,10.11,Humid,22.75,0,51,241029.06,SABD0000000001,AAV1.0.0.11,1.1.2.0,PSt7-10,191107-136,2/17/22 12:14,0000-00,0,no battery,V
4/18/22,12:15:35,9,default,199182947,OXY-CH9,25.984,min,267.915,µmol/L,Humid,17.65,deg,89416,µV,28.758,°C,1017,hPa,35.3,pmil,0,55.4,deg,20,°C,100,%a.s.,22.63,deg,20,°C,972,hPa,0.816,-0.01371,0.000397,-0.00013,0,10.11,Humid,22.75,0,51,241042.14,SABD0000000001,AAV1.0.0.11,1.1.2.0,PSt7-10,191107-136,2/17/22 12:14,0000-00,0,no battery,V
4/18/22,12:15:36,9,default,199182947,OXY-CH9,26,min,267.841,µmol/L,Humid,17.652,deg,89417,µV,28.76,°C,1017,hPa,35.3,pmil,0,55.4,deg,20,°C,100,%a.s.,22.63,deg,20,°C,972,hPa,0.816,-0.01371,0.000397,-0.00013,0,10.11,Humid,22.75,0,51,241040.22,SABD0000000001,AAV1.0.0.11,1.1.2.0,PSt7-10,191107-136,2/17/22 12:14,0000-00,0,no battery,V
4/18/22,12:15:37,9,default,199182947,OXY-CH9,26.017,min,267.732,µmol/L,Humid,17.655,deg,89431,µV,28.764,°C,1017,hPa,35.3,pmil,0,55.4,deg,20,°C,100,%a.s.,22.63,deg,20,°C,972,hPa,0.816,-0.01371,0.000397,-0.00013,0,10.11,Humid,22.75,0,51,241047.59,SABD0000000001,AAV1.0.0.11,1.1.2.0,PSt7-10,191107-136,2/17/22 12:14,0000-00,0,no battery,V
4/18/22,12:15:38,9,default,199182947,OXY-CH9,26.034,min,267.842,µmol/L,Humid,17.653,deg,89432,µV,28.757,°C,1017,hPa,35.3,pmil,0,55.4,deg,20,°C,100,%a.s.,22.63,deg,20,°C,972,hPa,0.816,-0.01371,0.000397,-0.00013,0,10.11,Humid,22.75,0,51,241035.19,SABD0000000001,AAV1.0.0.11,1.1.2.0,PSt7-10,191107-136,2/17/22 12:14,0000-00,0,no battery,V
4/18/22,12:15:39,9,default,199182947,OXY-CH9,26.051,min,267.85,µmol/L,Humid,17.654,deg,89431,µV,28.753,°C,1017,hPa,35.3,pmil,0,55.4,deg,20,°C,100,%a.s.,22.63,deg,20,°C,972,hPa,0.816,-0.01371,0.000397,-0.00013,0,10.11,Humid,22.75,0,51,241033.47,SABD0000000001,AAV1.0.0.11,1.1.2.0,PSt7-10,191107-136,2/17/22 12:14,0000-00,0,no battery,V
4/18/22,12:15:40,9,default,199182947,OXY-CH9,26.067,min,267.775,µmol/L,Humid,17.657,deg,89440,µV,28.752,°C,1017,hPa,35.3,pmil,0,55.4,deg,20,°C,100,%a.s.,22.63,deg,20,°C,972,hPa,0.816,-0.01371,0.000397,-0.00013,0,10.11,Humid,22.75,0,51,241038.06,SABD0000000001,AAV1.0.0.11,1.1.2.0,PSt7-10,191107-136,2/17/22 12:14,0000-00,0,no battery,V
4/18/22,12:15:41,9,default,199182947,OXY-CH9,26.084,min,267.854,µmol/L,Humid,17.654,deg,89445,µV,28.752,°C,1017,hPa,35.3,pmil,0,55.4,deg,20,°C,100,%a.s.,22.63,deg,20,°C,972,hPa,0.816,-0.01371,0.000397,-0.00013,0,10.11,Humid,22.75,0,51,241031.56,SABD0000000001,AAV1.0.0.11,1.1.2.0,PSt7-10,191107-136,2/17/22 12:14,0000-00,0,no battery,V
4/18/22,12:15:42,9,default,199182947,OXY-CH9,26.101,min,267.744,µmol/L,Humid,17.659,deg,89458,µV,28.75,°C,1017,hPa,35.3,pmil,0,55.4,deg,20,°C,100,%a.s.,22.63,deg,20,°C,972,hPa,0.816,-0.01371,0.000397,-0.00013,0,10.11,Humid,22.75,0,51,241040.19,SABD0000000001,AAV1.0.0.11,1.1.2.0,PSt7-10,191107-136,2/17/22 12:14,0000-00,0,no battery,V
4/18/22,12:15:43,9,default,199182947,OXY-CH9,26.117,min,267.691,µmol/L,Humid,17.66,deg,89454,µV,28.753,°C,1017,hPa,35.3,pmil,0,55.4,deg,20,°C,100,%a.s.,22.63,deg,20,°C,972,hPa,0.816,-0.01371,0.000397,-0.00013,0,10.11,Humid,22.75,0,51,241044.09,SABD0000000001,AAV1.0.0.11,1.1.2.0,PSt7-10,191107-136,2/17/22 12:14,0000-00,0,no battery,V
4/18/22,12:15:44,9,default,199182947,OXY-CH9,26.134,min,267.725,µmol/L,Humid,17.66,deg,89464,µV,28.749,°C,1017,hPa,35.3,pmil,0,55.4,deg,20,°C,100,%a.s.,22.63,deg,20,°C,972,hPa,0.816,-0.01371,0.000397,-0.00013,0,10.11,Humid,22.75,0,51,241053.75,SABD0000000001,AAV1.0.0.11,1.1.2.0,PSt7-10,191107-136,2/17/22 12:14,0000-00,0,no battery,V
4/18/22,12:15:45,9,default,199182947,OXY-CH9,26.151,min,267.668,µmol/L,Humid,17.658,deg,89469,µV,28.762,°C,1017,hPa,35.3,pmil,0,55.4,deg,20,°C,100,%a.s.,22.63,deg,20,°C,972,hPa,0.816,-0.01371,0.000397,-0.00013,0,10.11,Humid,22.75,0,51,241047.51,SABD0000000001,AAV1.0.0.11,1.1.2.0,PSt7-10,191107-136,2/17/22 12:14,0000-00,0,no battery,V
4/18/22,12:15:46,9,default,199182947,OXY-CH9,26.168,min,267.654,µmol/L,Humid,17.661,deg,89468,µV,28.755,°C,1017,hPa,35.3,pmil,0,55.4,deg,20,°C,100,%a.s.,22.63,deg,20,°C,972,hPa,0.816,-0.01371,0.000397,-0.00013,0,10.11,Humid,22.75,0,51,241047.6,SABD0000000001,AAV1.0.0.11,1.1.2.0,PSt7-10,191107-136,2/17/22 12:14,0000-00,0,no battery,V
4/18/22,12:15:47,9,default,199182947,OXY-CH9,26.184,min,267.499,µmol/L,Humid,17.661,deg,89480,µV,28.774,°C,1017,hPa,35.3,pmil,0,55.4,deg,20,°C,100,%a.s.,22.63,deg,20,°C,972,hPa,0.816,-0.01371,0.000397,-0.00013,0,10.11,Humid,22.75,0,51,241049.82,SABD0000000001,AAV1.0.0.11,1.1.2.0,PSt7-10,191107-136,2/17/22 12:14,0000-00,0,no battery,V
4/18/22,12:15:48,9,default,199182947,OXY-CH9,26.201,min,267.481,µmol/L,Humid,17.665,deg,89488,µV,28.763,°C,1017,hPa,35.3,pmil,0,55.4,deg,20,°C,100,%a.s.,22.63,deg,20,°C,972,hPa,0.816,-0.01371,0.000397,-0.00013,0,10.11,Humid,22.75,0,51,241050.1,SABD0000000001,AAV1.0.0.11,1.1.2.0,PSt7-10,191107-136,2/17/22 12:14,0000-00,0,no battery,V
4/18/22,12:15:49,9,default,199182947,OXY-CH9,26.218,min,267.565,µmol/L,Humid,17.664,deg,89485,µV,28.756,°C,1017,hPa,35.3,pmil,0,55.4,deg,20,°C,100,%a.s.,22.63,deg,20,°C,972,hPa,0.816,-0.01371,0.000397,-0.00013,0,10.11,Humid,22.75,0,51,241047.17,SABD0000000001,AAV1.0.0.11,1.1.2.0,PSt7-10,191107-136,2/17/22 12:14,0000-00,0,no battery,V
4/18/22,12:15:50,9,default,199182947,OXY-CH9,26.235,min,267.608,µmol/L,Humid,17.663,deg,89493,µV,28.754,°C,1017,hPa,35.3,pmil,0,55.4,deg,20,°C,100,%a.s.,22.63,deg,20,°C,972,hPa,0.816,-0.01371,0.000397,-0.00013,0,10.11,Humid,22.75,0,51,241056.05,SABD0000000001,AAV1.0.0.11,1.1.2.0,PSt7-10,191107-136,2/17/22 12:14,0000-00,0,no battery,V
4/18/22,12:15:51,9,default,199182947,OXY-CH9,26.251,min,267.48,µmol/L,Humid,17.666,deg,89494,µV,28.76,°C,1017,hPa,35.3,pmil,0,55.4,deg,20,°C,100,%a.s.,22.63,deg,20,°C,972,hPa,0.816,-0.01371,0.000397,-0.00013,0,10.11,Humid,22.75,0,51,241057.38,SABD0000000001,AAV1.0.0.11,1.1.2.0,PSt7-10,191107-136,2/17/22 12:14,0000-00,0,no battery,V
4/18/22,12:15:52,9,default,199182947,OXY-CH9,26.267,min,267.543,µmol/L,Humid,17.665,deg,89500,µV,28.756,°C,1017,hPa,35.3,pmil,0,55.4,deg,20,°C,100,%a.s.,22.63,deg,20,°C,972,hPa,0.816,-0.01371,0.000397,-0.00013,0,10.11,Humid,22.75,0,51,241056.18,SABD0000000001,AAV1.0.0.11,1.1.2.0,PSt7-10,191107-136,2/17/22 12:14,0000-00,0,no battery,V
4/18/22,12:15:53,9,default,199182947,OXY-CH9,26.284,min,267.391,µmol/L,Humid,17.67,deg,89504,µV,28.758,°C,1017,hPa,35.3,pmil,0,55.4,deg,20,°C,100,%a.s.,22.63,deg,20,°C,972,hPa,0.816,-0.01371,0.000397,-0.00013,0,10.11,Humid,22.75,0,51,241053.16,SABD0000000001,AAV1.0.0.11,1.1.2.0,PSt7-10,191107-136,2/17/22 12:14,0000-00,0,no battery,V
4/18/22,12:15:54,9,default,199182947,OXY-CH9,26.301,min,267.525,µmol/L,Humid,17.669,deg,89510,µV,28.745,°C,1017,hPa,35.3,pmil,0,55.4,deg,20,°C,100,%a.s.,22.63,deg,20,°C,972,hPa,0.816,-0.01371,0.000397,-0.00013,0,10.11,Humid,22.75,0,51,241062.84,SABD0000000001,AAV1.0.0.11,1.1.2.0,PSt7-10,191107-136,2/17/22 12:14,0000-00,0,no battery,V
4/18/22,12:15:55,9,default,199182947,OXY-CH9,26.317,min,267.642,µmol/L,Humid,17.664,deg,89519,µV,28.747,°C,1017,hPa,35.3,pmil,0,55.4,deg,20,°C,100,%a.s.,22.63,deg,20,°C,972,hPa,0.816,-0.01371,0.000397,-0.00013,0,10.11,Humid,22.75,0,51,241056.85,SABD0000000001,AAV1.0.0.11,1.1.2.0,PSt7-10,191107-136,2/17/22 12:14,0000-00,0,no battery,V
4/18/22,12:15:56,9,default,199182947,OXY-CH9,26.334,min,267.442,µmol/L,Humid,17.67,deg,89522,µV,28.752,°C,1017,hPa,35.3,pmil,0,55.4,deg,20,°C,100,%a.s.,22.63,deg,20,°C,972,hPa,0.816,-0.01371,0.000397,-0.00013,0,10.11,Humid,22.75,0,51,241059.33,SABD0000000001,AAV1.0.0.11,1.1.2.0,PSt7-10,191107-136,2/17/22 12:14,0000-00,0,no battery,V
4/18/22,12:15:57,9,default,199182947,OXY-CH9,26.351,min,267.58,µmol/L,Humid,17.667,deg,89527,µV,28.745,°C,1017,hPa,35.3,pmil,0,55.4,deg,20,°C,100,%a.s.,22.63,deg,20,°C,972,hPa,0.816,-0.01371,0.000397,-0.00013,0,10.11,Humid,22.75,0,51,241077.44,SABD0000000001,AAV1.0.0.11,1.1.2.0,PSt7-10,191107-136,2/17/22 12:14,0000-00,0,no battery,V
4/18/22,12:15:58,9,default,199182947,OXY-CH9,26.367,min,267.363,µmol/L,Humid,17.671,deg,89532,µV,28.759,°C,1017,hPa,35.3,pmil,0,55.4,deg,20,°C,100,%a.s.,22.63,deg,20,°C,972,hPa,0.816,-0.01371,0.000397,-0.00013,0,10.11,Humid,22.75,0,51,241058.97,SABD0000000001,AAV1.0.0.11,1.1.2.0,PSt7-10,191107-136,2/17/22 12:14,0000-00,0,no battery,V
4/18/22,12:15:59,9,default,199182947,OXY-CH9,26.384,min,267.443,µmol/L,Humid,17.671,deg,89543,µV,28.749,°C,1017,hPa,35.3,pmil,0,55.4,deg,20,°C,100,%a.s.,22.63,deg,20,°C,972,hPa,0.816,-0.01371,0.000397,-0.00013,0,10.11,Humid,22.75,0,51,241071.59,SABD0000000001,AAV1.0.0.11,1.1.2.0,PSt7-10,191107-136,2/17/22 12:14,0000-00,0,no battery,V
4/18/22,12:16:00,9,default,199182947,OXY-CH9,26.401,min,267.468,µmol/L,Humid,17.669,deg,89540,µV,28.752,°C,1017,hPa,35.3,pmil,0,55.4,deg,20,°C,100,%a.s.,22.63,deg,20,°C,972,hPa,0.816,-0.01371,0.000397,-0.00013,0,10.11,Humid,22.75,0,51,241061.04,SABD0000000001,AAV1.0.0.11,1.1.2.0,PSt7-10,191107-136,2/17/22 12:14,0000-00,0,no battery,V
4/18/22,12:16:01,9,default,199182947,OXY-CH9,26.418,min,267.567,µmol/L,Humid,17.668,deg,89544,µV,28.743,°C,1017,hPa,35.3,pmil,0,55.4,deg,20,°C,100,%a.s.,22.63,deg,20,°C,972,hPa,0.816,-0.01371,0.000397,-0.00013,0,10.11,Humid,22.75,0,51,241064.15,SABD0000000001,AAV1.0.0.11,1.1.2.0,PSt7-10,191107-136,2/17/22 12:14,0000-00,0,no battery,V
4/18/22,12:16:02,9,default,199182947,OXY-CH9,26.435,min,267.45,µmol/L,Humid,17.674,deg,89553,µV,28.739,°C,1017,hPa,35.3,pmil,0,55.4,deg,20,°C,100,%a.s.,22.63,deg,20,°C,972,hPa,0.816,-0.01371,0.000397,-0.00013,0,10.11,Humid,22.75,0,51,241068,SABD0000000001,AAV1.0.0.11,1.1.2.0,PSt7-10,191107-136,2/17/22 12:14,0000-00,0,no battery,V
4/18/22,12:16:03,9,default,199182947,OXY-CH9,26.451,min,267.413,µmol/L,Humid,17.675,deg,89553,µV,28.74,°C,1017,hPa,35.3,pmil,0,55.4,deg,20,°C,100,%a.s.,22.63,deg,20,°C,972,hPa,0.816,-0.01371,0.000397,-0.00013,0,10.11,Humid,22.75,0,51,241065.41,SABD0000000001,AAV1.0.0.11,1.1.2.0,PSt7-10,191107-136,2/17/22 12:14,0000-00,0,no battery,V
4/18/22,12:16:04,9,default,199182947,OXY-CH9,26.467,min,267.402,µmol/L,Humid,17.677,deg,89561,µV,28.735,°C,1017,hPa,35.3,pmil,0,55.4,deg,20,°C,100,%a.s.,22.63,deg,20,°C,972,hPa,0.816,-0.01371,0.000397,-0.00013,0,10.11,Humid,22.75,0,51,241069.54,SABD0000000001,AAV1.0.0.11,1.1.2.0,PSt7-10,191107-136,2/17/22 12:14,0000-00,0,no battery,V
4/18/22,12:16:05,9,default,199182947,OXY-CH9,26.484,min,267.401,µmol/L,Humid,17.672,deg,89565,µV,28.751,°C,1017,hPa,35.3,pmil,0,55.4,deg,20,°C,100,%a.s.,22.63,deg,20,°C,972,hPa,0.816,-0.01371,0.000397,-0.00013,0,10.11,Humid,22.75,0,51,241074.22,SABD0000000001,AAV1.0.0.11,1.1.2.0,PSt7-10,191107-136,2/17/22 12:14,0000-00,0,no battery,V
4/18/22,12:16:06,9,default,199182947,OXY-CH9,26.501,min,267.267,µmol/L,Humid,17.677,deg,89570,µV,28.751,°C,1017,hPa,35.3,pmil,0,55.4,deg,20,°C,100,%a.s.,22.63,deg,20,°C,972,hPa,0.816,-0.01371,0.000397,-0.00013,0,10.11,Humid,22.75,0,51,241073.03,SABD0000000001,AAV1.0.0.11,1.1.2.0,PSt7-10,191107-136,2/17/22 12:14,0000-00,0,no battery,V
4/18/22,12:16:07,9,default,199182947,OXY-CH9,26.517,min,267.093,µmol/L,Humid,17.682,deg,89575,µV,28.757,°C,1017,hPa,35.3,pmil,0,55.4,deg,20,°C,100,%a.s.,22.63,deg,20,°C,972,hPa,0.816,-0.01371,0.000397,-0.00013,0,10.11,Humid,22.75,0,51,241071.37,SABD0000000001,AAV1.0.0.11,1.1.2.0,PSt7-10,191107-136,2/17/22 12:14,0000-00,0,no battery,V
4/18/22,12:16:08,9,default,199182947,OXY-CH9,26.534,min,267.206,µmol/L,Humid,17.677,deg,89578,µV,28.759,°C,1017,hPa,35.3,pmil,0,55.4,deg,20,°C,100,%a.s.,22.63,deg,20,°C,972,hPa,0.816,-0.01371,0.000397,-0.00013,0,10.11,Humid,22.75,0,51,241070.82,SABD0000000001,AAV1.0.0.11,1.1.2.0,PSt7-10,191107-136,2/17/22 12:14,0000-00,0,no battery,V
4/18/22,12:16:09,9,default,199182947,OXY-CH9,26.551,min,267.27,µmol/L,Humid,17.679,deg,89581,µV,28.745,°C,1017,hPa,35.3,pmil,0,55.4,deg,20,°C,100,%a.s.,22.63,deg,20,°C,972,hPa,0.816,-0.01371,0.000397,-0.00013,0,10.11,Humid,22.75,0,51,241078.05,SABD0000000001,AAV1.0.0.11,1.1.2.0,PSt7-10,191107-136,2/17/22 12:14,0000-00,0,no battery,V
4/18/22,12:16:10,9,default,199182947,OXY-CH9,26.568,min,267.24,µmol/L,Humid,17.676,deg,89595,µV,28.758,°C,1017,hPa,35.3,pmil,0,55.4,deg,20,°C,100,%a.s.,22.63,deg,20,°C,972,hPa,0.816,-0.01371,0.000397,-0.00013,0,10.11,Humid,22.75,0,51,241085.56,SABD0000000001,AAV1.0.0.11,1.1.2.0,PSt7-10,191107-136,2/17/22 12:14,0000-00,0,no battery,V
4/18/22,12:16:11,9,default,199182947,OXY-CH9,26.585,min,267.245,µmol/L,Humid,17.678,deg,89599,µV,28.751,°C,1017,hPa,35.3,pmil,0,55.4,deg,20,°C,100,%a.s.,22.63,deg,20,°C,972,hPa,0.816,-0.01371,0.000397,-0.00013,0,10.11,Humid,22.75,0,51,241078.41,SABD0000000001,AAV1.0.0.11,1.1.2.0,PSt7-10,191107-136,2/17/22 12:14,0000-00,0,no battery,V
4/18/22,12:16:12,9,default,199182947,OXY-CH9,26.601,min,267.402,µmol/L,Humid,17.674,deg,89599,µV,28.744,°C,1017,hPa,35.3,pmil,0,55.4,deg,20,°C,100,%a.s.,22.63,deg,20,°C,972,hPa,0.816,-0.01371,0.000397,-0.00013,0,10.11,Humid,22.75,0,51,241078.9,SABD0000000001,AAV1.0.0.11,1.1.2.0,PSt7-10,191107-136,2/17/22 12:14,0000-00,0,no battery,V
4/18/22,12:16:13,9,default,199182947,OXY-CH9,26.618,min,267.185,µmol/L,Humid,17.681,deg,89608,µV,28.749,°C,1017,hPa,35.3,pmil,0,55.4,deg,20,°C,100,%a.s.,22.63,deg,20,°C,972,hPa,0.816,-0.01371,0.000397,-0.00013,0,10.11,Humid,22.75,0,51,241072.57,SABD0000000001,AAV1.0.0.11,1.1.2.0,PSt7-10,191107-136,2/17/22 12:14,0000-00,0,no battery,V
4/18/22,12:16:14,9,default,199182947,OXY-CH9,26.634,min,267.06,µmol/L,Humid,17.686,deg,89608,µV,28.748,°C,1017,hPa,35.3,pmil,0,55.4,deg,20,°C,100,%a.s.,22.63,deg,20,°C,972,hPa,0.816,-0.01371,0.000397,-0.00013,0,10.11,Humid,22.75,0,51,241084.3,SABD0000000001,AAV1.0.0.11,1.1.2.0,PSt7-10,191107-136,2/17/22 12:14,0000-00,0,no battery,V
4/18/22,12:16:15,9,default,199182947,OXY-CH9,26.651,min,267.267,µmol/L,Humid,17.682,deg,89616,µV,28.736,°C,1017,hPa,35.3,pmil,0,55.4,deg,20,°C,100,%a.s.,22.63,deg,20,°C,972,hPa,0.816,-0.01371,0.000397,-0.00013,0,10.11,Humid,22.75,0,51,241083.67,SABD0000000001,AAV1.0.0.11,1.1.2.0,PSt7-10,191107-136,2/17/22 12:14,0000-00,0,no battery,V
4/18/22,12:16:16,9,default,199182947,OXY-CH9,26.667,min,267.058,µmol/L,Humid,17.684,deg,89617,µV,28.755,°C,1017,hPa,35.3,pmil,0,55.4,deg,20,°C,100,%a.s.,22.63,deg,20,°C,972,hPa,0.816,-0.01371,0.000397,-0.00013,0,10.11,Humid,22.75,0,51,241077.93,SABD0000000001,AAV1.0.0.11,1.1.2.0,PSt7-10,191107-136,2/17/22 12:14,0000-00,0,no battery,V
4/18/22,12:16:17,9,default,199182947,OXY-CH9,26.684,min,267.172,µmol/L,Humid,17.683,deg,89625,µV,28.744,°C,1017,hPa,35.3,pmil,0,55.4,deg,20,°C,100,%a.s.,22.63,deg,20,°C,972,hPa,0.816,-0.01371,0.000397,-0.00013,0,10.11,Humid,22.75,0,51,241090.8,SABD0000000001,AAV1.0.0.11,1.1.2.0,PSt7-10,191107-136,2/17/22 12:14,0000-00,0,no battery,V
4/18/22,12:16:18,9,default,199182947,OXY-CH9,26.701,min,267.082,µmol/L,Humid,17.689,deg,89631,µV,28.736,°C,1017,hPa,35.3,pmil,0,55.4,deg,20,°C,100,%a.s.,22.63,deg,20,°C,972,hPa,0.816,-0.01371,0.000397,-0.00013,0,10.11,Humid,22.75,0,51,241085.13,SABD0000000001,AAV1.0.0.11,1.1.2.0,PSt7-10,191107-136,2/17/22 12:14,0000-00,0,no battery,V
4/18/22,12:16:19,9,default,199182947,OXY-CH9,26.717,min,267.148,µmol/L,Humid,17.686,deg,89636,µV,28.738,°C,1017,hPa,35.3,pmil,0,55.4,deg,20,°C,100,%a.s.,22.63,deg,20,°C,972,hPa,0.816,-0.01371,0.000397,-0.00013,0,10.11,Humid,22.75,0,51,241094.19,SABD0000000001,AAV1.0.0.11,1.1.2.0,PSt7-10,191107-136,2/17/22 12:14,0000-00,0,no battery,V
4/18/22,12:16:20,9,default,199182947,OXY-CH9,26.734,min,267.039,µmol/L,Humid,17.689,deg,89643,µV,28.742,°C,1017,hPa,35.3,pmil,0,55.4,deg,20,°C,100,%a.s.,22.63,deg,20,°C,972,hPa,0.816,-0.01371,0.000397,-0.00013,0,10.11,Humid,22.75,0,51,241087.34,SABD0000000001,AAV1.0.0.11,1.1.2.0,PSt7-10,191107-136,2/17/22 12:14,0000-00,0,no battery,V
4/18/22,12:16:21,9,default,199182947,OXY-CH9,26.751,min,267.111,µmol/L,Humid,17.689,deg,89638,µV,28.733,°C,1017,hPa,35.3,pmil,0,55.4,deg,20,°C,100,%a.s.,22.63,deg,20,°C,972,hPa,0.816,-0.01371,0.000397,-0.00013,0,10.11,Humid,22.75,0,51,241086.61,SABD0000000001,AAV1.0.0.11,1.1.2.0,PSt7-10,191107-136,2/17/22 12:14,0000-00,0,no battery,V
4/18/22,12:16:22,9,default,199182947,OXY-CH9,26.767,min,267.248,µmol/L,Humid,17.685,deg,89644,µV,28.728,°C,1017,hPa,35.3,pmil,0,55.4,deg,20,°C,100,%a.s.,22.63,deg,20,°C,972,hPa,0.816,-0.01371,0.000397,-0.00013,0,10.11,Humid,22.75,0,51,241091.29,SABD0000000001,AAV1.0.0.11,1.1.2.0,PSt7-10,191107-136,2/17/22 12:14,0000-00,0,no battery,V
4/18/22,12:16:23,9,default,199182947,OXY-CH9,26.784,min,267.094,µmol/L,Humid,17.689,deg,89651,µV,28.735,°C,1017,hPa,35.3,pmil,0,55.4,deg,20,°C,100,%a.s.,22.63,deg,20,°C,972,hPa,0.816,-0.01371,0.000397,-0.00013,0,10.11,Humid,22.75,0,51,241097.57,SABD0000000001,AAV1.0.0.11,1.1.2.0,PSt7-10,191107-136,2/17/22 12:14,0000-00,0,no battery,V
4/18/22,12:16:24,9,default,199182947,OXY-CH9,26.801,min,266.93,µmol/L,Humid,17.69,deg,89650,µV,28.752,°C,1017,hPa,35.3,pmil,0,55.4,deg,20,°C,100,%a.s.,22.63,deg,20,°C,972,hPa,0.816,-0.01371,0.000397,-0.00013,0,10.11,Humid,22.75,0,51,241090.26,SABD0000000001,AAV1.0.0.11,1.1.2.0,PSt7-10,191107-136,2/17/22 12:14,0000-00,0,no battery,V
4/18/22,12:16:25,9,default,199182947,OXY-CH9,26.818,min,267.028,µmol/L,Humid,17.687,deg,89659,µV,28.749,°C,1017,hPa,35.3,pmil,0,55.4,deg,20,°C,100,%a.s.,22.63,deg,20,°C,972,hPa,0.816,-0.01371,0.000397,-0.00013,0,10.11,Humid,22.75,0,51,241089.9,SABD0000000001,AAV1.0.0.11,1.1.2.0,PSt7-10,191107-136,2/17/22 12:14,0000-00,0,no battery,V
4/18/22,12:16:26,9,default,199182947,OXY-CH9,26.834,min,266.779,µmol/L,Humid,17.693,deg,89664,µV,28.761,°C,1017,hPa,35.3,pmil,0,55.4,deg,20,°C,100,%a.s.,22.63,deg,20,°C,972,hPa,0.816,-0.01371,0.000397,-0.00013,0,10.11,Humid,22.75,0,51,241103.75,SABD0000000001,AAV1.0.0.11,1.1.2.0,PSt7-10,191107-136,2/17/22 12:14,0000-00,0,no battery,V
4/18/22,12:16:27,9,default,199182947,OXY-CH9,26.851,min,266.913,µmol/L,Humid,17.692,deg,89672,µV,28.748,°C,1017,hPa,35.3,pmil,0,55.4,deg,20,°C,100,%a.s.,22.63,deg,20,°C,972,hPa,0.816,-0.01371,0.000397,-0.00013,0,10.11,Humid,22.75,0,51,241091.36,SABD0000000001,AAV1.0.0.11,1.1.2.0,PSt7-10,191107-136,2/17/22 12:14,0000-00,0,no battery,V
4/18/22,12:16:28,9,default,199182947,OXY-CH9,26.868,min,266.862,µmol/L,Humid,17.695,deg,89679,µV,28.744,°C,1017,hPa,35.3,pmil,0,55.4,deg,20,°C,100,%a.s.,22.63,deg,20,°C,972,hPa,0.816,-0.01371,0.000397,-0.00013,0,10.11,Humid,22.75,0,51,241100.58,SABD0000000001,AAV1.0.0.11,1.1.2.0,PSt7-10,191107-136,2/17/22 12:14,0000-00,0,no battery,V
4/18/22,12:16:29,9,default,199182947,OXY-CH9,26.884,min,266.925,µmol/L,Humid,17.694,deg,89679,µV,28.74,°C,1017,hPa,35.3,pmil,0,55.4,deg,20,°C,100,%a.s.,22.63,deg,20,°C,972,hPa,0.816,-0.01371,0.000397,-0.00013,0,10.11,Humid,22.75,0,51,241093.15,SABD0000000001,AAV1.0.0.11,1.1.2.0,PSt7-10,191107-136,2/17/22 12:14,0000-00,0,no battery,V
4/18/22,12:16:30,9,default,199182947,OXY-CH9,26.901,min,266.788,µmol/L,Humid,17.697,deg,89686,µV,28.747,°C,1017,hPa,35.3,pmil,0,55.4,deg,20,°C,100,%a.s.,22.63,deg,20,°C,972,hPa,0.816,-0.01371,0.000397,-0.00013,0,10.11,Humid,22.75,0,51,241093.82,SABD0000000001,AAV1.0.0.11,1.1.2.0,PSt7-10,191107-136,2/17/22 12:14,0000-00,0,no battery,V
4/18/22,12:16:31,9,default,199182947,OXY-CH9,26.918,min,266.792,µmol/L,Humid,17.696,deg,89691,µV,28.75,°C,1017,hPa,35.3,pmil,0,55.4,deg,20,°C,100,%a.s.,22.63,deg,20,°C,972,hPa,0.816,-0.01371,0.000397,-0.00013,0,10.11,Humid,22.75,0,51,241090.5,SABD0000000001,AAV1.0.0.11,1.1.2.0,PSt7-10,191107-136,2/17/22 12:14,0000-00,0,no battery,V
4/18/22,12:16:32,9,default,199182947,OXY-CH9,26.934,min,266.786,µmol/L,Humid,17.696,deg,89701,µV,28.75,°C,1017,hPa,35.3,pmil,0,55.4,deg,20,°C,100,%a.s.,22.63,deg,20,°C,972,hPa,0.816,-0.01371,0.000397,-0.00013,0,10.11,Humid,22.75,0,51,241102.09,SABD0000000001,AAV1.0.0.11,1.1.2.0,PSt7-10,191107-136,2/17/22 12:14,0000-00,0,no battery,V
4/18/22,12:16:33,9,default,199182947,OXY-CH9,26.95,min,266.727,µmol/L,Humid,17.699,deg,89703,µV,28.748,°C,1017,hPa,35.3,pmil,0,55.4,deg,20,°C,100,%a.s.,22.63,deg,20,°C,972,hPa,0.816,-0.01371,0.000397,-0.00013,0,10.11,Humid,22.75,0,51,241097.75,SABD0000000001,AAV1.0.0.11,1.1.2.0,PSt7-10,191107-136,2/17/22 12:14,0000-00,0,no battery,V
4/18/22,12:16:34,9,default,199182947,OXY-CH9,26.967,min,266.693,µmol/L,Humid,17.703,deg,89709,µV,28.74,°C,1017,hPa,35.3,pmil,0,55.4,deg,20,°C,100,%a.s.,22.63,deg,20,°C,972,hPa,0.816,-0.01371,0.000397,-0.00013,0,10.11,Humid,22.75,0,51,241113.45,SABD0000000001,AAV1.0.0.11,1.1.2.0,PSt7-10,191107-136,2/17/22 12:14,0000-00,0,no battery,V
4/18/22,12:16:35,9,default,199182947,OXY-CH9,26.984,min,266.665,µmol/L,Humid,17.702,deg,89712,µV,28.746,°C,1017,hPa,35.3,pmil,0,55.4,deg,20,°C,100,%a.s.,22.63,deg,20,°C,972,hPa,0.816,-0.01371,0.000397,-0.00013,0,10.11,Humid,22.75,0,51,241111.01,SABD0000000001,AAV1.0.0.11,1.1.2.0,PSt7-10,191107-136,2/17/22 12:14,0000-00,0,no battery,V
4/18/22,12:16:36,9,default,199182947,OXY-CH9,27,min,266.846,µmol/L,Humid,17.694,deg,89715,µV,28.749,°C,1017,hPa,35.3,pmil,0,55.4,deg,20,°C,100,%a.s.,22.63,deg,20,°C,972,hPa,0.816,-0.01371,0.000397,-0.00013,0,10.11,Humid,22.75,0,51,241105.73,SABD0000000001,AAV1.0.0.11,1.1.2.0,PSt7-10,191107-136,2/17/22 12:14,0000-00,0,no battery,V
4/18/22,12:16:37,9,default,199182947,OXY-CH9,27.017,min,266.651,µmol/L,Humid,17.701,deg,89720,µV,28.751,°C,1017,hPa,35.3,pmil,0,55.4,deg,20,°C,100,%a.s.,22.63,deg,20,°C,972,hPa,0.816,-0.01371,0.000397,-0.00013,0,10.11,Humid,22.75,0,51,241100.37,SABD0000000001,AAV1.0.0.11,1.1.2.0,PSt7-10,191107-136,2/17/22 12:14,0000-00,0,no battery,V
4/18/22,12:16:38,9,default,199182947,OXY-CH9,27.034,min,266.645,µmol/L,Humid,17.704,deg,89723,µV,28.743,°C,1017,hPa,35.3,pmil,0,55.4,deg,20,°C,100,%a.s.,22.63,deg,20,°C,972,hPa,0.816,-0.01371,0.000397,-0.00013,0,10.11,Humid,22.75,0,51,241106,SABD0000000001,AAV1.0.0.11,1.1.2.0,PSt7-10,191107-136,2/17/22 12:14,0000-00,0,no battery,V
4/18/22,12:16:39,9,default,199182947,OXY-CH9,27.05,min,266.899,µmol/L,Humid,17.7,deg,89733,µV,28.724,°C,1017,hPa,35.3,pmil,0,55.4,deg,20,°C,100,%a.s.,22.63,deg,20,°C,972,hPa,0.816,-0.01371,0.000397,-0.00013,0,10.11,Humid,22.75,0,51,241093.99,SABD0000000001,AAV1.0.0.11,1.1.2.0,PSt7-10,191107-136,2/17/22 12:14,0000-00,0,no battery,V
4/18/22,12:16:40,9,default,199182947,OXY-CH9,27.067,min,266.633,µmol/L,Humid,17.704,deg,89745,µV,28.744,°C,1017,hPa,35.3,pmil,0,55.4,deg,20,°C,100,%a.s.,22.63,deg,20,°C,972,hPa,0.816,-0.01371,0.000397,-0.00013,0,10.11,Humid,22.75,0,51,241100.01,SABD0000000001,AAV1.0.0.11,1.1.2.0,PSt7-10,191107-136,2/17/22 12:14,0000-00,0,no battery,V
4/18/22,12:16:41,9,default,199182947,OXY-CH9,27.084,min,266.719,µmol/L,Humid,17.703,deg,89742,µV,28.737,°C,1017,hPa,35.3,pmil,0,55.4,deg,20,°C,100,%a.s.,22.63,deg,20,°C,972,hPa,0.816,-0.01371,0.000397,-0.00013,0,10.11,Humid,22.75,0,51,241112.29,SABD0000000001,AAV1.0.0.11,1.1.2.0,PSt7-10,191107-136,2/17/22 12:14,0000-00,0,no battery,V
4/18/22,12:16:42,9,default,199182947,OXY-CH9,27.101,min,266.638,µmol/L,Humid,17.706,deg,89748,µV,28.737,°C,1017,hPa,35.3,pmil,0,55.4,deg,20,°C,100,%a.s.,22.63,deg,20,°C,972,hPa,0.816,-0.01371,0.000397,-0.00013,0,10.11,Humid,22.75,0,51,241106.15,SABD0000000001,AAV1.0.0.11,1.1.2.0,PSt7-10,191107-136,2/17/22 12:14,0000-00,0,no battery,V
4/18/22,12:16:43,9,default,199182947,OXY-CH9,27.117,min,266.635,µmol/L,Humid,17.707,deg,89751,µV,28.734,°C,1017,hPa,35.3,pmil,0,55.4,deg,20,°C,100,%a.s.,22.63,deg,20,°C,972,hPa,0.816,-0.01371,0.000397,-0.00013,0,10.11,Humid,22.75,0,51,241103.08,SABD0000000001,AAV1.0.0.11,1.1.2.0,PSt7-10,191107-136,2/17/22 12:14,0000-00,0,no battery,V
4/18/22,12:16:44,9,default,199182947,OXY-CH9,27.134,min,266.462,µmol/L,Humid,17.708,deg,89750,µV,28.752,°C,1017,hPa,35.3,pmil,0,55.4,deg,20,°C,100,%a.s.,22.63,deg,20,°C,972,hPa,0.816,-0.01371,0.000397,-0.00013,0,10.11,Humid,22.75,0,51,241109.2,SABD0000000001,AAV1.0.0.11,1.1.2.0,PSt7-10,191107-136,2/17/22 12:14,0000-00,0,no battery,V
4/18/22,12:16:45,9,default,199182947,OXY-CH9,27.151,min,266.565,µmol/L,Humid,17.704,deg,89756,µV,28.752,°C,1017,hPa,35.3,pmil,0,55.4,deg,20,°C,100,%a.s.,22.63,deg,20,°C,972,hPa,0.816,-0.01371,0.000397,-0.00013,0,10.11,Humid,22.75,0,51,241111.09,SABD0000000001,AAV1.0.0.11,1.1.2.0,PSt7-10,191107-136,2/17/22 12:14,0000-00,0,no battery,V
4/18/22,12:16:46,9,default,199182947,OXY-CH9,27.168,min,266.529,µmol/L,Humid,17.708,deg,89760,µV,28.744,°C,1017,hPa,35.3,pmil,0,55.4,deg,20,°C,100,%a.s.,22.63,deg,20,°C,972,hPa,0.816,-0.01371,0.000397,-0.00013,0,10.11,Humid,22.75,0,51,241104.11,SABD0000000001,AAV1.0.0.11,1.1.2.0,PSt7-10,191107-136,2/17/22 12:14,0000-00,0,no battery,V
4/18/22,12:16:47,9,default,199182947,OXY-CH9,27.184,min,266.462,µmol/L,Humid,17.711,deg,89763,µV,28.743,°C,1017,hPa,35.3,pmil,0,55.4,deg,20,°C,100,%a.s.,22.63,deg,20,°C,972,hPa,0.816,-0.01371,0.000397,-0.00013,0,10.11,Humid,22.75,0,51,241106.01,SABD0000000001,AAV1.0.0.11,1.1.2.0,PSt7-10,191107-136,2/17/22 12:14,0000-00,0,no battery,V
4/18/22,12:16:48,9,default,199182947,OXY-CH9,27.201,min,266.528,µmol/L,Humid,17.71,deg,89780,µV,28.738,°C,1017,hPa,35.3,pmil,0,55.4,deg,20,°C,100,%a.s.,22.63,deg,20,°C,972,hPa,0.816,-0.01371,0.000397,-0.00013,0,10.11,Humid,22.75,0,51,241111.51,SABD0000000001,AAV1.0.0.11,1.1.2.0,PSt7-10,191107-136,2/17/22 12:14,0000-00,0,no battery,V
4/18/22,12:16:49,9,default,199182947,OXY-CH9,27.218,min,266.54,µmol/L,Humid,17.708,deg,89782,µV,28.743,°C,1017,hPa,35.3,pmil,0,55.4,deg,20,°C,100,%a.s.,22.63,deg,20,°C,972,hPa,0.816,-0.01371,0.000397,-0.00013,0,10.11,Humid,22.75,0,51,241106.16,SABD0000000001,AAV1.0.0.11,1.1.2.0,PSt7-10,191107-136,2/17/22 12:14,0000-00,0,no battery,V
4/18/22,12:16:50,9,default,199182947,OXY-CH9,27.234,min,266.612,µmol/L,Humid,17.707,deg,89784,µV,28.737,°C,1017,hPa,35.3,pmil,0,55.4,deg,20,°C,100,%a.s.,22.63,deg,20,°C,972,hPa,0.816,-0.01371,0.000397,-0.00013,0,10.11,Humid,22.75,0,51,241112.44,SABD0000000001,AAV1.0.0.11,1.1.2.0,PSt7-10,191107-136,2/17/22 12:14,0000-00,0,no battery,V
4/18/22,12:16:51,9,default,199182947,OXY-CH9,27.251,min,266.482,µmol/L,Humid,17.714,deg,89792,µV,28.731,°C,1017,hPa,35.3,pmil,0,55.4,deg,20,°C,100,%a.s.,22.63,deg,20,°C,972,hPa,0.816,-0.01371,0.000397,-0.00013,0,10.11,Humid,22.75,0,51,241119.14,SABD0000000001,AAV1.0.0.11,1.1.2.0,PSt7-10,191107-136,2/17/22 12:14,0000-00,0,no battery,V
4/18/22,12:16:52,9,default,199182947,OXY-CH9,27.268,min,266.548,µmol/L,Humid,17.711,deg,89796,µV,28.732,°C,1017,hPa,35.3,pmil,0,55.4,deg,20,°C,100,%a.s.,22.63,deg,20,°C,972,hPa,0.816,-0.01371,0.000397,-0.00013,0,10.11,Humid,22.75,0,51,241116.45,SABD0000000001,AAV1.0.0.11,1.1.2.0,PSt7-10,191107-136,2/17/22 12:14,0000-00,0,no battery,V
4/18/22,12:16:53,9,default,199182947,OXY-CH9,27.285,min,266.439,µmol/L,Humid,17.716,deg,89801,µV,28.73,°C,1017,hPa,35.3,pmil,0,55.4,deg,20,°C,100,%a.s.,22.63,deg,20,°C,972,hPa,0.816,-0.01371,0.000397,-0.00013,0,10.11,Humid,22.75,0,51,241120.01,SABD0000000001,AAV1.0.0.11,1.1.2.0,PSt7-10,191107-136,2/17/22 12:14,0000-00,0,no battery,V
4/18/22,12:16:54,9,default,199182947,OXY-CH9,27.301,min,266.411,µmol/L,Humid,17.717,deg,89804,µV,28.73,°C,1017,hPa,35.3,pmil,0,55.4,deg,20,°C,100,%a.s.,22.63,deg,20,°C,972,hPa,0.816,-0.01371,0.000397,-0.00013,0,10.11,Humid,22.75,0,51,241108.24,SABD0000000001,AAV1.0.0.11,1.1.2.0,PSt7-10,191107-136,2/17/22 12:14,0000-00,0,no battery,V
4/18/22,12:16:55,9,default,199182947,OXY-CH9,27.317,min,266.392,µmol/L,Humid,17.716,deg,89806,µV,28.736,°C,1017,hPa,35.3,pmil,0,55.4,deg,20,°C,100,%a.s.,22.63,deg,20,°C,972,hPa,0.816,-0.01371,0.000397,-0.00013,0,10.11,Humid,22.75,0,51,241122.95,SABD0000000001,AAV1.0.0.11,1.1.2.0,PSt7-10,191107-136,2/17/22 12:14,0000-00,0,no battery,V
4/18/22,12:16:56,9,default,199182947,OXY-CH9,27.334,min,266.329,µmol/L,Humid,17.718,deg,89819,µV,28.737,°C,1017,hPa,35.3,pmil,0,55.4,deg,20,°C,100,%a.s.,22.63,deg,20,°C,972,hPa,0.816,-0.01371,0.000397,-0.00013,0,10.11,Humid,22.75,0,51,241117.17,SABD0000000001,AAV1.0.0.11,1.1.2.0,PSt7-10,191107-136,2/17/22 12:14,0000-00,0,no battery,V
4/18/22,12:16:57,9,default,199182947,OXY-CH9,27.351,min,266.529,µmol/L,Humid,17.713,deg,89816,µV,28.728,°C,1017,hPa,35.3,pmil,0,55.4,deg,20,°C,100,%a.s.,22.63,deg,20,°C,972,hPa,0.816,-0.01371,0.000397,-0.00013,0,10.11,Humid,22.75,0,51,241122.53,SABD0000000001,AAV1.0.0.11,1.1.2.0,PSt7-10,191107-136,2/17/22 12:14,0000-00,0,no battery,V
4/18/22,12:16:58,9,default,199182947,OXY-CH9,27.367,min,266.462,µmol/L,Humid,17.717,deg,89813,µV,28.724,°C,1017,hPa,35.3,pmil,0,55.4,deg,20,°C,100,%a.s.,22.63,deg,20,°C,972,hPa,0.816,-0.01371,0.000397,-0.00013,0,10.11,Humid,22.75,0,51,241103.44,SABD0000000001,AAV1.0.0.11,1.1.2.0,PSt7-10,191107-136,2/17/22 12:14,0000-00,0,no battery,V
4/18/22,12:16:59,9,default,199182947,OXY-CH9,27.384,min,266.347,µmol/L,Humid,17.718,deg,89834,µV,28.735,°C,1017,hPa,35.3,pmil,0,55.4,deg,20,°C,100,%a.s.,22.63,deg,20,°C,972,hPa,0.816,-0.01371,0.000397,-0.00013,0,10.11,Humid,22.75,0,51,241124.54,SABD0000000001,AAV1.0.0.11,1.1.2.0,PSt7-10,191107-136,2/17/22 12:14,0000-00,0,no battery,V
4/18/22,12:17:00,9,default,199182947,OXY-CH9,27.401,min,266.525,µmol/L,Humid,17.715,deg,89838,µV,28.722,°C,1017,hPa,35.3,pmil,0,55.4,deg,20,°C,100,%a.s.,22.63,deg,20,°C,972,hPa,0.816,-0.01371,0.000397,-0.00013,0,10.11,Humid,22.75,0,51,241111.19,SABD0000000001,AAV1.0.0.11,1.1.2.0,PSt7-10,191107-136,2/17/22 12:14,0000-00,0,no battery,V
4/18/22,12:17:01,9,default,199182947,OXY-CH9,27.418,min,266.473,µmol/L,Humid,17.721,deg,89843,µV,28.71,°C,1017,hPa,35.3,pmil,0,55.4,deg,20,°C,100,%a.s.,22.63,deg,20,°C,972,hPa,0.816,-0.01371,0.000397,-0.00013,0,10.11,Humid,22.75,0,51,241123.9,SABD0000000001,AAV1.0.0.11,1.1.2.0,PSt7-10,191107-136,2/17/22 12:14,0000-00,0,no battery,V
4/18/22,12:17:02,9,default,199182947,OXY-CH9,27.434,min,266.333,µmol/L,Humid,17.721,deg,89849,µV,28.727,°C,1017,hPa,35.3,pmil,0,55.4,deg,20,°C,100,%a.s.,22.63,deg,20,°C,972,hPa,0.816,-0.01371,0.000397,-0.00013,0,10.11,Humid,22.75,0,51,241109.4,SABD0000000001,AAV1.0.0.11,1.1.2.0,PSt7-10,191107-136,2/17/22 12:14,0000-00,0,no battery,V
4/18/22,12:17:03,9,default,199182947,OXY-CH9,27.451,min,266.308,µmol/L,Humid,17.717,deg,89854,µV,28.743,°C,1017,hPa,35.3,pmil,0,55.4,deg,20,°C,100,%a.s.,22.63,deg,20,°C,972,hPa,0.816,-0.01371,0.000397,-0.00013,0,10.11,Humid,22.75,0,51,241124.09,SABD0000000001,AAV1.0.0.11,1.1.2.0,PSt7-10,191107-136,2/17/22 12:14,0000-00,0,no battery,V
4/18/22,12:17:04,9,default,199182947,OXY-CH9,27.467,min,266.22,µmol/L,Humid,17.722,deg,89853,µV,28.738,°C,1017,hPa,35.3,pmil,0,55.4,deg,20,°C,100,%a.s.,22.63,deg,20,°C,972,hPa,0.816,-0.01371,0.000397,-0.00013,0,10.11,Humid,22.75,0,51,241120.79,SABD0000000001,AAV1.0.0.11,1.1.2.0,PSt7-10,191107-136,2/17/22 12:14,0000-00,0,no battery,V
4/18/22,12:17:05,9,default,199182947,OXY-CH9,27.484,min,266.083,µmol/L,Humid,17.724,deg,89859,µV,28.748,°C,1017,hPa,35.3,pmil,0,55.4,deg,20,°C,100,%a.s.,22.63,deg,20,°C,972,hPa,0.816,-0.01371,0.000397,-0.00013,0,10.11,Humid,22.75,0,51,241127.63,SABD0000000001,AAV1.0.0.11,1.1.2.0,PSt7-10,191107-136,2/17/22 12:14,0000-00,0,no battery,V
4/18/22,12:17:06,9,default,199182947,OXY-CH9,27.501,min,266.298,µmol/L,Humid,17.723,deg,89867,µV,28.725,°C,1017,hPa,35.3,pmil,0,55.4,deg,20,°C,100,%a.s.,22.63,deg,20,°C,972,hPa,0.816,-0.01371,0.000397,-0.00013,0,10.11,Humid,22.75,0,51,241132.31,SABD0000000001,AAV1.0.0.11,1.1.2.0,PSt7-10,191107-136,2/17/22 12:14,0000-00,0,no battery,V
4/18/22,12:17:07,9,default,199182947,OXY-CH9,27.517,min,266.124,µmol/L,Humid,17.725,deg,89871,µV,28.74,°C,1017,hPa,35.3,pmil,0,55.4,deg,20,°C,100,%a.s.,22.63,deg,20,°C,972,hPa,0.816,-0.01371,0.000397,-0.00013,0,10.11,Humid,22.75,0,51,241126.51,SABD0000000001,AAV1.0.0.11,1.1.2.0,PSt7-10,191107-136,2/17/22 12:14,0000-00,0,no battery,V
4/18/22,12:17:08,9,default,199182947,OXY-CH9,27.534,min,266.142,µmol/L,Humid,17.726,deg,89863,µV,28.735,°C,1017,hPa,35.3,pmil,0,55.4,deg,20,°C,100,%a.s.,22.63,deg,20,°C,972,hPa,0.816,-0.01371,0.000397,-0.00013,0,10.11,Humid,22.75,0,51,241125.98,SABD0000000001,AAV1.0.0.11,1.1.2.0,PSt7-10,191107-136,2/17/22 12:14,0000-00,0,no battery,V
4/18/22,12:17:09,9,default,199182947,OXY-CH9,27.551,min,266.096,µmol/L,Humid,17.725,deg,89865,µV,28.744,°C,1017,hPa,35.3,pmil,0,55.4,deg,20,°C,100,%a.s.,22.63,deg,20,°C,972,hPa,0.816,-0.01371,0.000397,-0.00013,0,10.11,Humid,22.75,0,51,241120.88,SABD0000000001,AAV1.0.0.11,1.1.2.0,PSt7-10,191107-136,2/17/22 12:14,0000-00,0,no battery,V
4/18/22,12:17:10,9,default,199182947,OXY-CH9,27.568,min,266.15,µmol/L,Humid,17.728,deg,89878,µV,28.728,°C,1017,hPa,35.3,pmil,0,55.4,deg,20,°C,100,%a.s.,22.63,deg,20,°C,972,hPa,0.816,-0.01371,0.000397,-0.00013,0,10.11,Humid,22.75,0,51,241133.34,SABD0000000001,AAV1.0.0.11,1.1.2.0,PSt7-10,191107-136,2/17/22 12:14,0000-00,0,no battery,V
4/18/22,12:17:11,9,default,199182947,OXY-CH9,27.584,min,266.159,µmol/L,Humid,17.73,deg,89870,µV,28.72,°C,1017,hPa,35.3,pmil,0,55.4,deg,20,°C,100,%a.s.,22.63,deg,20,°C,972,hPa,0.816,-0.01371,0.000397,-0.00013,0,10.11,Humid,22.75,0,51,241129.52,SABD0000000001,AAV1.0.0.11,1.1.2.0,PSt7-10,191107-136,2/17/22 12:14,0000-00,0,no battery,V
4/18/22,12:17:12,9,default,199182947,OXY-CH9,27.601,min,266.199,µmol/L,Humid,17.728,deg,89884,µV,28.722,°C,1017,hPa,35.3,pmil,0,55.4,deg,20,°C,100,%a.s.,22.63,deg,20,°C,972,hPa,0.816,-0.01371,0.000397,-0.00013,0,10.11,Humid,22.75,0,51,241143.39,SABD0000000001,AAV1.0.0.11,1.1.2.0,PSt7-10,191107-136,2/17/22 12:14,0000-00,0,no battery,V
4/18/22,12:17:13,9,default,199182947,OXY-CH9,27.618,min,266.15,µmol/L,Humid,17.729,deg,89888,µV,28.724,°C,1017,hPa,35.3,pmil,0,55.4,deg,20,°C,100,%a.s.,22.63,deg,20,°C,972,hPa,0.816,-0.01371,0.000397,-0.00013,0,10.11,Humid,22.75,0,51,241124.63,SABD0000000001,AAV1.0.0.11,1.1.2.0,PSt7-10,191107-136,2/17/22 12:14,0000-00,0,no battery,V
4/18/22,12:17:14,9,default,199182947,OXY-CH9,27.635,min,266.07,µmol/L,Humid,17.731,deg,89890,µV,28.728,°C,1017,hPa,35.3,pmil,0,55.4,deg,20,°C,100,%a.s.,22.63,deg,20,°C,972,hPa,0.816,-0.01371,0.000397,-0.00013,0,10.11,Humid,22.75,0,51,241134.39,SABD0000000001,AAV1.0.0.11,1.1.2.0,PSt7-10,191107-136,2/17/22 12:14,0000-00,0,no battery,V
4/18/22,12:17:15,9,default,199182947,OXY-CH9,27.651,min,265.976,µmol/L,Humid,17.733,deg,89888,µV,28.733,°C,1017,hPa,35.3,pmil,0,55.4,deg,20,°C,100,%a.s.,22.63,deg,20,°C,972,hPa,0.816,-0.01371,0.000397,-0.00013,0,10.11,Humid,22.75,0,51,241124.75,SABD0000000001,AAV1.0.0.11,1.1.2.0,PSt7-10,191107-136,2/17/22 12:14,0000-00,0,no battery,V
4/18/22,12:17:16,9,default,199182947,OXY-CH9,27.667,min,266.075,µmol/L,Humid,17.731,deg,89904,µV,28.727,°C,1017,hPa,35.3,pmil,0,55.4,deg,20,°C,100,%a.s.,22.63,deg,20,°C,972,hPa,0.816,-0.01371,0.000397,-0.00013,0,10.11,Humid,22.75,0,51,241129.87,SABD0000000001,AAV1.0.0.11,1.1.2.0,PSt7-10,191107-136,2/17/22 12:14,0000-00,0,no battery,V
4/18/22,12:17:17,9,default,199182947,OXY-CH9,27.684,min,266.006,µmol/L,Humid,17.733,deg,89908,µV,28.73,°C,1017,hPa,35.3,pmil,0,55.4,deg,20,°C,100,%a.s.,22.63,deg,20,°C,972,hPa,0.816,-0.01371,0.000397,-0.00013,0,10.11,Humid,22.75,0,51,241135.93,SABD0000000001,AAV1.0.0.11,1.1.2.0,PSt7-10,191107-136,2/17/22 12:14,0000-00,0,no battery,V
4/18/22,12:17:18,9,default,199182947,OXY-CH9,27.701,min,265.993,µmol/L,Humid,17.736,deg,89912,µV,28.722,°C,1017,hPa,35.3,pmil,0,55.4,deg,20,°C,100,%a.s.,22.63,deg,20,°C,972,hPa,0.816,-0.01371,0.000397,-0.00013,0,10.11,Humid,22.75,0,51,241132.67,SABD0000000001,AAV1.0.0.11,1.1.2.0,PSt7-10,191107-136,2/17/22 12:14,0000-00,0,no battery,V
4/18/22,12:17:19,9,default,199182947,OXY-CH9,27.717,min,266.01,µmol/L,Humid,17.735,deg,89920,µV,28.723,°C,1017,hPa,35.3,pmil,0,55.4,deg,20,°C,100,%a.s.,22.63,deg,20,°C,972,hPa,0.816,-0.01371,0.000397,-0.00013,0,10.11,Humid,22.75,0,51,241129.25,SABD0000000001,AAV1.0.0.11,1.1.2.0,PSt7-10,191107-136,2/17/22 12:14,0000-00,0,no battery,V
4/18/22,12:17:20,9,default,199182947,OXY-CH9,27.734,min,265.874,µmol/L,Humid,17.74,deg,89924,µV,28.724,°C,1017,hPa,35.3,pmil,0,55.4,deg,20,°C,100,%a.s.,22.63,deg,20,°C,972,hPa,0.816,-0.01371,0.000397,-0.00013,0,10.11,Humid,22.75,0,51,241128.09,SABD0000000001,AAV1.0.0.11,1.1.2.0,PSt7-10,191107-136,2/17/22 12:14,0000-00,0,no battery,V
4/18/22,12:17:21,9,default,199182947,OXY-CH9,27.751,min,265.86,µmol/L,Humid,17.737,deg,89923,µV,28.735,°C,1017,hPa,35.3,pmil,0,55.4,deg,20,°C,100,%a.s.,22.63,deg,20,°C,972,hPa,0.816,-0.01371,0.000397,-0.00013,0,10.11,Humid,22.75,0,51,241144.97,SABD0000000001,AAV1.0.0.11,1.1.2.0,PSt7-10,191107-136,2/17/22 12:14,0000-00,0,no battery,V
4/18/22,12:17:22,9,default,199182947,OXY-CH9,27.767,min,265.733,µmol/L,Humid,17.739,deg,89929,µV,28.744,°C,1017,hPa,35.3,pmil,0,55.4,deg,20,°C,100,%a.s.,22.63,deg,20,°C,972,hPa,0.816,-0.01371,0.000397,-0.00013,0,10.11,Humid,22.75,0,51,241128.1,SABD0000000001,AAV1.0.0.11,1.1.2.0,PSt7-10,191107-136,2/17/22 12:14,0000-00,0,no battery,V
4/18/22,12:17:23,9,default,199182947,OXY-CH9,27.784,min,265.648,µmol/L,Humid,17.741,deg,89936,µV,28.748,°C,1017,hPa,35.3,pmil,0,55.4,deg,20,°C,100,%a.s.,22.63,deg,20,°C,972,hPa,0.816,-0.01371,0.000397,-0.00013,0,10.11,Humid,22.75,0,51,241142.02,SABD0000000001,AAV1.0.0.11,1.1.2.0,PSt7-10,191107-136,2/17/22 12:14,0000-00,0,no battery,V
4/18/22,12:17:24,9,default,199182947,OXY-CH9,27.801,min,265.781,µmol/L,Humid,17.744,deg,89933,µV,28.723,°C,1017,hPa,35.3,pmil,0,55.4,deg,20,°C,100,%a.s.,22.63,deg,20,°C,972,hPa,0.816,-0.01371,0.000397,-0.00013,0,10.11,Humid,22.75,0,51,241141.48,SABD0000000001,AAV1.0.0.11,1.1.2.0,PSt7-10,191107-136,2/17/22 12:14,0000-00,0,no battery,V
4/18/22,12:17:25,9,default,199182947,OXY-CH9,27.818,min,265.9,µmol/L,Humid,17.738,deg,89944,µV,28.727,°C,1017,hPa,35.3,pmil,0,55.4,deg,20,°C,100,%a.s.,22.63,deg,20,°C,972,hPa,0.816,-0.01371,0.000397,-0.00013,0,10.11,Humid,22.75,0,51,241138.85,SABD0000000001,AAV1.0.0.11,1.1.2.0,PSt7-10,191107-136,2/17/22 12:14,0000-00,0,no battery,V
4/18/22,12:17:26,9,default,199182947,OXY-CH9,27.834,min,265.818,µmol/L,Humid,17.741,deg,89942,µV,28.727,°C,1017,hPa,35.3,pmil,0,55.4,deg,20,°C,100,%a.s.,22.63,deg,20,°C,972,hPa,0.816,-0.01371,0.000397,-0.00013,0,10.11,Humid,22.75,0,51,241130.15,SABD0000000001,AAV1.0.0.11,1.1.2.0,PSt7-10,191107-136,2/17/22 12:14,0000-00,0,no battery,V
4/18/22,12:17:27,9,default,199182947,OXY-CH9,27.851,min,265.768,µmol/L,Humid,17.742,deg,89946,µV,28.73,°C,1017,hPa,35.3,pmil,0,55.4,deg,20,°C,100,%a.s.,22.63,deg,20,°C,972,hPa,0.816,-0.01371,0.000397,-0.00013,0,10.11,Humid,22.75,0,51,241132.52,SABD0000000001,AAV1.0.0.11,1.1.2.0,PSt7-10,191107-136,2/17/22 12:14,0000-00,0,no battery,V
4/18/22,12:17:28,9,default,199182947,OXY-CH9,27.868,min,265.692,µmol/L,Humid,17.743,deg,89953,µV,28.737,°C,1017,hPa,35.3,pmil,0,55.4,deg,20,°C,100,%a.s.,22.63,deg,20,°C,972,hPa,0.816,-0.01371,0.000397,-0.00013,0,10.11,Humid,22.75,0,51,241141.19,SABD0000000001,AAV1.0.0.11,1.1.2.0,PSt7-10,191107-136,2/17/22 12:14,0000-00,0,no battery,V
4/18/22,12:17:29,9,default,199182947,OXY-CH9,27.884,min,265.858,µmol/L,Humid,17.74,deg,89964,µV,28.726,°C,1017,hPa,35.3,pmil,0,55.4,deg,20,°C,100,%a.s.,22.63,deg,20,°C,972,hPa,0.816,-0.01371,0.000397,-0.00013,0,10.11,Humid,22.75,0,51,241140.87,SABD0000000001,AAV1.0.0.11,1.1.2.0,PSt7-10,191107-136,2/17/22 12:14,0000-00,0,no battery,V
4/18/22,12:17:30,9,default,199182947,OXY-CH9,27.901,min,265.745,µmol/L,Humid,17.744,deg,89969,µV,28.727,°C,1017,hPa,35.3,pmil,0,55.4,deg,20,°C,100,%a.s.,22.63,deg,20,°C,972,hPa,0.816,-0.01371,0.000397,-0.00013,0,10.11,Humid,22.75,0,51,241140.29,SABD0000000001,AAV1.0.0.11,1.1.2.0,PSt7-10,191107-136,2/17/22 12:14,0000-00,0,no battery,V
4/18/22,12:17:31,9,default,199182947,OXY-CH9,27.918,min,265.597,µmol/L,Humid,17.747,deg,89973,µV,28.736,°C,1017,hPa,35.3,pmil,0,55.4,deg,20,°C,100,%a.s.,22.63,deg,20,°C,972,hPa,0.816,-0.01371,0.000397,-0.00013,0,10.11,Humid,22.75,0,51,241146.44,SABD0000000001,AAV1.0.0.11,1.1.2.0,PSt7-10,191107-136,2/17/22 12:14,0000-00,0,no battery,V
4/18/22,12:17:32,9,default,199182947,OXY-CH9,27.934,min,265.65,µmol/L,Humid,17.745,deg,89969,µV,28.736,°C,1017,hPa,35.3,pmil,0,55.4,deg,20,°C,100,%a.s.,22.63,deg,20,°C,972,hPa,0.816,-0.01371,0.000397,-0.00013,0,10.11,Humid,22.75,0,51,241146.56,SABD0000000001,AAV1.0.0.11,1.1.2.0,PSt7-10,191107-136,2/17/22 12:14,0000-00,0,no battery,V
4/18/22,12:17:33,9,default,199182947,OXY-CH9,27.951,min,265.677,µmol/L,Humid,17.746,deg,89980,µV,28.729,°C,1017,hPa,35.3,pmil,0,55.4,deg,20,°C,100,%a.s.,22.63,deg,20,°C,972,hPa,0.816,-0.01371,0.000397,-0.00013,0,10.11,Humid,22.75,0,51,241137.13,SABD0000000001,AAV1.0.0.11,1.1.2.0,PSt7-10,191107-136,2/17/22 12:14,0000-00,0,no battery,V
4/18/22,12:17:34,9,default,199182947,OXY-CH9,27.967,min,265.627,µmol/L,Humid,17.748,deg,89988,µV,28.729,°C,1017,hPa,35.3,pmil,0,55.4,deg,20,°C,100,%a.s.,22.63,deg,20,°C,972,hPa,0.816,-0.01371,0.000397,-0.00013,0,10.11,Humid,22.75,0,51,241137.85,SABD0000000001,AAV1.0.0.11,1.1.2.0,PSt7-10,191107-136,2/17/22 12:14,0000-00,0,no battery,V
4/18/22,12:17:35,9,default,199182947,OXY-CH9,27.984,min,265.747,µmol/L,Humid,17.746,deg,89991,µV,28.72,°C,1017,hPa,35.3,pmil,0,55.4,deg,20,°C,100,%a.s.,22.63,deg,20,°C,972,hPa,0.816,-0.01371,0.000397,-0.00013,0,10.11,Humid,22.75,0,51,241140.26,SABD0000000001,AAV1.0.0.11,1.1.2.0,PSt7-10,191107-136,2/17/22 12:14,0000-00,0,no battery,V
4/18/22,12:17:36,9,default,199182947,OXY-CH9,28.001,min,265.514,µmol/L,Humid,17.752,deg,89991,µV,28.73,°C,1017,hPa,35.3,pmil,0,55.4,deg,20,°C,100,%a.s.,22.63,deg,20,°C,972,hPa,0.816,-0.01371,0.000397,-0.00013,0,10.11,Humid,22.75,0,51,241154.45,SABD0000000001,AAV1.0.0.11,1.1.2.0,PSt7-10,191107-136,2/17/22 12:14,0000-00,0,no battery,V
4/18/22,12:17:37,9,default,199182947,OXY-CH9,28.017,min,265.665,µmol/L,Humid,17.748,deg,90000,µV,28.724,°C,1017,hPa,35.3,pmil,0,55.4,deg,20,°C,100,%a.s.,22.63,deg,20,°C,972,hPa,0.816,-0.01371,0.000397,-0.00013,0,10.11,Humid,22.75,0,51,241132.11,SABD0000000001,AAV1.0.0.11,1.1.2.0,PSt7-10,191107-136,2/17/22 12:14,0000-00,0,no battery,V
4/18/22,12:17:38,9,default,199182947,OXY-CH9,28.034,min,265.534,µmol/L,Humid,17.752,deg,90000,µV,28.728,°C,1017,hPa,35.3,pmil,0,55.4,deg,20,°C,100,%a.s.,22.63,deg,20,°C,972,hPa,0.816,-0.01371,0.000397,-0.00013,0,10.11,Humid,22.75,0,51,241148.7,SABD0000000001,AAV1.0.0.11,1.1.2.0,PSt7-10,191107-136,2/17/22 12:14,0000-00,0,no battery,V
4/18/22,12:17:39,9,default,199182947,OXY-CH9,28.051,min,265.725,µmol/L,Humid,17.749,deg,90008,µV,28.714,°C,1017,hPa,35.3,pmil,0,55.4,deg,20,°C,100,%a.s.,22.63,deg,20,°C,972,hPa,0.816,-0.01371,0.000397,-0.00013,0,10.11,Humid,22.75,0,51,241137.75,SABD0000000001,AAV1.0.0.11,1.1.2.0,PSt7-10,191107-136,2/17/22 12:14,0000-00,0,no battery,V
4/18/22,12:17:40,9,default,199182947,OXY-CH9,28.068,min,265.572,µmol/L,Humid,17.754,deg,90010,µV,28.717,°C,1017,hPa,35.3,pmil,0,55.4,deg,20,°C,100,%a.s.,22.63,deg,20,°C,972,hPa,0.816,-0.01371,0.000397,-0.00013,0,10.11,Humid,22.75,0,51,241142.46,SABD0000000001,AAV1.0.0.11,1.1.2.0,PSt7-10,191107-136,2/17/22 12:14,0000-00,0,no battery,V
4/18/22,12:17:41,9,default,199182947,OXY-CH9,28.084,min,265.439,µmol/L,Humid,17.752,deg,90010,µV,28.739,°C,1017,hPa,35.3,pmil,0,55.4,deg,20,°C,100,%a.s.,22.63,deg,20,°C,972,hPa,0.816,-0.01371,0.000397,-0.00013,0,10.11,Humid,22.75,0,51,241135.33,SABD0000000001,AAV1.0.0.11,1.1.2.0,PSt7-10,191107-136,2/17/22 12:14,0000-00,0,no battery,V
4/18/22,12:17:42,9,default,199182947,OXY-CH9,28.101,min,265.316,µmol/L,Humid,17.759,deg,90013,µV,28.733,°C,1017,hPa,35.3,pmil,0,55.4,deg,20,°C,100,%a.s.,22.63,deg,20,°C,972,hPa,0.816,-0.01371,0.000397,-0.00013,0,10.11,Humid,22.75,0,51,241141.1,SABD0000000001,AAV1.0.0.11,1.1.2.0,PSt7-10,191107-136,2/17/22 12:14,0000-00,0,no battery,V
4/18/22,12:17:43,9,default,199182947,OXY-CH9,28.118,min,265.512,µmol/L,Humid,17.751,deg,90025,µV,28.734,°C,1017,hPa,35.3,pmil,0,55.4,deg,20,°C,100,%a.s.,22.63,deg,20,°C,972,hPa,0.816,-0.01371,0.000397,-0.00013,0,10.11,Humid,22.75,0,51,241143.32,SABD0000000001,AAV1.0.0.11,1.1.2.0,PSt7-10,191107-136,2/17/22 12:14,0000-00,0,no battery,V
4/18/22,12:17:44,9,default,199182947,OXY-CH9,28.134,min,265.52,µmol/L,Humid,17.754,deg,90028,µV,28.723,°C,1017,hPa,35.3,pmil,0,55.4,deg,20,°C,100,%a.s.,22.63,deg,20,°C,972,hPa,0.816,-0.01371,0.000397,-0.00013,0,10.11,Humid,22.75,0,51,241137.33,SABD0000000001,AAV1.0.0.11,1.1.2.0,PSt7-10,191107-136,2/17/22 12:14,0000-00,0,no battery,V
4/18/22,12:17:45,9,default,199182947,OXY-CH9,28.15,min,265.324,µmol/L,Humid,17.759,deg,90032,µV,28.732,°C,1017,hPa,35.3,pmil,0,55.4,deg,20,°C,100,%a.s.,22.63,deg,20,°C,972,hPa,0.816,-0.01371,0.000397,-0.00013,0,10.11,Humid,22.75,0,51,241139.48,SABD0000000001,AAV1.0.0.11,1.1.2.0,PSt7-10,191107-136,2/17/22 12:14,0000-00,0,no battery,V
4/18/22,12:17:46,9,default,199182947,OXY-CH9,28.167,min,265.296,µmol/L,Humid,17.759,deg,90037,µV,28.735,°C,1017,hPa,35.3,pmil,0,55.4,deg,20,°C,100,%a.s.,22.63,deg,20,°C,972,hPa,0.816,-0.01371,0.000397,-0.00013,0,10.11,Humid,22.75,0,51,241147.83,SABD0000000001,AAV1.0.0.11,1.1.2.0,PSt7-10,191107-136,2/17/22 12:14,0000-00,0,no battery,V
4/18/22,12:17:47,9,default,199182947,OXY-CH9,28.184,min,265.549,µmol/L,Humid,17.753,deg,90048,µV,28.723,°C,1017,hPa,35.3,pmil,0,55.4,deg,20,°C,100,%a.s.,22.63,deg,20,°C,972,hPa,0.816,-0.01371,0.000397,-0.00013,0,10.11,Humid,22.75,0,51,241141.4,SABD0000000001,AAV1.0.0.11,1.1.2.0,PSt7-10,191107-136,2/17/22 12:14,0000-00,0,no battery,V
4/18/22,12:17:48,9,default,199182947,OXY-CH9,28.201,min,265.504,µmol/L,Humid,17.755,deg,90052,µV,28.722,°C,1017,hPa,35.3,pmil,0,55.4,deg,20,°C,100,%a.s.,22.63,deg,20,°C,972,hPa,0.816,-0.01371,0.000397,-0.00013,0,10.11,Humid,22.75,0,51,241150.61,SABD0000000001,AAV1.0.0.11,1.1.2.0,PSt7-10,191107-136,2/17/22 12:14,0000-00,0,no battery,V
4/18/22,12:17:49,9,default,199182947,OXY-CH9,28.217,min,265.399,µmol/L,Humid,17.762,deg,90059,µV,28.713,°C,1017,hPa,35.3,pmil,0,55.4,deg,20,°C,100,%a.s.,22.63,deg,20,°C,972,hPa,0.816,-0.01371,0.000397,-0.00013,0,10.11,Humid,22.75,0,51,241145.27,SABD0000000001,AAV1.0.0.11,1.1.2.0,PSt7-10,191107-136,2/17/22 12:14,0000-00,0,no battery,V
4/18/22,12:17:50,9,default,199182947,OXY-CH9,28.234,min,265.287,µmol/L,Humid,17.765,deg,90056,µV,28.717,°C,1017,hPa,35.3,pmil,0,55.4,deg,20,°C,100,%a.s.,22.63,deg,20,°C,972,hPa,0.816,-0.01371,0.000397,-0.00013,0,10.11,Humid,22.75,0,51,241151.51,SABD0000000001,AAV1.0.0.11,1.1.2.0,PSt7-10,191107-136,2/17/22 12:14,0000-00,0,no battery,V
4/18/22,12:17:51,9,default,199182947,OXY-CH9,28.251,min,265.127,µmol/L,Humid,17.764,deg,90064,µV,28.74,°C,1017,hPa,35.3,pmil,0,55.4,deg,20,°C,100,%a.s.,22.63,deg,20,°C,972,hPa,0.816,-0.01371,0.000397,-0.00013,0,10.11,Humid,22.75,0,51,241150.88,SABD0000000001,AAV1.0.0.11,1.1.2.0,PSt7-10,191107-136,2/17/22 12:14,0000-00,0,no battery,V
4/18/22,12:17:52,9,default,199182947,OXY-CH9,28.268,min,265.174,µmol/L,Humid,17.766,deg,90073,µV,28.728,°C,1017,hPa,35.3,pmil,0,55.4,deg,20,°C,100,%a.s.,22.63,deg,20,°C,972,hPa,0.816,-0.01371,0.000397,-0.00013,0,10.11,Humid,22.75,0,51,241152.48,SABD0000000001,AAV1.0.0.11,1.1.2.0,PSt7-10,191107-136,2/17/22 12:14,0000-00,0,no battery,V
4/18/22,12:17:53,9,default,199182947,OXY-CH9,28.284,min,265.251,µmol/L,Humid,17.762,deg,90069,µV,28.731,°C,1017,hPa,35.3,pmil,0,55.4,deg,20,°C,100,%a.s.,22.63,deg,20,°C,972,hPa,0.816,-0.01371,0.000397,-0.00013,0,10.11,Humid,22.75,0,51,241154.52,SABD0000000001,AAV1.0.0.11,1.1.2.0,PSt7-10,191107-136,2/17/22 12:14,0000-00,0,no battery,V
4/18/22,12:17:54,9,default,199182947,OXY-CH9,28.301,min,265.325,µmol/L,Humid,17.761,deg,90085,µV,28.725,°C,1017,hPa,35.3,pmil,0,55.4,deg,20,°C,100,%a.s.,22.63,deg,20,°C,972,hPa,0.816,-0.01371,0.000397,-0.00013,0,10.11,Humid,22.75,0,51,241144.91,SABD0000000001,AAV1.0.0.11,1.1.2.0,PSt7-10,191107-136,2/17/22 12:14,0000-00,0,no battery,V
4/18/22,12:17:55,9,default,199182947,OXY-CH9,28.318,min,265.261,µmol/L,Humid,17.764,deg,90082,µV,28.724,°C,1017,hPa,35.3,pmil,0,55.4,deg,20,°C,100,%a.s.,22.63,deg,20,°C,972,hPa,0.816,-0.01371,0.000397,-0.00013,0,10.11,Humid,22.75,0,51,241142.35,SABD0000000001,AAV1.0.0.11,1.1.2.0,PSt7-10,191107-136,2/17/22 12:14,0000-00,0,no battery,V
4/18/22,12:17:56,9,default,199182947,OXY-CH9,28.334,min,265.239,µmol/L,Humid,17.765,deg,90086,µV,28.723,°C,1017,hPa,35.3,pmil,0,55.4,deg,20,°C,100,%a.s.,22.63,deg,20,°C,972,hPa,0.816,-0.01371,0.000397,-0.00013,0,10.11,Humid,22.75,0,51,241146.41,SABD0000000001,AAV1.0.0.11,1.1.2.0,PSt7-10,191107-136,2/17/22 12:14,0000-00,0,no battery,V
4/18/22,12:17:57,9,default,199182947,OXY-CH9,28.351,min,265.145,µmol/L,Humid,17.769,deg,90100,µV,28.722,°C,1017,hPa,35.3,pmil,0,55.4,deg,20,°C,100,%a.s.,22.63,deg,20,°C,972,hPa,0.816,-0.01371,0.000397,-0.00013,0,10.11,Humid,22.75,0,51,241152.02,SABD0000000001,AAV1.0.0.11,1.1.2.0,PSt7-10,191107-136,2/17/22 12:14,0000-00,0,no battery,V
4/18/22,12:17:58,9,default,199182947,OXY-CH9,28.367,min,265.229,µmol/L,Humid,17.768,deg,90094,µV,28.715,°C,1017,hPa,35.3,pmil,0,55.4,deg,20,°C,100,%a.s.,22.63,deg,20,°C,972,hPa,0.816,-0.01371,0.000397,-0.00013,0,10.11,Humid,22.75,0,51,241142.77,SABD0000000001,AAV1.0.0.11,1.1.2.0,PSt7-10,191107-136,2/17/22 12:14,0000-00,0,no battery,V
4/18/22,12:17:59,9,default,199182947,OXY-CH9,28.384,min,265.386,µmol/L,Humid,17.765,deg,90099,µV,28.705,°C,1017,hPa,35.3,pmil,0,55.4,deg,20,°C,100,%a.s.,22.63,deg,20,°C,972,hPa,0.816,-0.01371,0.000397,-0.00013,0,10.11,Humid,22.75,0,51,241146.46,SABD0000000001,AAV1.0.0.11,1.1.2.0,PSt7-10,191107-136,2/17/22 12:14,0000-00,0,no battery,V
4/18/22,12:18:00,9,default,199182947,OXY-CH9,28.401,min,265.177,µmol/L,Humid,17.77,deg,90107,µV,28.715,°C,1017,hPa,35.3,pmil,0,55.4,deg,20,°C,100,%a.s.,22.63,deg,20,°C,972,hPa,0.816,-0.01371,0.000397,-0.00013,0,10.11,Humid,22.75,0,51,241151.96,SABD0000000001,AAV1.0.0.11,1.1.2.0,PSt7-10,191107-136,2/17/22 12:14,0000-00,0,no battery,V
4/18/22,12:18:01,9,default,199182947,OXY-CH9,28.418,min,265.191,µmol/L,Humid,17.768,deg,90117,µV,28.72,°C,1017,hPa,35.3,pmil,0,55.4,deg,20,°C,100,%a.s.,22.63,deg,20,°C,972,hPa,0.816,-0.01371,0.000397,-0.00013,0,10.11,Humid,22.75,0,51,241147.11,SABD0000000001,AAV1.0.0.11,1.1.2.0,PSt7-10,191107-136,2/17/22 12:14,0000-00,0,no battery,V
4/18/22,12:18:02,9,default,199182947,OXY-CH9,28.434,min,265.102,µmol/L,Humid,17.768,deg,90115,µV,28.731,°C,1017,hPa,35.3,pmil,0,55.4,deg,20,°C,100,%a.s.,22.63,deg,20,°C,972,hPa,0.816,-0.01371,0.000397,-0.00013,0,10.11,Humid,22.75,0,51,241144.1,SABD0000000001,AAV1.0.0.11,1.1.2.0,PSt7-10,191107-136,2/17/22 12:14,0000-00,0,no battery,V
4/18/22,12:18:03,9,default,199182947,OXY-CH9,28.451,min,264.974,µmol/L,Humid,17.775,deg,90117,µV,28.724,°C,1017,hPa,35.3,pmil,0,55.4,deg,20,°C,100,%a.s.,22.63,deg,20,°C,972,hPa,0.816,-0.01371,0.000397,-0.00013,0,10.11,Humid,22.75,0,51,241141.83,SABD0000000001,AAV1.0.0.11,1.1.2.0,PSt7-10,191107-136,2/17/22 12:14,0000-00,0,no battery,V
4/18/22,12:18:04,9,default,199182947,OXY-CH9,28.468,min,265.141,µmol/L,Humid,17.768,deg,90123,µV,28.726,°C,1017,hPa,35.3,pmil,0,55.4,deg,20,°C,100,%a.s.,22.63,deg,20,°C,972,hPa,0.816,-0.01371,0.000397,-0.00013,0,10.11,Humid,22.75,0,51,241149.4,SABD0000000001,AAV1.0.0.11,1.1.2.0,PSt7-10,191107-136,2/17/22 12:14,0000-00,0,no battery,V
4/18/22,12:18:05,9,default,199182947,OXY-CH9,28.484,min,265.111,µmol/L,Humid,17.771,deg,90126,µV,28.72,°C,1017,hPa,35.3,pmil,0,55.4,deg,20,°C,100,%a.s.,22.63,deg,20,°C,972,hPa,0.816,-0.01371,0.000397,-0.00013,0,10.11,Humid,22.75,0,51,241163.22,SABD0000000001,AAV1.0.0.11,1.1.2.0,PSt7-10,191107-136,2/17/22 12:14,0000-00,0,no battery,V
4/18/22,12:18:06,9,default,199182947,OXY-CH9,28.5,min,265.09,µmol/L,Humid,17.768,deg,90142,µV,28.732,°C,1017,hPa,35.3,pmil,0,55.4,deg,20,°C,100,%a.s.,22.63,deg,20,°C,972,hPa,0.816,-0.01371,0.000397,-0.00013,0,10.11,Humid,22.75,0,51,241148.14,SABD0000000001,AAV1.0.0.11,1.1.2.0,PSt7-10,191107-136,2/17/22 12:14,0000-00,0,no battery,V
4/18/22,12:18:07,9,default,199182947,OXY-CH9,28.517,min,265.072,µmol/L,Humid,17.77,deg,90140,µV,28.728,°C,1017,hPa,35.3,pmil,0,55.4,deg,20,°C,100,%a.s.,22.63,deg,20,°C,972,hPa,0.816,-0.01371,0.000397,-0.00013,0,10.11,Humid,22.75,0,51,241152,SABD0000000001,AAV1.0.0.11,1.1.2.0,PSt7-10,191107-136,2/17/22 12:14,0000-00,0,no battery,V
4/18/22,12:18:08,9,default,199182947,OXY-CH9,28.534,min,265.062,µmol/L,Humid,17.777,deg,90145,µV,28.707,°C,1017,hPa,35.3,pmil,0,55.4,deg,20,°C,100,%a.s.,22.63,deg,20,°C,972,hPa,0.816,-0.01371,0.000397,-0.00013,0,10.11,Humid,22.75,0,51,241143.74,SABD0000000001,AAV1.0.0.11,1.1.2.0,PSt7-10,191107-136,2/17/22 12:14,0000-00,0,no battery,V
4/18/22,12:18:09,9,default,199182947,OXY-CH9,28.551,min,265,µmol/L,Humid,17.779,deg,90150,µV,28.708,°C,1017,hPa,35.3,pmil,0,55.4,deg,20,°C,100,%a.s.,22.63,deg,20,°C,972,hPa,0.816,-0.01371,0.000397,-0.00013,0,10.11,Humid,22.75,0,51,241151.43,SABD0000000001,AAV1.0.0.11,1.1.2.0,PSt7-10,191107-136,2/17/22 12:14,0000-00,0,no battery,V
4/18/22,12:18:10,9,default,199182947,OXY-CH9,28.567,min,265,µmol/L,Humid,17.779,deg,90156,µV,28.709,°C,1017,hPa,35.3,pmil,0,55.4,deg,20,°C,100,%a.s.,22.63,deg,20,°C,972,hPa,0.816,-0.01371,0.000397,-0.00013,0,10.11,Humid,22.75,0,51,241151.08,SABD0000000001,AAV1.0.0.11,1.1.2.0,PSt7-10,191107-136,2/17/22 12:14,0000-00,0,no battery,V
4/18/22,12:18:11,9,default,199182947,OXY-CH9,28.584,min,264.963,µmol/L,Humid,17.778,deg,90167,µV,28.716,°C,1017,hPa,35.3,pmil,0,55.4,deg,20,°C,100,%a.s.,22.63,deg,20,°C,972,hPa,0.816,-0.01371,0.000397,-0.00013,0,10.11,Humid,22.75,0,51,241154.03,SABD0000000001,AAV1.0.0.11,1.1.2.0,PSt7-10,191107-136,2/17/22 12:14,0000-00,0,no battery,V
4/18/22,12:18:12,9,default,199182947,OXY-CH9,28.601,min,264.969,µmol/L,Humid,17.776,deg,90154,µV,28.722,°C,1017,hPa,35.3,pmil,0,55.4,deg,20,°C,100,%a.s.,22.63,deg,20,°C,972,hPa,0.816,-0.01371,0.000397,-0.00013,0,10.11,Humid,22.75,0,51,241149.5,SABD0000000001,AAV1.0.0.11,1.1.2.0,PSt7-10,191107-136,2/17/22 12:14,0000-00,0,no battery,V
4/18/22,12:18:13,9,default,199182947,OXY-CH9,28.618,min,264.913,µmol/L,Humid,17.777,deg,90170,µV,28.726,°C,1017,hPa,35.3,pmil,0,55.4,deg,20,°C,100,%a.s.,22.63,deg,20,°C,972,hPa,0.816,-0.01371,0.000397,-0.00013,0,10.11,Humid,22.75,0,51,241155.65,SABD0000000001,AAV1.0.0.11,1.1.2.0,PSt7-10,191107-136,2/17/22 12:14,0000-00,0,no battery,V
4/18/22,12:18:14,9,default,199182947,OXY-CH9,28.634,min,264.947,µmol/L,Humid,17.781,deg,90177,µV,28.709,°C,1017,hPa,35.3,pmil,0,55.4,deg,20,°C,100,%a.s.,22.63,deg,20,°C,972,hPa,0.816,-0.01371,0.000397,-0.00013,0,10.11,Humid,22.75,0,51,241155.42,SABD0000000001,AAV1.0.0.11,1.1.2.0,PSt7-10,191107-136,2/17/22 12:14,0000-00,0,no battery,V
4/18/22,12:18:15,9,default,199182947,OXY-CH9,28.651,min,265.052,µmol/L,Humid,17.778,deg,90180,µV,28.705,°C,1017,hPa,35.3,pmil,0,55.4,deg,20,°C,100,%a.s.,22.63,deg,20,°C,972,hPa,0.816,-0.01371,0.000397,-0.00013,0,10.11,Humid,22.75,0,51,241159.05,SABD0000000001,AAV1.0.0.11,1.1.2.0,PSt7-10,191107-136,2/17/22 12:14,0000-00,0,no battery,V
4/18/22,12:18:16,9,default,199182947,OXY-CH9,28.668,min,264.828,µmol/L,Humid,17.781,deg,90189,µV,28.723,°C,1017,hPa,35.3,pmil,0,55.4,deg,20,°C,100,%a.s.,22.63,deg,20,°C,972,hPa,0.816,-0.01371,0.000397,-0.00013,0,10.11,Humid,22.75,0,51,241167.38,SABD0000000001,AAV1.0.0.11,1.1.2.0,PSt7-10,191107-136,2/17/22 12:14,0000-00,0,no battery,V
4/18/22,12:18:17,9,default,199182947,OXY-CH9,28.685,min,264.749,µmol/L,Humid,17.784,deg,90190,µV,28.724,°C,1017,hPa,35.3,pmil,0,55.4,deg,20,°C,100,%a.s.,22.63,deg,20,°C,972,hPa,0.816,-0.01371,0.000397,-0.00013,0,10.11,Humid,22.75,0,51,241161.7,SABD0000000001,AAV1.0.0.11,1.1.2.0,PSt7-10,191107-136,2/17/22 12:14,0000-00,0,no battery,V
4/18/22,12:18:18,9,default,199182947,OXY-CH9,28.701,min,264.94,µmol/L,Humid,17.781,deg,90191,µV,28.71,°C,1017,hPa,35.3,pmil,0,55.4,deg,20,°C,100,%a.s.,22.63,deg,20,°C,972,hPa,0.816,-0.01371,0.000397,-0.00013,0,10.11,Humid,22.75,0,51,241158.81,SABD0000000001,AAV1.0.0.11,1.1.2.0,PSt7-10,191107-136,2/17/22 12:14,0000-00,0,no battery,V
4/18/22,12:18:19,9,default,199182947,OXY-CH9,28.717,min,264.634,µmol/L,Humid,17.786,deg,90204,µV,28.732,°C,1017,hPa,35.3,pmil,0,55.4,deg,20,°C,100,%a.s.,22.63,deg,20,°C,972,hPa,0.816,-0.01371,0.000397,-0.00013,0,10.11,Humid,22.75,0,51,241156.64,SABD0000000001,AAV1.0.0.11,1.1.2.0,PSt7-10,191107-136,2/17/22 12:14,0000-00,0,no battery,V
4/18/22,12:18:20,9,default,199182947,OXY-CH9,28.734,min,264.643,µmol/L,Humid,17.788,deg,90201,µV,28.724,°C,1017,hPa,35.3,pmil,0,55.4,deg,20,°C,100,%a.s.,22.63,deg,20,°C,972,hPa,0.816,-0.01371,0.000397,-0.00013,0,10.11,Humid,22.75,0,51,241158.29,SABD0000000001,AAV1.0.0.11,1.1.2.0,PSt7-10,191107-136,2/17/22 12:14,0000-00,0,no battery,V
4/18/22,12:18:21,9,default,199182947,OXY-CH9,28.751,min,264.741,µmol/L,Humid,17.783,deg,90202,µV,28.728,°C,1017,hPa,35.3,pmil,0,55.4,deg,20,°C,100,%a.s.,22.63,deg,20,°C,972,hPa,0.816,-0.01371,0.000397,-0.00013,0,10.11,Humid,22.75,0,51,241158.98,SABD0000000001,AAV1.0.0.11,1.1.2.0,PSt7-10,191107-136,2/17/22 12:14,0000-00,0,no battery,V
4/18/22,12:18:22,9,default,199182947,OXY-CH9,28.767,min,264.643,µmol/L,Humid,17.788,deg,90213,µV,28.724,°C,1017,hPa,35.3,pmil,0,55.4,deg,20,°C,100,%a.s.,22.63,deg,20,°C,972,hPa,0.816,-0.01371,0.000397,-0.00013,0,10.11,Humid,22.75,0,51,241160.05,SABD0000000001,AAV1.0.0.11,1.1.2.0,PSt7-10,191107-136,2/17/22 12:14,0000-00,0,no battery,V
4/18/22,12:18:23,9,default,199182947,OXY-CH9,28.784,min,264.629,µmol/L,Humid,17.788,deg,90220,µV,28.726,°C,1017,hPa,35.3,pmil,0,55.4,deg,20,°C,100,%a.s.,22.63,deg,20,°C,972,hPa,0.816,-0.01371,0.000397,-0.00013,0,10.11,Humid,22.75,0,51,241172.13,SABD0000000001,AAV1.0.0.11,1.1.2.0,PSt7-10,191107-136,2/17/22 12:14,0000-00,0,no battery,V
4/18/22,12:18:24,9,default,199182947,OXY-CH9,28.801,min,264.88,µmol/L,Humid,17.784,deg,90224,µV,28.708,°C,1017,hPa,35.3,pmil,0,55.4,deg,20,°C,100,%a.s.,22.63,deg,20,°C,972,hPa,0.816,-0.01371,0.000397,-0.00013,0,10.11,Humid,22.75,0,51,241167.62,SABD0000000001,AAV1.0.0.11,1.1.2.0,PSt7-10,191107-136,2/17/22 12:14,0000-00,0,no battery,V
4/18/22,12:18:25,9,default,199182947,OXY-CH9,28.818,min,264.799,µmol/L,Humid,17.786,deg,90230,µV,28.711,°C,1017,hPa,35.3,pmil,0,55.4,deg,20,°C,100,%a.s.,22.63,deg,20,°C,972,hPa,0.816,-0.01371,0.000397,-0.00013,0,10.11,Humid,22.75,0,51,241162.68,SABD0000000001,AAV1.0.0.11,1.1.2.0,PSt7-10,191107-136,2/17/22 12:14,0000-00,0,no battery,V
4/18/22,12:18:26,9,default,199182947,OXY-CH9,28.834,min,264.609,µmol/L,Humid,17.791,deg,90240,µV,28.719,°C,1017,hPa,35.3,pmil,0,55.4,deg,20,°C,100,%a.s.,22.63,deg,20,°C,972,hPa,0.816,-0.01371,0.000397,-0.00013,0,10.11,Humid,22.75,0,51,241171.55,SABD0000000001,AAV1.0.0.11,1.1.2.0,PSt7-10,191107-136,2/17/22 12:14,0000-00,0,no battery,V
4/18/22,12:18:27,9,default,199182947,OXY-CH9,28.851,min,264.779,µmol/L,Humid,17.79,deg,90230,µV,28.701,°C,1017,hPa,35.3,pmil,0,55.4,deg,20,°C,100,%a.s.,22.63,deg,20,°C,972,hPa,0.816,-0.01371,0.000397,-0.00013,0,10.11,Humid,22.75,0,51,241157.15,SABD0000000001,AAV1.0.0.11,1.1.2.0,PSt7-10,191107-136,2/17/22 12:14,0000-00,0,no battery,V
4/18/22,12:18:28,9,default,199182947,OXY-CH9,28.868,min,264.575,µmol/L,Humid,17.792,deg,90231,µV,28.72,°C,1017,hPa,35.3,pmil,0,55.4,deg,20,°C,100,%a.s.,22.63,deg,20,°C,972,hPa,0.816,-0.01371,0.000397,-0.00013,0,10.11,Humid,22.75,0,51,241168.97,SABD0000000001,AAV1.0.0.11,1.1.2.0,PSt7-10,191107-136,2/17/22 12:14,0000-00,0,no battery,V
4/18/22,12:18:29,9,default,199182947,OXY-CH9,28.884,min,264.465,µmol/L,Humid,17.797,deg,90245,µV,28.718,°C,1017,hPa,35.3,pmil,0,55.4,deg,20,°C,100,%a.s.,22.63,deg,20,°C,972,hPa,0.816,-0.01371,0.000397,-0.00013,0,10.11,Humid,22.75,0,51,241154.96,SABD0000000001,AAV1.0.0.11,1.1.2.0,PSt7-10,191107-136,2/17/22 12:14,0000-00,0,no battery,V
4/18/22,12:18:30,9,default,199182947,OXY-CH9,28.901,min,264.595,µmol/L,Humid,17.791,deg,90247,µV,28.721,°C,1017,hPa,35.3,pmil,0,55.4,deg,20,°C,100,%a.s.,22.63,deg,20,°C,972,hPa,0.816,-0.01371,0.000397,-0.00013,0,10.11,Humid,22.75,0,51,241167.47,SABD0000000001,AAV1.0.0.11,1.1.2.0,PSt7-10,191107-136,2/17/22 12:14,0000-00,0,no battery,V
4/18/22,12:18:31,9,default,199182947,OXY-CH9,28.918,min,264.536,µmol/L,Humid,17.796,deg,90252,µV,28.712,°C,1017,hPa,35.3,pmil,0,55.4,deg,20,°C,100,%a.s.,22.63,deg,20,°C,972,hPa,0.816,-0.01371,0.000397,-0.00013,0,10.11,Humid,22.75,0,51,241160.69,SABD0000000001,AAV1.0.0.11,1.1.2.0,PSt7-10,191107-136,2/17/22 12:14,0000-00,0,no battery,V
4/18/22,12:18:32,9,default,199182947,OXY-CH9,28.935,min,264.565,µmol/L,Humid,17.797,deg,90258,µV,28.706,°C,1017,hPa,35.3,pmil,0,55.4,deg,20,°C,100,%a.s.,22.63,deg,20,°C,972,hPa,0.816,-0.01371,0.000397,-0.00013,0,10.11,Humid,22.75,0,51,241168.14,SABD0000000001,AAV1.0.0.11,1.1.2.0,PSt7-10,191107-136,2/17/22 12:14,0000-00,0,no battery,V
4/18/22,12:18:33,9,default,199182947,OXY-CH9,28.951,min,264.538,µmol/L,Humid,17.796,deg,90268,µV,28.712,°C,1017,hPa,35.3,pmil,0,55.4,deg,20,°C,100,%a.s.,22.63,deg,20,°C,972,hPa,0.816,-0.01371,0.000397,-0.00013,0,10.11,Humid,22.75,0,51,241174.42,SABD0000000001,AAV1.0.0.11,1.1.2.0,PSt7-10,191107-136,2/17/22 12:14,0000-00,0,no battery,V
4/18/22,12:18:34,9,default,199182947,OXY-CH9,28.967,min,264.541,µmol/L,Humid,17.794,deg,90266,µV,28.718,°C,1017,hPa,35.3,pmil,0,55.4,deg,20,°C,100,%a.s.,22.63,deg,20,°C,972,hPa,0.816,-0.01371,0.000397,-0.00013,0,10.11,Humid,22.75,0,51,241163.46,SABD0000000001,AAV1.0.0.11,1.1.2.0,PSt7-10,191107-136,2/17/22 12:14,0000-00,0,no battery,V
4/18/22,12:18:35,9,default,199182947,OXY-CH9,28.985,min,264.571,µmol/L,Humid,17.797,deg,90263,µV,28.705,°C,1017,hPa,35.3,pmil,0,55.4,deg,20,°C,100,%a.s.,22.63,deg,20,°C,972,hPa,0.816,-0.01371,0.000397,-0.00013,0,10.11,Humid,22.75,0,51,241160.48,SABD0000000001,AAV1.0.0.11,1.1.2.0,PSt7-10,191107-136,2/17/22 12:14,0000-00,0,no battery,V
4/18/22,12:18:36,9,default,199182947,OXY-CH9,29.001,min,264.516,µmol/L,Humid,17.799,deg,90267,µV,28.705,°C,1017,hPa,35.3,pmil,0,55.4,deg,20,°C,100,%a.s.,22.63,deg,20,°C,972,hPa,0.816,-0.01371,0.000397,-0.00013,0,10.11,Humid,22.75,0,51,241162.91,SABD0000000001,AAV1.0.0.11,1.1.2.0,PSt7-10,191107-136,2/17/22 12:14,0000-00,0,no battery,V
4/18/22,12:18:37,9,default,199182947,OXY-CH9,29.017,min,264.487,µmol/L,Humid,17.801,deg,90278,µV,28.703,°C,1017,hPa,35.3,pmil,0,55.4,deg,20,°C,100,%a.s.,22.63,deg,20,°C,972,hPa,0.816,-0.01371,0.000397,-0.00013,0,10.11,Humid,22.75,0,51,241164.86,SABD0000000001,AAV1.0.0.11,1.1.2.0,PSt7-10,191107-136,2/17/22 12:14,0000-00,0,no battery,V
4/18/22,12:18:38,9,default,199182947,OXY-CH9,29.034,min,264.587,µmol/L,Humid,17.797,deg,90283,µV,28.703,°C,1017,hPa,35.3,pmil,0,55.4,deg,20,°C,100,%a.s.,22.63,deg,20,°C,972,hPa,0.816,-0.01371,0.000397,-0.00013,0,10.11,Humid,22.75,0,51,241164.24,SABD0000000001,AAV1.0.0.11,1.1.2.0,PSt7-10,191107-136,2/17/22 12:14,0000-00,0,no battery,V
4/18/22,12:18:39,9,default,199182947,OXY-CH9,29.051,min,264.397,µmol/L,Humid,17.797,deg,90284,µV,28.726,°C,1017,hPa,35.3,pmil,0,55.4,deg,20,°C,100,%a.s.,22.63,deg,20,°C,972,hPa,0.816,-0.01371,0.000397,-0.00013,0,10.11,Humid,22.75,0,51,241157.2,SABD0000000001,AAV1.0.0.11,1.1.2.0,PSt7-10,191107-136,2/17/22 12:14,0000-00,0,no battery,V
4/18/22,12:18:40,9,default,199182947,OXY-CH9,29.067,min,264.335,µmol/L,Humid,17.803,deg,90291,µV,28.715,°C,1017,hPa,35.3,pmil,0,55.4,deg,20,°C,100,%a.s.,22.63,deg,20,°C,972,hPa,0.816,-0.01371,0.000397,-0.00013,0,10.11,Humid,22.75,0,51,241165.18,SABD0000000001,AAV1.0.0.11,1.1.2.0,PSt7-10,191107-136,2/17/22 12:14,0000-00,0,no battery,V
4/18/22,12:18:41,9,default,199182947,OXY-CH9,29.084,min,264.361,µmol/L,Humid,17.803,deg,90299,µV,28.712,°C,1017,hPa,35.3,pmil,0,55.4,deg,20,°C,100,%a.s.,22.63,deg,20,°C,972,hPa,0.816,-0.01371,0.000397,-0.00013,0,10.11,Humid,22.75,0,51,241161.08,SABD0000000001,AAV1.0.0.11,1.1.2.0,PSt7-10,191107-136,2/17/22 12:14,0000-00,0,no battery,V
4/18/22,12:18:42,9,default,199182947,OXY-CH9,29.101,min,264.366,µmol/L,Humid,17.803,deg,90302,µV,28.711,°C,1017,hPa,35.3,pmil,0,55.4,deg,20,°C,100,%a.s.,22.63,deg,20,°C,972,hPa,0.816,-0.01371,0.000397,-0.00013,0,10.11,Humid,22.75,0,51,241167.87,SABD0000000001,AAV1.0.0.11,1.1.2.0,PSt7-10,191107-136,2/17/22 12:14,0000-00,0,no battery,V
4/18/22,12:18:43,9,default,199182947,OXY-CH9,29.118,min,264.321,µmol/L,Humid,17.804,deg,90310,µV,28.714,°C,1017,hPa,35.3,pmil,0,55.4,deg,20,°C,100,%a.s.,22.63,deg,20,°C,972,hPa,0.816,-0.01371,0.000397,-0.00013,0,10.11,Humid,22.75,0,51,241177.16,SABD0000000001,AAV1.0.0.11,1.1.2.0,PSt7-10,191107-136,2/17/22 12:14,0000-00,0,no battery,V
4/18/22,12:18:44,9,default,199182947,OXY-CH9,29.134,min,264.471,µmol/L,Humid,17.802,deg,90320,µV,28.702,°C,1017,hPa,35.3,pmil,0,55.4,deg,20,°C,100,%a.s.,22.63,deg,20,°C,972,hPa,0.816,-0.01371,0.000397,-0.00013,0,10.11,Humid,22.75,0,51,241172.61,SABD0000000001,AAV1.0.0.11,1.1.2.0,PSt7-10,191107-136,2/17/22 12:14,0000-00,0,no battery,V
4/18/22,12:18:45,9,default,199182947,OXY-CH9,29.151,min,264.304,µmol/L,Humid,17.804,deg,90320,µV,28.716,°C,1017,hPa,35.3,pmil,0,55.4,deg,20,°C,100,%a.s.,22.63,deg,20,°C,972,hPa,0.816,-0.01371,0.000397,-0.00013,0,10.11,Humid,22.75,0,51,241159.46,SABD0000000001,AAV1.0.0.11,1.1.2.0,PSt7-10,191107-136,2/17/22 12:14,0000-00,0,no battery,V
4/18/22,12:18:46,9,default,199182947,OXY-CH9,29.167,min,264.327,µmol/L,Humid,17.805,deg,90313,µV,28.71,°C,1017,hPa,35.3,pmil,0,55.4,deg,20,°C,100,%a.s.,22.63,deg,20,°C,972,hPa,0.816,-0.01371,0.000397,-0.00013,0,10.11,Humid,22.75,0,51,241174.61,SABD0000000001,AAV1.0.0.11,1.1.2.0,PSt7-10,191107-136,2/17/22 12:14,0000-00,0,no battery,V
4/18/22,12:18:47,9,default,199182947,OXY-CH9,29.184,min,264.329,µmol/L,Humid,17.808,deg,90328,µV,28.7,°C,1017,hPa,35.3,pmil,0,55.4,deg,20,°C,100,%a.s.,22.63,deg,20,°C,972,hPa,0.816,-0.01371,0.000397,-0.00013,0,10.11,Humid,22.75,0,51,241181.3,SABD0000000001,AAV1.0.0.11,1.1.2.0,PSt7-10,191107-136,2/17/22 12:14,0000-00,0,no battery,V
4/18/22,12:18:48,9,default,199182947,OXY-CH9,29.2,min,264.113,µmol/L,Humid,17.81,deg,90333,µV,28.721,°C,1017,hPa,35.3,pmil,0,55.4,deg,20,°C,100,%a.s.,22.63,deg,20,°C,972,hPa,0.816,-0.01371,0.000397,-0.00013,0,10.11,Humid,22.75,0,51,241170.48,SABD0000000001,AAV1.0.0.11,1.1.2.0,PSt7-10,191107-136,2/17/22 12:14,0000-00,0,no battery,V
4/18/22,12:18:49,9,default,199182947,OXY-CH9,29.217,min,264.173,µmol/L,Humid,17.807,deg,90337,µV,28.723,°C,1017,hPa,35.3,pmil,0,55.4,deg,20,°C,100,%a.s.,22.63,deg,20,°C,972,hPa,0.816,-0.01371,0.000397,-0.00013,0,10.11,Humid,22.75,0,51,241167.09,SABD0000000001,AAV1.0.0.11,1.1.2.0,PSt7-10,191107-136,2/17/22 12:14,0000-00,0,no battery,V
4/18/22,12:18:50,9,default,199182947,OXY-CH9,29.234,min,264.189,µmol/L,Humid,17.809,deg,90340,µV,28.714,°C,1017,hPa,35.3,pmil,0,55.4,deg,20,°C,100,%a.s.,22.63,deg,20,°C,972,hPa,0.816,-0.01371,0.000397,-0.00013,0,10.11,Humid,22.75,0,51,241173.44,SABD0000000001,AAV1.0.0.11,1.1.2.0,PSt7-10,191107-136,2/17/22 12:14,0000-00,0,no battery,V
4/18/22,12:18:51,9,default,199182947,OXY-CH9,29.251,min,264.232,µmol/L,Humid,17.811,deg,90347,µV,28.703,°C,1017,hPa,35.3,pmil,0,55.4,deg,20,°C,100,%a.s.,22.63,deg,20,°C,972,hPa,0.816,-0.01371,0.000397,-0.00013,0,10.11,Humid,22.75,0,51,241169.97,SABD0000000001,AAV1.0.0.11,1.1.2.0,PSt7-10,191107-136,2/17/22 12:14,0000-00,0,no battery,V
4/18/22,12:18:52,9,default,199182947,OXY-CH9,29.268,min,264.16,µmol/L,Humid,17.811,deg,90353,µV,28.712,°C,1017,hPa,35.3,pmil,0,55.4,deg,20,°C,100,%a.s.,22.63,deg,20,°C,972,hPa,0.816,-0.01371,0.000397,-0.00013,0,10.11,Humid,22.75,0,51,241166.78,SABD0000000001,AAV1.0.0.11,1.1.2.0,PSt7-10,191107-136,2/17/22 12:14,0000-00,0,no battery,V
4/18/22,12:18:53,9,default,199182947,OXY-CH9,29.284,min,264.052,µmol/L,Humid,17.812,deg,90351,µV,28.722,°C,1017,hPa,35.3,pmil,0,55.4,deg,20,°C,100,%a.s.,22.63,deg,20,°C,972,hPa,0.816,-0.01371,0.000397,-0.00013,0,10.11,Humid,22.75,0,51,241167.86,SABD0000000001,AAV1.0.0.11,1.1.2.0,PSt7-10,191107-136,2/17/22 12:14,0000-00,0,no battery,V
4/18/22,12:18:54,9,default,199182947,OXY-CH9,29.301,min,264.054,µmol/L,Humid,17.813,deg,90357,µV,28.719,°C,1017,hPa,35.3,pmil,0,55.4,deg,20,°C,100,%a.s.,22.63,deg,20,°C,972,hPa,0.816,-0.01371,0.000397,-0.00013,0,10.11,Humid,22.75,0,51,241177.09,SABD0000000001,AAV1.0.0.11,1.1.2.0,PSt7-10,191107-136,2/17/22 12:14,0000-00,0,no battery,V
4/18/22,12:18:55,9,default,199182947,OXY-CH9,29.317,min,264.182,µmol/L,Humid,17.814,deg,90366,µV,28.7,°C,1017,hPa,35.3,pmil,0,55.4,deg,20,°C,100,%a.s.,22.63,deg,20,°C,972,hPa,0.816,-0.01371,0.000397,-0.00013,0,10.11,Humid,22.75,0,51,241178.1,SABD0000000001,AAV1.0.0.11,1.1.2.0,PSt7-10,191107-136,2/17/22 12:14,0000-00,0,no battery,V
4/18/22,12:18:56,9,default,199182947,OXY-CH9,29.334,min,264.274,µmol/L,Humid,17.813,deg,90371,µV,28.691,°C,1017,hPa,35.3,pmil,0,55.4,deg,20,°C,100,%a.s.,22.63,deg,20,°C,972,hPa,0.816,-0.01371,0.000397,-0.00013,0,10.11,Humid,22.75,0,51,241176.75,SABD0000000001,AAV1.0.0.11,1.1.2.0,PSt7-10,191107-136,2/17/22 12:14,0000-00,0,no battery,V
4/18/22,12:18:57,9,default,199182947,OXY-CH9,29.35,min,264.089,µmol/L,Humid,17.816,deg,90375,µV,28.705,°C,1017,hPa,35.3,pmil,0,55.4,deg,20,°C,100,%a.s.,22.63,deg,20,°C,972,hPa,0.816,-0.01371,0.000397,-0.00013,0,10.11,Humid,22.75,0,51,241170.75,SABD0000000001,AAV1.0.0.11,1.1.2.0,PSt7-10,191107-136,2/17/22 12:14,0000-00,0,no battery,V
4/18/22,12:18:58,9,default,199182947,OXY-CH9,29.367,min,263.953,µmol/L,Humid,17.815,deg,90375,µV,28.725,°C,1017,hPa,35.3,pmil,0,55.4,deg,20,°C,100,%a.s.,22.63,deg,20,°C,972,hPa,0.816,-0.01371,0.000397,-0.00013,0,10.11,Humid,22.75,0,51,241161.6,SABD0000000001,AAV1.0.0.11,1.1.2.0,PSt7-10,191107-136,2/17/22 12:14,0000-00,0,no battery,V
4/18/22,12:18:59,9,default,199182947,OXY-CH9,29.384,min,264.02,µmol/L,Humid,17.816,deg,90377,µV,28.713,°C,1017,hPa,35.3,pmil,0,55.4,deg,20,°C,100,%a.s.,22.63,deg,20,°C,972,hPa,0.816,-0.01371,0.000397,-0.00013,0,10.11,Humid,22.75,0,51,241167.96,SABD0000000001,AAV1.0.0.11,1.1.2.0,PSt7-10,191107-136,2/17/22 12:14,0000-00,0,no battery,V
4/18/22,12:19:00,9,default,199182947,OXY-CH9,29.401,min,263.973,µmol/L,Humid,17.819,deg,90383,µV,28.71,°C,1017,hPa,35.3,pmil,0,55.4,deg,20,°C,100,%a.s.,22.63,deg,20,°C,972,hPa,0.816,-0.01371,0.000397,-0.00013,0,10.11,Humid,22.75,0,51,241174.71,SABD0000000001,AAV1.0.0.11,1.1.2.0,PSt7-10,191107-136,2/17/22 12:14,0000-00,0,no battery,V
4/18/22,12:19:01,9,default,199182947,OXY-CH9,29.418,min,263.999,µmol/L,Humid,17.818,deg,90388,µV,28.71,°C,1017,hPa,35.3,pmil,0,55.4,deg,20,°C,100,%a.s.,22.63,deg,20,°C,972,hPa,0.816,-0.01371,0.000397,-0.00013,0,10.11,Humid,22.75,0,51,241167.86,SABD0000000001,AAV1.0.0.11,1.1.2.0,PSt7-10,191107-136,2/17/22 12:14,0000-00,0,no battery,V
4/18/22,12:19:02,9,default,199182947,OXY-CH9,29.434,min,263.806,µmol/L,Humid,17.824,deg,90392,µV,28.715,°C,1017,hPa,35.3,pmil,0,55.4,deg,20,°C,100,%a.s.,22.63,deg,20,°C,972,hPa,0.816,-0.01371,0.000397,-0.00013,0,10.11,Humid,22.75,0,51,241159.85,SABD0000000001,AAV1.0.0.11,1.1.2.0,PSt7-10,191107-136,2/17/22 12:14,0000-00,0,no battery,V
4/18/22,12:19:03,9,default,199182947,OXY-CH9,29.451,min,263.965,µmol/L,Humid,17.818,deg,90396,µV,28.714,°C,1017,hPa,35.3,pmil,0,55.4,deg,20,°C,100,%a.s.,22.63,deg,20,°C,972,hPa,0.816,-0.01371,0.000397,-0.00013,0,10.11,Humid,22.75,0,51,241173.7,SABD0000000001,AAV1.0.0.11,1.1.2.0,PSt7-10,191107-136,2/17/22 12:14,0000-00,0,no battery,V
4/18/22,12:19:04,9,default,199182947,OXY-CH9,29.468,min,263.993,µmol/L,Humid,17.822,deg,90399,µV,28.698,°C,1017,hPa,35.3,pmil,0,55.4,deg,20,°C,100,%a.s.,22.63,deg,20,°C,972,hPa,0.816,-0.01371,0.000397,-0.00013,0,10.11,Humid,22.75,0,51,241177.39,SABD0000000001,AAV1.0.0.11,1.1.2.0,PSt7-10,191107-136,2/17/22 12:14,0000-00,0,no battery,V
4/18/22,12:19:05,9,default,199182947,OXY-CH9,29.485,min,264.112,µmol/L,Humid,17.82,deg,90413,µV,28.689,°C,1017,hPa,35.3,pmil,0,55.4,deg,20,°C,100,%a.s.,22.63,deg,20,°C,972,hPa,0.816,-0.01371,0.000397,-0.00013,0,10.11,Humid,22.75,0,51,241163.62,SABD0000000001,AAV1.0.0.11,1.1.2.0,PSt7-10,191107-136,2/17/22 12:14,0000-00,0,no battery,V
4/18/22,12:19:06,9,default,199182947,OXY-CH9,29.501,min,263.966,µmol/L,Humid,17.824,deg,90418,µV,28.695,°C,1017,hPa,35.3,pmil,0,55.4,deg,20,°C,100,%a.s.,22.63,deg,20,°C,972,hPa,0.816,-0.01371,0.000397,-0.00013,0,10.11,Humid,22.75,0,51,241171.51,SABD0000000001,AAV1.0.0.11,1.1.2.0,PSt7-10,191107-136,2/17/22 12:14,0000-00,0,no battery,V
4/18/22,12:19:07,9,default,199182947,OXY-CH9,29.517,min,263.76,µmol/L,Humid,17.827,deg,90421,µV,28.711,°C,1017,hPa,35.3,pmil,0,55.4,deg,20,°C,100,%a.s.,22.63,deg,20,°C,972,hPa,0.816,-0.01371,0.000397,-0.00013,0,10.11,Humid,22.75,0,51,241169.34,SABD0000000001,AAV1.0.0.11,1.1.2.0,PSt7-10,191107-136,2/17/22 12:14,0000-00,0,no battery,V
4/18/22,12:19:08,9,default,199182947,OXY-CH9,29.534,min,263.803,µmol/L,Humid,17.822,deg,90427,µV,28.721,°C,1017,hPa,35.3,pmil,0,55.4,deg,20,°C,100,%a.s.,22.63,deg,20,°C,972,hPa,0.816,-0.01371,0.000397,-0.00013,0,10.11,Humid,22.75,0,51,241175.64,SABD0000000001,AAV1.0.0.11,1.1.2.0,PSt7-10,191107-136,2/17/22 12:14,0000-00,0,no battery,V
4/18/22,12:19:09,9,default,199182947,OXY-CH9,29.551,min,263.935,µmol/L,Humid,17.821,deg,90434,µV,28.708,°C,1017,hPa,35.3,pmil,0,55.4,deg,20,°C,100,%a.s.,22.63,deg,20,°C,972,hPa,0.816,-0.01371,0.000397,-0.00013,0,10.11,Humid,22.75,0,51,241174.68,SABD0000000001,AAV1.0.0.11,1.1.2.0,PSt7-10,191107-136,2/17/22 12:14,0000-00,0,no battery,V
4/18/22,12:19:10,9,default,199182947,OXY-CH9,29.567,min,263.745,µmol/L,Humid,17.827,deg,90435,µV,28.713,°C,1017,hPa,35.3,pmil,0,55.4,deg,20,°C,100,%a.s.,22.63,deg,20,°C,972,hPa,0.816,-0.01371,0.000397,-0.00013,0,10.11,Humid,22.75,0,51,241176.78,SABD0000000001,AAV1.0.0.11,1.1.2.0,PSt7-10,191107-136,2/17/22 12:14,0000-00,0,no battery,V
4/18/22,12:19:11,9,default,199182947,OXY-CH9,29.584,min,263.858,µmol/L,Humid,17.824,deg,90437,µV,28.708,°C,1017,hPa,35.3,pmil,0,55.4,deg,20,°C,100,%a.s.,22.63,deg,20,°C,972,hPa,0.816,-0.01371,0.000397,-0.00013,0,10.11,Humid,22.75,0,51,241169.46,SABD0000000001,AAV1.0.0.11,1.1.2.0,PSt7-10,191107-136,2/17/22 12:14,0000-00,0,no battery,V
4/18/22,12:19:12,9,default,199182947,OXY-CH9,29.601,min,263.899,µmol/L,Humid,17.823,deg,90453,µV,28.706,°C,1017,hPa,35.3,pmil,0,55.4,deg,20,°C,100,%a.s.,22.63,deg,20,°C,972,hPa,0.816,-0.01371,0.000397,-0.00013,0,10.11,Humid,22.75,0,51,241173.56,SABD0000000001,AAV1.0.0.11,1.1.2.0,PSt7-10,191107-136,2/17/22 12:14,0000-00,0,no battery,V
4/18/22,12:19:13,9,default,199182947,OXY-CH9,29.618,min,263.98,µmol/L,Humid,17.825,deg,90450,µV,28.69,°C,1017,hPa,35.3,pmil,0,55.4,deg,20,°C,100,%a.s.,22.63,deg,20,°C,972,hPa,0.816,-0.01371,0.000397,-0.00013,0,10.11,Humid,22.75,0,51,241184.1,SABD0000000001,AAV1.0.0.11,1.1.2.0,PSt7-10,191107-136,2/17/22 12:14,0000-00,0,no battery,V
4/18/22,12:19:14,9,default,199182947,OXY-CH9,29.634,min,263.942,µmol/L,Humid,17.827,deg,90456,µV,28.688,°C,1017,hPa,35.3,pmil,0,55.4,deg,20,°C,100,%a.s.,22.63,deg,20,°C,972,hPa,0.816,-0.01371,0.000397,-0.00013,0,10.11,Humid,22.75,0,51,241174.36,SABD0000000001,AAV1.0.0.11,1.1.2.0,PSt7-10,191107-136,2/17/22 12:14,0000-00,0,no battery,V
4/18/22,12:19:15,9,default,199182947,OXY-CH9,29.651,min,263.741,µmol/L,Humid,17.832,deg,90461,µV,28.698,°C,1017,hPa,35.3,pmil,0,55.4,deg,20,°C,100,%a.s.,22.63,deg,20,°C,972,hPa,0.816,-0.01371,0.000397,-0.00013,0,10.11,Humid,22.75,0,51,241168.55,SABD0000000001,AAV1.0.0.11,1.1.2.0,PSt7-10,191107-136,2/17/22 12:14,0000-00,0,no battery,V
4/18/22,12:19:16,9,default,199182947,OXY-CH9,29.668,min,263.786,µmol/L,Humid,17.832,deg,90465,µV,28.692,°C,1017,hPa,35.3,pmil,0,55.4,deg,20,°C,100,%a.s.,22.63,deg,20,°C,972,hPa,0.816,-0.01371,0.000397,-0.00013,0,10.11,Humid,22.75,0,51,241173.68,SABD0000000001,AAV1.0.0.11,1.1.2.0,PSt7-10,191107-136,2/17/22 12:14,0000-00,0,no battery,V
4/18/22,12:19:17,9,default,199182947,OXY-CH9,29.684,min,263.686,µmol/L,Humid,17.832,deg,90468,µV,28.704,°C,1017,hPa,35.3,pmil,0,55.4,deg,20,°C,100,%a.s.,22.63,deg,20,°C,972,hPa,0.816,-0.01371,0.000397,-0.00013,0,10.11,Humid,22.75,0,51,241178.45,SABD0000000001,AAV1.0.0.11,1.1.2.0,PSt7-10,191107-136,2/17/22 12:14,0000-00,0,no battery,V
4/18/22,12:19:18,9,default,199182947,OXY-CH9,29.701,min,263.61,µmol/L,Humid,17.835,deg,90472,µV,28.704,°C,1017,hPa,35.3,pmil,0,55.4,deg,20,°C,100,%a.s.,22.63,deg,20,°C,972,hPa,0.816,-0.01371,0.000397,-0.00013,0,10.11,Humid,22.75,0,51,241166.58,SABD0000000001,AAV1.0.0.11,1.1.2.0,PSt7-10,191107-136,2/17/22 12:14,0000-00,0,no battery,V
4/18/22,12:19:19,9,default,199182947,OXY-CH9,29.717,min,263.66,µmol/L,Humid,17.829,deg,90480,µV,28.717,°C,1017,hPa,35.3,pmil,0,55.4,deg,20,°C,100,%a.s.,22.63,deg,20,°C,972,hPa,0.816,-0.01371,0.000397,-0.00013,0,10.11,Humid,22.75,0,51,241179.98,SABD0000000001,AAV1.0.0.11,1.1.2.0,PSt7-10,191107-136,2/17/22 12:14,0000-00,0,no battery,V
4/18/22,12:19:20,9,default,199182947,OXY-CH9,29.734,min,263.654,µmol/L,Humid,17.833,deg,90479,µV,28.705,°C,1017,hPa,35.3,pmil,0,55.4,deg,20,°C,100,%a.s.,22.63,deg,20,°C,972,hPa,0.816,-0.01371,0.000397,-0.00013,0,10.11,Humid,22.75,0,51,241185.78,SABD0000000001,AAV1.0.0.11,1.1.2.0,PSt7-10,191107-136,2/17/22 12:14,0000-00,0,no battery,V
4/18/22,12:19:21,9,default,199182947,OXY-CH9,29.751,min,263.546,µmol/L,Humid,17.837,deg,90484,µV,28.706,°C,1017,hPa,35.3,pmil,0,55.4,deg,20,°C,100,%a.s.,22.63,deg,20,°C,972,hPa,0.816,-0.01371,0.000397,-0.00013,0,10.11,Humid,22.75,0,51,241173.48,SABD0000000001,AAV1.0.0.11,1.1.2.0,PSt7-10,191107-136,2/17/22 12:14,0000-00,0,no battery,V
4/18/22,12:19:22,9,default,199182947,OXY-CH9,29.767,min,263.613,µmol/L,Humid,17.834,deg,90489,µV,28.707,°C,1017,hPa,35.3,pmil,0,55.4,deg,20,°C,100,%a.s.,22.63,deg,20,°C,972,hPa,0.816,-0.01371,0.000397,-0.00013,0,10.11,Humid,22.75,0,51,241179.51,SABD0000000001,AAV1.0.0.11,1.1.2.0,PSt7-10,191107-136,2/17/22 12:14,0000-00,0,no battery,V
4/18/22,12:19:23,9,default,199182947,OXY-CH9,29.784,min,263.689,µmol/L,Humid,17.833,deg,90489,µV,28.701,°C,1017,hPa,35.3,pmil,0,55.4,deg,20,°C,100,%a.s.,22.63,deg,20,°C,972,hPa,0.816,-0.01371,0.000397,-0.00013,0,10.11,Humid,22.75,0,51,241170.48,SABD0000000001,AAV1.0.0.11,1.1.2.0,PSt7-10,191107-136,2/17/22 12:14,0000-00,0,no battery,V
4/18/22,12:19:24,9,default,199182947,OXY-CH9,29.801,min,263.64,µmol/L,Humid,17.833,deg,90498,µV,28.707,°C,1017,hPa,35.3,pmil,0,55.4,deg,20,°C,100,%a.s.,22.63,deg,20,°C,972,hPa,0.816,-0.01371,0.000397,-0.00013,0,10.11,Humid,22.75,0,51,241177.9,SABD0000000001,AAV1.0.0.11,1.1.2.0,PSt7-10,191107-136,2/17/22 12:14,0000-00,0,no battery,V
4/18/22,12:19:25,9,default,199182947,OXY-CH9,29.818,min,263.656,µmol/L,Humid,17.836,deg,90505,µV,28.696,°C,1017,hPa,35.3,pmil,0,55.4,deg,20,°C,100,%a.s.,22.63,deg,20,°C,972,hPa,0.816,-0.01371,0.000397,-0.00013,0,10.11,Humid,22.75,0,51,241175.26,SABD0000000001,AAV1.0.0.11,1.1.2.0,PSt7-10,191107-136,2/17/22 12:14,0000-00,0,no battery,V
4/18/22,12:19:26,9,default,199182947,OXY-CH9,29.834,min,263.726,µmol/L,Humid,17.834,deg,90508,µV,28.693,°C,1017,hPa,35.3,pmil,0,55.4,deg,20,°C,100,%a.s.,22.63,deg,20,°C,972,hPa,0.816,-0.01371,0.000397,-0.00013,0,10.11,Humid,22.75,0,51,241180.07,SABD0000000001,AAV1.0.0.11,1.1.2.0,PSt7-10,191107-136,2/17/22 12:14,0000-00,0,no battery,V
4/18/22,12:19:27,9,default,199182947,OXY-CH9,29.851,min,263.578,µmol/L,Humid,17.837,deg,90515,µV,28.702,°C,1017,hPa,35.3,pmil,0,55.4,deg,20,°C,100,%a.s.,22.63,deg,20,°C,972,hPa,0.816,-0.01371,0.000397,-0.00013,0,10.11,Humid,22.75,0,51,241174.1,SABD0000000001,AAV1.0.0.11,1.1.2.0,PSt7-10,191107-136,2/17/22 12:14,0000-00,0,no battery,V
4/18/22,12:19:28,9,default,199182947,OXY-CH9,29.867,min,263.443,µmol/L,Humid,17.84,deg,90516,µV,28.709,°C,1017,hPa,35.3,pmil,0,55.4,deg,20,°C,100,%a.s.,22.63,deg,20,°C,972,hPa,0.816,-0.01371,0.000397,-0.00013,0,10.11,Humid,22.75,0,51,241185.13,SABD0000000001,AAV1.0.0.11,1.1.2.0,PSt7-10,191107-136,2/17/22 12:14,0000-00,0,no battery,V
4/18/22,12:19:29,9,default,199182947,OXY-CH9,29.884,min,263.513,µmol/L,Humid,17.837,deg,90525,µV,28.71,°C,1017,hPa,35.3,pmil,0,55.4,deg,20,°C,100,%a.s.,22.63,deg,20,°C,972,hPa,0.816,-0.01371,0.000397,-0.00013,0,10.11,Humid,22.75,0,51,241181.53,SABD0000000001,AAV1.0.0.11,1.1.2.0,PSt7-10,191107-136,2/17/22 12:14,0000-00,0,no battery,V
4/18/22,12:19:30,9,default,199182947,OXY-CH9,29.901,min,263.626,µmol/L,Humid,17.842,deg,90526,µV,28.68,°C,1017,hPa,35.3,pmil,0,55.4,deg,20,°C,100,%a.s.,22.63,deg,20,°C,972,hPa,0.816,-0.01371,0.000397,-0.00013,0,10.11,Humid,22.75,0,51,241183.22,SABD0000000001,AAV1.0.0.11,1.1.2.0,PSt7-10,191107-136,2/17/22 12:14,0000-00,0,no battery,V
4/18/22,12:19:31,9,default,199182947,OXY-CH9,29.917,min,263.32,µmol/L,Humid,17.847,deg,90532,µV,28.703,°C,1017,hPa,35.3,pmil,0,55.4,deg,20,°C,100,%a.s.,22.63,deg,20,°C,972,hPa,0.816,-0.01371,0.000397,-0.00013,0,10.11,Humid,22.75,0,51,241170.37,SABD0000000001,AAV1.0.0.11,1.1.2.0,PSt7-10,191107-136,2/17/22 12:14,0000-00,0,no battery,V
4/18/22,12:19:32,9,default,199182947,OXY-CH9,29.934,min,263.548,µmol/L,Humid,17.843,deg,90537,µV,28.687,°C,1017,hPa,35.3,pmil,0,55.4,deg,20,°C,100,%a.s.,22.63,deg,20,°C,972,hPa,0.816,-0.01371,0.000397,-0.00013,0,10.11,Humid,22.75,0,51,241174.3,SABD0000000001,AAV1.0.0.11,1.1.2.0,PSt7-10,191107-136,2/17/22 12:14,0000-00,0,no battery,V
4/18/22,12:19:33,9,default,199182947,OXY-CH9,29.951,min,263.547,µmol/L,Humid,17.844,deg,90532,µV,28.684,°C,1017,hPa,35.3,pmil,0,55.4,deg,20,°C,100,%a.s.,22.63,deg,20,°C,972,hPa,0.816,-0.01371,0.000397,-0.00013,0,10.11,Humid,22.75,0,51,241167.02,SABD0000000001,AAV1.0.0.11,1.1.2.0,PSt7-10,191107-136,2/17/22 12:14,0000-00,0,no battery,V
4/18/22,12:19:34,9,default,199182947,OXY-CH9,29.968,min,263.534,µmol/L,Humid,17.846,deg,90546,µV,28.679,°C,1017,hPa,35.3,pmil,0,55.4,deg,20,°C,100,%a.s.,22.63,deg,20,°C,972,hPa,0.816,-0.01371,0.000397,-0.00013,0,10.11,Humid,22.75,0,51,241184.6,SABD0000000001,AAV1.0.0.11,1.1.2.0,PSt7-10,191107-136,2/17/22 12:14,0000-00,0,no battery,V
4/18/22,12:19:35,9,default,199182947,OXY-CH9,29.984,min,263.545,µmol/L,Humid,17.846,deg,90547,µV,28.678,°C,1017,hPa,35.3,pmil,0,55.4,deg,20,°C,100,%a.s.,22.63,deg,20,°C,972,hPa,0.816,-0.01371,0.000397,-0.00013,0,10.11,Humid,22.75,0,51,241176.62,SABD0000000001,AAV1.0.0.11,1.1.2.0,PSt7-10,191107-136,2/17/22 12:14,0000-00,0,no battery,V
4/18/22,12:19:36,9,default,199182947,OXY-CH9,30.001,min,263.469,µmol/L,Humid,17.847,deg,90561,µV,28.684,°C,1017,hPa,35.3,pmil,0,55.4,deg,20,°C,100,%a.s.,22.63,deg,20,°C,972,hPa,0.816,-0.01371,0.000397,-0.00013,0,10.11,Humid,22.75,0,51,241181.9,SABD0000000001,AAV1.0.0.11,1.1.2.0,PSt7-10,191107-136,2/17/22 12:14,0000-00,0,no battery,V
4/18/22,12:19:37,9,default,199182947,OXY-CH9,30.018,min,263.23,µmol/L,Humid,17.846,deg,90561,µV,28.717,°C,1017,hPa,35.3,pmil,0,55.4,deg,20,°C,100,%a.s.,22.63,deg,20,°C,972,hPa,0.816,-0.01371,0.000397,-0.00013,0,10.11,Humid,22.75,0,51,241184.92,SABD0000000001,AAV1.0.0.11,1.1.2.0,PSt7-10,191107-136,2/17/22 12:14,0000-00,0,no battery,V
4/18/22,12:19:38,9,default,199182947,OXY-CH9,30.034,min,263.369,µmol/L,Humid,17.846,deg,90557,µV,28.7,°C,1017,hPa,35.3,pmil,0,55.4,deg,20,°C,100,%a.s.,22.63,deg,20,°C,972,hPa,0.816,-0.01371,0.000397,-0.00013,0,10.11,Humid,22.75,0,51,241191.09,SABD0000000001,AAV1.0.0.11,1.1.2.0,PSt7-10,191107-136,2/17/22 12:14,0000-00,0,no battery,V
4/18/22,12:19:39,9,default,199182947,OXY-CH9,30.05,min,263.388,µmol/L,Humid,17.846,deg,90568,µV,28.697,°C,1017,hPa,35.3,pmil,0,55.4,deg,20,°C,100,%a.s.,22.63,deg,20,°C,972,hPa,0.816,-0.01371,0.000397,-0.00013,0,10.11,Humid,22.75,0,51,241191.16,SABD0000000001,AAV1.0.0.11,1.1.2.0,PSt7-10,191107-136,2/17/22 12:14,0000-00,0,no battery,V
4/18/22,12:19:40,9,default,199182947,OXY-CH9,30.067,min,263.142,µmol/L,Humid,17.851,deg,90565,µV,28.712,°C,1017,hPa,35.3,pmil,0,55.4,deg,20,°C,100,%a.s.,22.63,deg,20,°C,972,hPa,0.816,-0.01371,0.000397,-0.00013,0,10.11,Humid,22.75,0,51,241184.54,SABD0000000001,AAV1.0.0.11,1.1.2.0,PSt7-10,191107-136,2/17/22 12:14,0000-00,0,no battery,V
4/18/22,12:19:41,9,default,199182947,OXY-CH9,30.084,min,263.127,µmol/L,Humid,17.855,deg,90579,µV,28.702,°C,1017,hPa,35.3,pmil,0,55.4,deg,20,°C,100,%a.s.,22.63,deg,20,°C,972,hPa,0.816,-0.01371,0.000397,-0.00013,0,10.11,Humid,22.75,0,51,241181.71,SABD0000000001,AAV1.0.0.11,1.1.2.0,PSt7-10,191107-136,2/17/22 12:14,0000-00,0,no battery,V
4/18/22,12:19:42,9,default,199182947,OXY-CH9,30.101,min,263.241,µmol/L,Humid,17.85,deg,90582,µV,28.703,°C,1017,hPa,35.3,pmil,0,55.4,deg,20,°C,100,%a.s.,22.63,deg,20,°C,972,hPa,0.816,-0.01371,0.000397,-0.00013,0,10.11,Humid,22.75,0,51,241193.16,SABD0000000001,AAV1.0.0.11,1.1.2.0,PSt7-10,191107-136,2/17/22 12:14,0000-00,0,no battery,V
4/18/22,12:19:43,9,default,199182947,OXY-CH9,30.117,min,263.217,µmol/L,Humid,17.852,deg,90587,µV,28.7,°C,1017,hPa,35.3,pmil,0,55.4,deg,20,°C,100,%a.s.,22.63,deg,20,°C,972,hPa,0.816,-0.01371,0.000397,-0.00013,0,10.11,Humid,22.75,0,51,241181.32,SABD0000000001,AAV1.0.0.11,1.1.2.0,PSt7-10,191107-136,2/17/22 12:14,0000-00,0,no battery,V
4/18/22,12:19:44,9,default,199182947,OXY-CH9,30.134,min,263.209,µmol/L,Humid,17.851,deg,90594,µV,28.704,°C,1017,hPa,35.3,pmil,0,55.4,deg,20,°C,100,%a.s.,22.63,deg,20,°C,972,hPa,0.816,-0.01371,0.000397,-0.00013,0,10.11,Humid,22.75,0,51,241181.07,SABD0000000001,AAV1.0.0.11,1.1.2.0,PSt7-10,191107-136,2/17/22 12:14,0000-00,0,no battery,V
4/18/22,12:19:45,9,default,199182947,OXY-CH9,30.151,min,263.33,µmol/L,Humid,17.853,deg,90597,µV,28.683,°C,1017,hPa,35.3,pmil,0,55.4,deg,20,°C,100,%a.s.,22.63,deg,20,°C,972,hPa,0.816,-0.01371,0.000397,-0.00013,0,10.11,Humid,22.75,0,51,241183.56,SABD0000000001,AAV1.0.0.11,1.1.2.0,PSt7-10,191107-136,2/17/22 12:14,0000-00,0,no battery,V
4/18/22,12:19:46,9,default,199182947,OXY-CH9,30.168,min,263.2,µmol/L,Humid,17.855,deg,90602,µV,28.692,°C,1017,hPa,35.3,pmil,0,55.4,deg,20,°C,100,%a.s.,22.63,deg,20,°C,972,hPa,0.816,-0.01371,0.000397,-0.00013,0,10.11,Humid,22.75,0,51,241175.72,SABD0000000001,AAV1.0.0.11,1.1.2.0,PSt7-10,191107-136,2/17/22 12:14,0000-00,0,no battery,V
4/18/22,12:19:47,9,default,199182947,OXY-CH9,30.184,min,263.216,µmol/L,Humid,17.857,deg,90603,µV,28.684,°C,1017,hPa,35.3,pmil,0,55.4,deg,20,°C,100,%a.s.,22.63,deg,20,°C,972,hPa,0.816,-0.01371,0.000397,-0.00013,0,10.11,Humid,22.75,0,51,241180.63,SABD0000000001,AAV1.0.0.11,1.1.2.0,PSt7-10,191107-136,2/17/22 12:14,0000-00,0,no battery,V
4/18/22,12:19:48,9,default,199182947,OXY-CH9,30.201,min,263.389,µmol/L,Humid,17.855,deg,90611,µV,28.669,°C,1017,hPa,35.3,pmil,0,55.4,deg,20,°C,100,%a.s.,22.63,deg,20,°C,972,hPa,0.816,-0.01371,0.000397,-0.00013,0,10.11,Humid,22.75,0,51,241177.24,SABD0000000001,AAV1.0.0.11,1.1.2.0,PSt7-10,191107-136,2/17/22 12:14,0000-00,0,no battery,V
4/18/22,12:19:49,9,default,199182947,OXY-CH9,30.217,min,263.166,µmol/L,Humid,17.855,deg,90613,µV,28.697,°C,1017,hPa,35.3,pmil,0,55.4,deg,20,°C,100,%a.s.,22.63,deg,20,°C,972,hPa,0.816,-0.01371,0.000397,-0.00013,0,10.11,Humid,22.75,0,51,241181.46,SABD0000000001,AAV1.0.0.11,1.1.2.0,PSt7-10,191107-136,2/17/22 12:14,0000-00,0,no battery,V
4/18/22,12:19:50,9,default,199182947,OXY-CH9,30.234,min,263.146,µmol/L,Humid,17.859,deg,90621,µV,28.687,°C,1017,hPa,35.3,pmil,0,55.4,deg,20,°C,100,%a.s.,22.63,deg,20,°C,972,hPa,0.816,-0.01371,0.000397,-0.00013,0,10.11,Humid,22.75,0,51,241180.89,SABD0000000001,AAV1.0.0.11,1.1.2.0,PSt7-10,191107-136,2/17/22 12:14,0000-00,0,no battery,V
4/18/22,12:19:51,9,default,199182947,OXY-CH9,30.25,min,262.999,µmol/L,Humid,17.861,deg,90618,µV,28.699,°C,1017,hPa,35.3,pmil,0,55.4,deg,20,°C,100,%a.s.,22.63,deg,20,°C,972,hPa,0.816,-0.01371,0.000397,-0.00013,0,10.11,Humid,22.75,0,51,241185.87,SABD0000000001,AAV1.0.0.11,1.1.2.0,PSt7-10,191107-136,2/17/22 12:14,0000-00,0,no battery,V
4/18/22,12:19:52,9,default,199182947,OXY-CH9,30.267,min,263.126,µmol/L,Humid,17.861,deg,90623,µV,28.683,°C,1017,hPa,35.3,pmil,0,55.4,deg,20,°C,100,%a.s.,22.63,deg,20,°C,972,hPa,0.816,-0.01371,0.000397,-0.00013,0,10.11,Humid,22.75,0,51,241180.06,SABD0000000001,AAV1.0.0.11,1.1.2.0,PSt7-10,191107-136,2/17/22 12:14,0000-00,0,no battery,V
4/18/22,12:19:53,9,default,199182947,OXY-CH9,30.284,min,263.05,µmol/L,Humid,17.863,deg,90630,µV,28.686,°C,1017,hPa,35.3,pmil,0,55.4,deg,20,°C,100,%a.s.,22.63,deg,20,°C,972,hPa,0.816,-0.01371,0.000397,-0.00013,0,10.11,Humid,22.75,0,51,241186.92,SABD0000000001,AAV1.0.0.11,1.1.2.0,PSt7-10,191107-136,2/17/22 12:14,0000-00,0,no battery,V
4/18/22,12:19:54,9,default,199182947,OXY-CH9,30.301,min,263.021,µmol/L,Humid,17.86,deg,90634,µV,28.699,°C,1017,hPa,35.3,pmil,0,55.4,deg,20,°C,100,%a.s.,22.63,deg,20,°C,972,hPa,0.816,-0.01371,0.000397,-0.00013,0,10.11,Humid,22.75,0,51,241179.82,SABD0000000001,AAV1.0.0.11,1.1.2.0,PSt7-10,191107-136,2/17/22 12:14,0000-00,0,no battery,V
4/18/22,12:19:55,9,default,199182947,OXY-CH9,30.318,min,262.949,µmol/L,Humid,17.861,deg,90640,µV,28.705,°C,1017,hPa,35.3,pmil,0,55.4,deg,20,°C,100,%a.s.,22.63,deg,20,°C,972,hPa,0.816,-0.01371,0.000397,-0.00013,0,10.11,Humid,22.75,0,51,241184.7,SABD0000000001,AAV1.0.0.11,1.1.2.0,PSt7-10,191107-136,2/17/22 12:14,0000-00,0,no battery,V
4/18/22,12:19:56,9,default,199182947,OXY-CH9,30.334,min,262.882,µmol/L,Humid,17.863,deg,90643,µV,28.707,°C,1017,hPa,35.3,pmil,0,55.4,deg,20,°C,100,%a.s.,22.63,deg,20,°C,972,hPa,0.816,-0.01371,0.000397,-0.00013,0,10.11,Humid,22.75,0,51,241173.91,SABD0000000001,AAV1.0.0.11,1.1.2.0,PSt7-10,191107-136,2/17/22 12:14,0000-00,0,no battery,V
4/18/22,12:19:57,9,default,199182947,OXY-CH9,30.351,min,262.966,µmol/L,Humid,17.863,deg,90646,µV,28.697,°C,1017,hPa,35.3,pmil,0,55.4,deg,20,°C,100,%a.s.,22.63,deg,20,°C,972,hPa,0.816,-0.01371,0.000397,-0.00013,0,10.11,Humid,22.75,0,51,241174.4,SABD0000000001,AAV1.0.0.11,1.1.2.0,PSt7-10,191107-136,2/17/22 12:14,0000-00,0,no battery,V
4/18/22,12:19:58,9,default,199182947,OXY-CH9,30.368,min,262.883,µmol/L,Humid,17.866,deg,90656,µV,28.697,°C,1017,hPa,35.3,pmil,0,55.4,deg,20,°C,100,%a.s.,22.63,deg,20,°C,972,hPa,0.816,-0.01371,0.000397,-0.00013,0,10.11,Humid,22.75,0,51,241186.01,SABD0000000001,AAV1.0.0.11,1.1.2.0,PSt7-10,191107-136,2/17/22 12:14,0000-00,0,no battery,V
4/18/22,12:19:59,9,default,199182947,OXY-CH9,30.384,min,262.868,µmol/L,Humid,17.867,deg,90660,µV,28.696,°C,1017,hPa,35.3,pmil,0,55.4,deg,20,°C,100,%a.s.,22.63,deg,20,°C,972,hPa,0.816,-0.01371,0.000397,-0.00013,0,10.11,Humid,22.75,0,51,241178.41,SABD0000000001,AAV1.0.0.11,1.1.2.0,PSt7-10,191107-136,2/17/22 12:14,0000-00,0,no battery,V
4/18/22,12:20:00,9,default,199182947,OXY-CH9,30.4,min,262.911,µmol/L,Humid,17.867,deg,90664,µV,28.691,°C,1017,hPa,35.3,pmil,0,55.4,deg,20,°C,100,%a.s.,22.63,deg,20,°C,972,hPa,0.816,-0.01371,0.000397,-0.00013,0,10.11,Humid,22.75,0,51,241176.78,SABD0000000001,AAV1.0.0.11,1.1.2.0,PSt7-10,191107-136,2/17/22 12:14,0000-00,0,no battery,V
4/18/22,12:20:01,9,default,199182947,OXY-CH9,30.417,min,262.798,µmol/L,Humid,17.871,deg,90668,µV,28.692,°C,1017,hPa,35.3,pmil,0,55.4,deg,20,°C,100,%a.s.,22.63,deg,20,°C,972,hPa,0.816,-0.01371,0.000397,-0.00013,0,10.11,Humid,22.75,0,51,241177.98,SABD0000000001,AAV1.0.0.11,1.1.2.0,PSt7-10,191107-136,2/17/22 12:14,0000-00,0,no battery,V
4/18/22,12:20:02,9,default,199182947,OXY-CH9,30.434,min,262.903,µmol/L,Humid,17.871,deg,90671,µV,28.679,°C,1017,hPa,35.3,pmil,0,55.4,deg,20,°C,100,%a.s.,22.63,deg,20,°C,972,hPa,0.816,-0.01371,0.000397,-0.00013,0,10.11,Humid,22.75,0,51,241170.91,SABD0000000001,AAV1.0.0.11,1.1.2.0,PSt7-10,191107-136,2/17/22 12:14,0000-00,0,no battery,V
4/18/22,12:20:03,9,default,199182947,OXY-CH9,30.451,min,262.966,µmol/L,Humid,17.869,deg,90673,µV,28.678,°C,1017,hPa,35.3,pmil,0,55.4,deg,20,°C,100,%a.s.,22.63,deg,20,°C,972,hPa,0.816,-0.01371,0.000397,-0.00013,0,10.11,Humid,22.75,0,51,241165.7,SABD0000000001,AAV1.0.0.11,1.1.2.0,PSt7-10,191107-136,2/17/22 12:14,0000-00,0,no battery,V
4/18/22,12:20:04,9,default,199182947,OXY-CH9,30.467,min,262.814,µmol/L,Humid,17.869,deg,90684,µV,28.697,°C,1017,hPa,35.3,pmil,0,55.4,deg,20,°C,100,%a.s.,22.63,deg,20,°C,972,hPa,0.816,-0.01371,0.000397,-0.00013,0,10.11,Humid,22.75,0,51,241186.1,SABD0000000001,AAV1.0.0.11,1.1.2.0,PSt7-10,191107-136,2/17/22 12:14,0000-00,0,no battery,V
4/18/22,12:20:05,9,default,199182947,OXY-CH9,30.484,min,262.679,µmol/L,Humid,17.873,deg,90682,µV,28.701,°C,1017,hPa,35.3,pmil,0,55.4,deg,20,°C,100,%a.s.,22.63,deg,20,°C,972,hPa,0.816,-0.01371,0.000397,-0.00013,0,10.11,Humid,22.75,0,51,241186.87,SABD0000000001,AAV1.0.0.11,1.1.2.0,PSt7-10,191107-136,2/17/22 12:14,0000-00,0,no battery,V
4/18/22,12:20:06,9,default,199182947,OXY-CH9,30.501,min,262.667,µmol/L,Humid,17.871,deg,90692,µV,28.709,°C,1017,hPa,35.3,pmil,0,55.4,deg,20,°C,100,%a.s.,22.63,deg,20,°C,972,hPa,0.816,-0.01371,0.000397,-0.00013,0,10.11,Humid,22.75,0,51,241184.67,SABD0000000001,AAV1.0.0.11,1.1.2.0,PSt7-10,191107-136,2/17/22 12:14,0000-00,0,no battery,V
4/18/22,12:20:07,9,default,199182947,OXY-CH9,30.518,min,262.879,µmol/L,Humid,17.872,deg,90693,µV,28.679,°C,1017,hPa,35.3,pmil,0,55.4,deg,20,°C,100,%a.s.,22.63,deg,20,°C,972,hPa,0.816,-0.01371,0.000397,-0.00013,0,10.11,Humid,22.75,0,51,241187.68,SABD0000000001,AAV1.0.0.11,1.1.2.0,PSt7-10,191107-136,2/17/22 12:14,0000-00,0,no battery,V
4/18/22,12:20:08,9,default,199182947,OXY-CH9,30.534,min,262.691,µmol/L,Humid,17.876,deg,90699,µV,28.69,°C,1017,hPa,35.3,pmil,0,55.4,deg,20,°C,100,%a.s.,22.63,deg,20,°C,972,hPa,0.816,-0.01371,0.000397,-0.00013,0,10.11,Humid,22.75,0,51,241175.05,SABD0000000001,AAV1.0.0.11,1.1.2.0,PSt7-10,191107-136,2/17/22 12:14,0000-00,0,no battery,V
4/18/22,12:20:09,9,default,199182947,OXY-CH9,30.551,min,262.827,µmol/L,Humid,17.872,deg,90705,µV,28.686,°C,1017,hPa,35.3,pmil,0,55.4,deg,20,°C,100,%a.s.,22.63,deg,20,°C,972,hPa,0.816,-0.01371,0.000397,-0.00013,0,10.11,Humid,22.75,0,51,241175.72,SABD0000000001,AAV1.0.0.11,1.1.2.0,PSt7-10,191107-136,2/17/22 12:14,0000-00,0,no battery,V
4/18/22,12:20:10,9,default,199182947,OXY-CH9,30.568,min,262.777,µmol/L,Humid,17.874,deg,90714,µV,28.685,°C,1017,hPa,35.3,pmil,0,55.4,deg,20,°C,100,%a.s.,22.63,deg,20,°C,972,hPa,0.816,-0.01371,0.000397,-0.00013,0,10.11,Humid,22.75,0,51,241184.73,SABD0000000001,AAV1.0.0.11,1.1.2.0,PSt7-10,191107-136,2/17/22 12:14,0000-00,0,no battery,V
4/18/22,12:20:11,9,default,199182947,OXY-CH9,30.585,min,262.931,µmol/L,Humid,17.871,deg,90718,µV,28.676,°C,1017,hPa,35.3,pmil,0,55.4,deg,20,°C,100,%a.s.,22.63,deg,20,°C,972,hPa,0.816,-0.01371,0.000397,-0.00013,0,10.11,Humid,22.75,0,51,241186.42,SABD0000000001,AAV1.0.0.11,1.1.2.0,PSt7-10,191107-136,2/17/22 12:14,0000-00,0,no battery,V
4/18/22,12:20:12,9,default,199182947,OXY-CH9,30.601,min,262.808,µmol/L,Humid,17.876,deg,90718,µV,28.675,°C,1017,hPa,35.3,pmil,0,55.4,deg,20,°C,100,%a.s.,22.63,deg,20,°C,972,hPa,0.816,-0.01371,0.000397,-0.00013,0,10.11,Humid,22.75,0,51,241185.22,SABD0000000001,AAV1.0.0.11,1.1.2.0,PSt7-10,191107-136,2/17/22 12:14,0000-00,0,no battery,V
4/18/22,12:20:13,9,default,199182947,OXY-CH9,30.617,min,262.722,µmol/L,Humid,17.876,deg,90729,µV,28.686,°C,1017,hPa,35.3,pmil,0,55.4,deg,20,°C,100,%a.s.,22.63,deg,20,°C,972,hPa,0.816,-0.01371,0.000397,-0.00013,0,10.11,Humid,22.75,0,51,241181.61,SABD0000000001,AAV1.0.0.11,1.1.2.0,PSt7-10,191107-136,2/17/22 12:14,0000-00,0,no battery,V
4/18/22,12:20:14,9,default,199182947,OXY-CH9,30.634,min,262.581,µmol/L,Humid,17.877,deg,90726,µV,28.701,°C,1017,hPa,35.3,pmil,0,55.4,deg,20,°C,100,%a.s.,22.63,deg,20,°C,972,hPa,0.816,-0.01371,0.000397,-0.00013,0,10.11,Humid,22.75,0,51,241178.63,SABD0000000001,AAV1.0.0.11,1.1.2.0,PSt7-10,191107-136,2/17/22 12:14,0000-00,0,no battery,V
4/18/22,12:20:15,9,default,199182947,OXY-CH9,30.651,min,262.566,µmol/L,Humid,17.878,deg,90726,µV,28.699,°C,1017,hPa,35.3,pmil,0,55.4,deg,20,°C,100,%a.s.,22.63,deg,20,°C,972,hPa,0.816,-0.01371,0.000397,-0.00013,0,10.11,Humid,22.75,0,51,241174.15,SABD0000000001,AAV1.0.0.11,1.1.2.0,PSt7-10,191107-136,2/17/22 12:14,0000-00,0,no battery,V
4/18/22,12:20:16,9,default,199182947,OXY-CH9,30.667,min,262.607,µmol/L,Humid,17.879,deg,90735,µV,28.691,°C,1017,hPa,35.3,pmil,0,55.4,deg,20,°C,100,%a.s.,22.63,deg,20,°C,972,hPa,0.816,-0.01371,0.000397,-0.00013,0,10.11,Humid,22.75,0,51,241176.11,SABD0000000001,AAV1.0.0.11,1.1.2.0,PSt7-10,191107-136,2/17/22 12:14,0000-00,0,no battery,V
4/18/22,12:20:17,9,default,199182947,OXY-CH9,30.684,min,262.637,µmol/L,Humid,17.877,deg,90740,µV,28.694,°C,1017,hPa,35.3,pmil,0,55.4,deg,20,°C,100,%a.s.,22.63,deg,20,°C,972,hPa,0.816,-0.01371,0.000397,-0.00013,0,10.11,Humid,22.75,0,51,241173.27,SABD0000000001,AAV1.0.0.11,1.1.2.0,PSt7-10,191107-136,2/17/22 12:14,0000-00,0,no battery,V
4/18/22,12:20:18,9,default,199182947,OXY-CH9,30.701,min,262.435,µmol/L,Humid,17.885,deg,90745,µV,28.694,°C,1017,hPa,35.3,pmil,0,55.4,deg,20,°C,100,%a.s.,22.63,deg,20,°C,972,hPa,0.816,-0.01371,0.000397,-0.00013,0,10.11,Humid,22.75,0,51,241177.01,SABD0000000001,AAV1.0.0.11,1.1.2.0,PSt7-10,191107-136,2/17/22 12:14,0000-00,0,no battery,V
4/18/22,12:20:19,9,default,199182947,OXY-CH9,30.718,min,262.426,µmol/L,Humid,17.882,deg,90751,µV,28.704,°C,1017,hPa,35.3,pmil,0,55.4,deg,20,°C,100,%a.s.,22.63,deg,20,°C,972,hPa,0.816,-0.01371,0.000397,-0.00013,0,10.11,Humid,22.75,0,51,241177.32,SABD0000000001,AAV1.0.0.11,1.1.2.0,PSt7-10,191107-136,2/17/22 12:14,0000-00,0,no battery,V
4/18/22,12:20:20,9,default,199182947,OXY-CH9,30.734,min,262.371,µmol/L,Humid,17.884,deg,90754,µV,28.705,°C,1017,hPa,35.3,pmil,0,55.4,deg,20,°C,100,%a.s.,22.63,deg,20,°C,972,hPa,0.816,-0.01371,0.000397,-0.00013,0,10.11,Humid,22.75,0,51,241183.49,SABD0000000001,AAV1.0.0.11,1.1.2.0,PSt7-10,191107-136,2/17/22 12:14,0000-00,0,no battery,V
4/18/22,12:20:21,9,default,199182947,OXY-CH9,30.751,min,262.484,µmol/L,Humid,17.883,deg,90754,µV,28.694,°C,1017,hPa,35.3,pmil,0,55.4,deg,20,°C,100,%a.s.,22.63,deg,20,°C,972,hPa,0.816,-0.01371,0.000397,-0.00013,0,10.11,Humid,22.75,0,51,241185.64,SABD0000000001,AAV1.0.0.11,1.1.2.0,PSt7-10,191107-136,2/17/22 12:14,0000-00,0,no battery,V
4/18/22,12:20:22,9,default,199182947,OXY-CH9,30.767,min,262.604,µmol/L,Humid,17.882,deg,90765,µV,28.682,°C,1017,hPa,35.3,pmil,0,55.4,deg,20,°C,100,%a.s.,22.63,deg,20,°C,972,hPa,0.816,-0.01371,0.000397,-0.00013,0,10.11,Humid,22.75,0,51,241179.93,SABD0000000001,AAV1.0.0.11,1.1.2.0,PSt7-10,191107-136,2/17/22 12:14,0000-00,0,no battery,V
4/18/22,12:20:23,9,default,199182947,OXY-CH9,30.784,min,262.457,µmol/L,Humid,17.886,deg,90766,µV,28.688,°C,1017,hPa,35.3,pmil,0,55.4,deg,20,°C,100,%a.s.,22.63,deg,20,°C,972,hPa,0.816,-0.01371,0.000397,-0.00013,0,10.11,Humid,22.75,0,51,241179.12,SABD0000000001,AAV1.0.0.11,1.1.2.0,PSt7-10,191107-136,2/17/22 12:14,0000-00,0,no battery,V
4/18/22,12:20:24,9,default,199182947,OXY-CH9,30.801,min,262.479,µmol/L,Humid,17.885,deg,90773,µV,28.688,°C,1017,hPa,35.3,pmil,0,55.4,deg,20,°C,100,%a.s.,22.63,deg,20,°C,972,hPa,0.816,-0.01371,0.000397,-0.00013,0,10.11,Humid,22.75,0,51,241193.79,SABD0000000001,AAV1.0.0.11,1.1.2.0,PSt7-10,191107-136,2/17/22 12:14,0000-00,0,no battery,V
4/18/22,12:20:25,9,default,199182947,OXY-CH9,30.817,min,262.377,µmol/L,Humid,17.885,deg,90773,µV,28.701,°C,1017,hPa,35.3,pmil,0,55.4,deg,20,°C,100,%a.s.,22.63,deg,20,°C,972,hPa,0.816,-0.01371,0.000397,-0.00013,0,10.11,Humid,22.75,0,51,241184.16,SABD0000000001,AAV1.0.0.11,1.1.2.0,PSt7-10,191107-136,2/17/22 12:14,0000-00,0,no battery,V
4/18/22,12:20:26,9,default,199182947,OXY-CH9,30.834,min,262.472,µmol/L,Humid,17.89,deg,90777,µV,28.673,°C,1017,hPa,35.3,pmil,0,55.4,deg,20,°C,100,%a.s.,22.63,deg,20,°C,972,hPa,0.816,-0.01371,0.000397,-0.00013,0,10.11,Humid,22.75,0,51,241185.6,SABD0000000001,AAV1.0.0.11,1.1.2.0,PSt7-10,191107-136,2/17/22 12:14,0000-00,0,no battery,V
4/18/22,12:20:27,9,default,199182947,OXY-CH9,30.851,min,262.425,µmol/L,Humid,17.888,deg,90783,µV,28.685,°C,1017,hPa,35.3,pmil,0,55.4,deg,20,°C,100,%a.s.,22.63,deg,20,°C,972,hPa,0.816,-0.01371,0.000397,-0.00013,0,10.11,Humid,22.75,0,51,241183.24,SABD0000000001,AAV1.0.0.11,1.1.2.0,PSt7-10,191107-136,2/17/22 12:14,0000-00,0,no battery,V
4/18/22,12:20:28,9,default,199182947,OXY-CH9,30.868,min,262.387,µmol/L,Humid,17.89,deg,90783,µV,28.684,°C,1017,hPa,35.3,pmil,0,55.4,deg,20,°C,100,%a.s.,22.63,deg,20,°C,972,hPa,0.816,-0.01371,0.000397,-0.00013,0,10.11,Humid,22.75,0,51,241178.01,SABD0000000001,AAV1.0.0.11,1.1.2.0,PSt7-10,191107-136,2/17/22 12:14,0000-00,0,no battery,V
4/18/22,12:20:29,9,default,199182947,OXY-CH9,30.884,min,262.531,µmol/L,Humid,17.888,deg,90784,µV,28.672,°C,1017,hPa,35.3,pmil,0,55.4,deg,20,°C,100,%a.s.,22.63,deg,20,°C,972,hPa,0.816,-0.01371,0.000397,-0.00013,0,10.11,Humid,22.75,0,51,241176.3,SABD0000000001,AAV1.0.0.11,1.1.2.0,PSt7-10,191107-136,2/17/22 12:14,0000-00,0,no battery,V
4/18/22,12:20:30,9,default,199182947,OXY-CH9,30.901,min,262.269,µmol/L,Humid,17.892,deg,90786,µV,28.692,°C,1017,hPa,35.3,pmil,0,55.4,deg,20,°C,100,%a.s.,22.63,deg,20,°C,972,hPa,0.816,-0.01371,0.000397,-0.00013,0,10.11,Humid,22.75,0,51,241183.6,SABD0000000001,AAV1.0.0.11,1.1.2.0,PSt7-10,191107-136,2/17/22 12:14,0000-00,0,no battery,V
4/18/22,12:20:31,9,default,199182947,OXY-CH9,30.918,min,262.316,µmol/L,Humid,17.894,deg,90803,µV,28.68,°C,1017,hPa,35.3,pmil,0,55.4,deg,20,°C,100,%a.s.,22.63,deg,20,°C,972,hPa,0.816,-0.01371,0.000397,-0.00013,0,10.11,Humid,22.75,0,51,241186.38,SABD0000000001,AAV1.0.0.11,1.1.2.0,PSt7-10,191107-136,2/17/22 12:14,0000-00,0,no battery,V
4/18/22,12:20:32,9,default,199182947,OXY-CH9,30.935,min,262.283,µmol/L,Humid,17.893,deg,90807,µV,28.687,°C,1017,hPa,35.3,pmil,0,55.4,deg,20,°C,100,%a.s.,22.63,deg,20,°C,972,hPa,0.816,-0.01371,0.000397,-0.00013,0,10.11,Humid,22.75,0,51,241179.08,SABD0000000001,AAV1.0.0.11,1.1.2.0,PSt7-10,191107-136,2/17/22 12:14,0000-00,0,no battery,V
4/18/22,12:20:33,9,default,199182947,OXY-CH9,30.95,min,262.078,µmol/L,Humid,17.898,deg,90802,µV,28.697,°C,1017,hPa,35.3,pmil,0,55.4,deg,20,°C,100,%a.s.,22.63,deg,20,°C,972,hPa,0.816,-0.01371,0.000397,-0.00013,0,10.11,Humid,22.75,0,51,241164.48,SABD0000000001,AAV1.0.0.11,1.1.2.0,PSt7-10,191107-136,2/17/22 12:14,0000-00,0,no battery,V
4/18/22,12:20:34,9,default,199182947,OXY-CH9,30.967,min,262.088,µmol/L,Humid,17.897,deg,90808,µV,28.699,°C,1017,hPa,35.3,pmil,0,55.4,deg,20,°C,100,%a.s.,22.63,deg,20,°C,972,hPa,0.816,-0.01371,0.000397,-0.00013,0,10.11,Humid,22.75,0,51,241176.54,SABD0000000001,AAV1.0.0.11,1.1.2.0,PSt7-10,191107-136,2/17/22 12:14,0000-00,0,no battery,V
4/18/22,12:20:35,9,default,199182947,OXY-CH9,30.984,min,262.202,µmol/L,Humid,17.893,deg,90811,µV,28.698,°C,1017,hPa,35.3,pmil,0,55.4,deg,20,°C,100,%a.s.,22.63,deg,20,°C,972,hPa,0.816,-0.01371,0.000397,-0.00013,0,10.11,Humid,22.75,0,51,241176.97,SABD0000000001,AAV1.0.0.11,1.1.2.0,PSt7-10,191107-136,2/17/22 12:14,0000-00,0,no battery,V
4/18/22,12:20:36,9,default,199182947,OXY-CH9,31.001,min,262.272,µmol/L,Humid,17.896,deg,90811,µV,28.679,°C,1017,hPa,35.3,pmil,0,55.4,deg,20,°C,100,%a.s.,22.63,deg,20,°C,972,hPa,0.816,-0.01371,0.000397,-0.00013,0,10.11,Humid,22.75,0,51,241179.08,SABD0000000001,AAV1.0.0.11,1.1.2.0,PSt7-10,191107-136,2/17/22 12:14,0000-00,0,no battery,V
4/18/22,12:20:37,9,default,199182947,OXY-CH9,31.017,min,262.19,µmol/L,Humid,17.898,deg,90819,µV,28.683,°C,1017,hPa,35.3,pmil,0,55.4,deg,20,°C,100,%a.s.,22.63,deg,20,°C,972,hPa,0.816,-0.01371,0.000397,-0.00013,0,10.11,Humid,22.75,0,51,241178.77,SABD0000000001,AAV1.0.0.11,1.1.2.0,PSt7-10,191107-136,2/17/22 12:14,0000-00,0,no battery,V
4/18/22,12:20:38,9,default,199182947,OXY-CH9,31.034,min,262.08,µmol/L,Humid,17.898,deg,90818,µV,28.697,°C,1017,hPa,35.3,pmil,0,55.4,deg,20,°C,100,%a.s.,22.63,deg,20,°C,972,hPa,0.816,-0.01371,0.000397,-0.00013,0,10.11,Humid,22.75,0,51,241178.95,SABD0000000001,AAV1.0.0.11,1.1.2.0,PSt7-10,191107-136,2/17/22 12:14,0000-00,0,no battery,V
4/18/22,12:20:39,9,default,199182947,OXY-CH9,31.051,min,262.082,µmol/L,Humid,17.898,deg,90831,µV,28.697,°C,1017,hPa,35.3,pmil,0,55.4,deg,20,°C,100,%a.s.,22.63,deg,20,°C,972,hPa,0.816,-0.01371,0.000397,-0.00013,0,10.11,Humid,22.75,0,51,241179.61,SABD0000000001,AAV1.0.0.11,1.1.2.0,PSt7-10,191107-136,2/17/22 12:14,0000-00,0,no battery,V
4/18/22,12:20:40,9,default,199182947,OXY-CH9,31.068,min,262.279,µmol/L,Humid,17.898,deg,90837,µV,28.672,°C,1017,hPa,35.3,pmil,0,55.4,deg,20,°C,100,%a.s.,22.63,deg,20,°C,972,hPa,0.816,-0.01371,0.000397,-0.00013,0,10.11,Humid,22.75,0,51,241178.63,SABD0000000001,AAV1.0.0.11,1.1.2.0,PSt7-10,191107-136,2/17/22 12:14,0000-00,0,no battery,V
4/18/22,12:20:41,9,default,199182947,OXY-CH9,31.084,min,262.153,µmol/L,Humid,17.898,deg,90840,µV,28.688,°C,1017,hPa,35.3,pmil,0,55.4,deg,20,°C,100,%a.s.,22.63,deg,20,°C,972,hPa,0.816,-0.01371,0.000397,-0.00013,0,10.11,Humid,22.75,0,51,241181.14,SABD0000000001,AAV1.0.0.11,1.1.2.0,PSt7-10,191107-136,2/17/22 12:14,0000-00,0,no battery,V
4/18/22,12:20:42,9,default,199182947,OXY-CH9,31.101,min,261.955,µmol/L,Humid,17.905,deg,90839,µV,28.691,°C,1017,hPa,35.3,pmil,0,55.4,deg,20,°C,100,%a.s.,22.63,deg,20,°C,972,hPa,0.816,-0.01371,0.000397,-0.00013,0,10.11,Humid,22.75,0,51,241179.55,SABD0000000001,AAV1.0.0.11,1.1.2.0,PSt7-10,191107-136,2/17/22 12:14,0000-00,0,no battery,V
4/18/22,12:20:43,9,default,199182947,OXY-CH9,31.118,min,262.074,µmol/L,Humid,17.9,deg,90856,µV,28.692,°C,1017,hPa,35.3,pmil,0,55.4,deg,20,°C,100,%a.s.,22.63,deg,20,°C,972,hPa,0.816,-0.01371,0.000397,-0.00013,0,10.11,Humid,22.75,0,51,241175.72,SABD0000000001,AAV1.0.0.11,1.1.2.0,PSt7-10,191107-136,2/17/22 12:14,0000-00,0,no battery,V
4/18/22,12:20:44,9,default,199182947,OXY-CH9,31.134,min,262.108,µmol/L,Humid,17.903,deg,90852,µV,28.678,°C,1017,hPa,35.3,pmil,0,55.4,deg,20,°C,100,%a.s.,22.63,deg,20,°C,972,hPa,0.816,-0.01371,0.000397,-0.00013,0,10.11,Humid,22.75,0,51,241176.01,SABD0000000001,AAV1.0.0.11,1.1.2.0,PSt7-10,191107-136,2/17/22 12:14,0000-00,0,no battery,V
4/18/22,12:20:45,9,default,199182947,OXY-CH9,31.151,min,261.992,µmol/L,Humid,17.906,deg,90858,µV,28.683,°C,1017,hPa,35.3,pmil,0,55.4,deg,20,°C,100,%a.s.,22.63,deg,20,°C,972,hPa,0.816,-0.01371,0.000397,-0.00013,0,10.11,Humid,22.75,0,51,241174.71,SABD0000000001,AAV1.0.0.11,1.1.2.0,PSt7-10,191107-136,2/17/22 12:14,0000-00,0,no battery,V
4/18/22,12:20:46,9,default,199182947,OXY-CH9,31.167,min,262.126,µmol/L,Humid,17.9,deg,90865,µV,28.685,°C,1017,hPa,35.3,pmil,0,55.4,deg,20,°C,100,%a.s.,22.63,deg,20,°C,972,hPa,0.816,-0.01371,0.000397,-0.00013,0,10.11,Humid,22.75,0,51,241170.36,SABD0000000001,AAV1.0.0.11,1.1.2.0,PSt7-10,191107-136,2/17/22 12:14,0000-00,0,no battery,V
4/18/22,12:20:47,9,default,199182947,OXY-CH9,31.184,min,262.007,µmol/L,Humid,17.908,deg,90860,µV,28.675,°C,1017,hPa,35.3,pmil,0,55.4,deg,20,°C,100,%a.s.,22.63,deg,20,°C,972,hPa,0.816,-0.01371,0.000397,-0.00013,0,10.11,Humid,22.75,0,51,241175.67,SABD0000000001,AAV1.0.0.11,1.1.2.0,PSt7-10,191107-136,2/17/22 12:14,0000-00,0,no battery,V
4/18/22,12:20:48,9,default,199182947,OXY-CH9,31.2,min,262.137,µmol/L,Humid,17.904,deg,90869,µV,28.671,°C,1017,hPa,35.3,pmil,0,55.4,deg,20,°C,100,%a.s.,22.63,deg,20,°C,972,hPa,0.816,-0.01371,0.000397,-0.00013,0,10.11,Humid,22.75,0,51,241171.16,SABD0000000001,AAV1.0.0.11,1.1.2.0,PSt7-10,191107-136,2/17/22 12:14,0000-00,0,no battery,V
4/18/22,12:20:49,9,default,199182947,OXY-CH9,31.217,min,262.08,µmol/L,Humid,17.906,deg,90868,µV,28.672,°C,1017,hPa,35.3,pmil,0,55.4,deg,20,°C,100,%a.s.,22.63,deg,20,°C,972,hPa,0.816,-0.01371,0.000397,-0.00013,0,10.11,Humid,22.75,0,51,241172.21,SABD0000000001,AAV1.0.0.11,1.1.2.0,PSt7-10,191107-136,2/17/22 12:14,0000-00,0,no battery,V
4/18/22,12:20:50,9,default,199182947,OXY-CH9,31.234,min,262.185,µmol/L,Humid,17.903,deg,90881,µV,28.668,°C,1017,hPa,35.3,pmil,0,55.4,deg,20,°C,100,%a.s.,22.63,deg,20,°C,972,hPa,0.816,-0.01371,0.000397,-0.00013,0,10.11,Humid,22.75,0,51,241182.1,SABD0000000001,AAV1.0.0.11,1.1.2.0,PSt7-10,191107-136,2/17/22 12:14,0000-00,0,no battery,V
4/18/22,12:20:51,9,default,199182947,OXY-CH9,31.251,min,262.04,µmol/L,Humid,17.906,deg,90889,µV,28.677,°C,1017,hPa,35.3,pmil,0,55.4,deg,20,°C,100,%a.s.,22.63,deg,20,°C,972,hPa,0.816,-0.01371,0.000397,-0.00013,0,10.11,Humid,22.75,0,51,241185.21,SABD0000000001,AAV1.0.0.11,1.1.2.0,PSt7-10,191107-136,2/17/22 12:14,0000-00,0,no battery,V
4/18/22,12:20:52,9,default,199182947,OXY-CH9,31.267,min,261.993,µmol/L,Humid,17.904,deg,90893,µV,28.689,°C,1017,hPa,35.3,pmil,0,55.4,deg,20,°C,100,%a.s.,22.63,deg,20,°C,972,hPa,0.816,-0.01371,0.000397,-0.00013,0,10.11,Humid,22.75,0,51,241172.73,SABD0000000001,AAV1.0.0.11,1.1.2.0,PSt7-10,191107-136,2/17/22 12:14,0000-00,0,no battery,V
4/18/22,12:20:53,9,default,199182947,OXY-CH9,31.284,min,261.886,µmol/L,Humid,17.912,deg,90897,µV,28.677,°C,1017,hPa,35.3,pmil,0,55.4,deg,20,°C,100,%a.s.,22.63,deg,20,°C,972,hPa,0.816,-0.01371,0.000397,-0.00013,0,10.11,Humid,22.75,0,51,241176.14,SABD0000000001,AAV1.0.0.11,1.1.2.0,PSt7-10,191107-136,2/17/22 12:14,0000-00,0,no battery,V
4/18/22,12:20:54,9,default,199182947,OXY-CH9,31.301,min,261.789,µmol/L,Humid,17.914,deg,90900,µV,28.683,°C,1017,hPa,35.3,pmil,0,55.4,deg,20,°C,100,%a.s.,22.63,deg,20,°C,972,hPa,0.816,-0.01371,0.000397,-0.00013,0,10.11,Humid,22.75,0,51,241179.14,SABD0000000001,AAV1.0.0.11,1.1.2.0,PSt7-10,191107-136,2/17/22 12:14,0000-00,0,no battery,V
4/18/22,12:20:55,9,default,199182947,OXY-CH9,31.318,min,261.958,µmol/L,Humid,17.909,deg,90902,µV,28.678,°C,1017,hPa,35.3,pmil,0,55.4,deg,20,°C,100,%a.s.,22.63,deg,20,°C,972,hPa,0.816,-0.01371,0.000397,-0.00013,0,10.11,Humid,22.75,0,51,241182.68,SABD0000000001,AAV1.0.0.11,1.1.2.0,PSt7-10,191107-136,2/17/22 12:14,0000-00,0,no battery,V
4/18/22,12:20:56,9,default,199182947,OXY-CH9,31.334,min,261.741,µmol/L,Humid,17.917,deg,90900,µV,28.68,°C,1017,hPa,35.3,pmil,0,55.4,deg,20,°C,100,%a.s.,22.63,deg,20,°C,972,hPa,0.816,-0.01371,0.000397,-0.00013,0,10.11,Humid,22.75,0,51,241175.58,SABD0000000001,AAV1.0.0.11,1.1.2.0,PSt7-10,191107-136,2/17/22 12:14,0000-00,0,no battery,V
4/18/22,12:20:57,9,default,199182947,OXY-CH9,31.351,min,261.739,µmol/L,Humid,17.916,deg,90908,µV,28.683,°C,1017,hPa,35.3,pmil,0,55.4,deg,20,°C,100,%a.s.,22.63,deg,20,°C,972,hPa,0.816,-0.01371,0.000397,-0.00013,0,10.11,Humid,22.75,0,51,241166.84,SABD0000000001,AAV1.0.0.11,1.1.2.0,PSt7-10,191107-136,2/17/22 12:14,0000-00,0,no battery,V
4/18/22,12:20:58,9,default,199182947,OXY-CH9,31.367,min,261.794,µmol/L,Humid,17.913,deg,90903,µV,28.686,°C,1017,hPa,35.3,pmil,0,55.4,deg,20,°C,100,%a.s.,22.63,deg,20,°C,972,hPa,0.816,-0.01371,0.000397,-0.00013,0,10.11,Humid,22.75,0,51,241169.11,SABD0000000001,AAV1.0.0.11,1.1.2.0,PSt7-10,191107-136,2/17/22 12:14,0000-00,0,no battery,V
4/18/22,12:20:59,9,default,199182947,OXY-CH9,31.384,min,261.933,µmol/L,Humid,17.912,deg,90914,µV,28.671,°C,1017,hPa,35.3,pmil,0,55.4,deg,20,°C,100,%a.s.,22.63,deg,20,°C,972,hPa,0.816,-0.01371,0.000397,-0.00013,0,10.11,Humid,22.75,0,51,241177.21,SABD0000000001,AAV1.0.0.11,1.1.2.0,PSt7-10,191107-136,2/17/22 12:14,0000-00,0,no battery,V
4/18/22,12:21:00,9,default,199182947,OXY-CH9,31.4,min,261.838,µmol/L,Humid,17.919,deg,90915,µV,28.661,°C,1017,hPa,35.3,pmil,0,55.4,deg,20,°C,100,%a.s.,22.63,deg,20,°C,972,hPa,0.816,-0.01371,0.000397,-0.00013,0,10.11,Humid,22.75,0,51,241167.36,SABD0000000001,AAV1.0.0.11,1.1.2.0,PSt7-10,191107-136,2/17/22 12:14,0000-00,0,no battery,V
4/18/22,12:21:01,9,default,199182947,OXY-CH9,31.417,min,261.907,µmol/L,Humid,17.916,deg,90919,µV,28.662,°C,1017,hPa,35.3,pmil,0,55.4,deg,20,°C,100,%a.s.,22.63,deg,20,°C,972,hPa,0.816,-0.01371,0.000397,-0.00013,0,10.11,Humid,22.75,0,51,241167.7,SABD0000000001,AAV1.0.0.11,1.1.2.0,PSt7-10,191107-136,2/17/22 12:14,0000-00,0,no battery,V
4/18/22,12:21:02,9,default,199182947,OXY-CH9,31.434,min,261.79,µmol/L,Humid,17.913,deg,90920,µV,28.686,°C,1017,hPa,35.3,pmil,0,55.4,deg,20,°C,100,%a.s.,22.63,deg,20,°C,972,hPa,0.816,-0.01371,0.000397,-0.00013,0,10.11,Humid,22.75,0,51,241166.2,SABD0000000001,AAV1.0.0.11,1.1.2.0,PSt7-10,191107-136,2/17/22 12:14,0000-00,0,no battery,V
4/18/22,12:21:03,9,default,199182947,OXY-CH9,31.451,min,261.716,µmol/L,Humid,17.918,deg,90929,µV,28.68,°C,1017,hPa,35.3,pmil,0,55.4,deg,20,°C,100,%a.s.,22.63,deg,20,°C,972,hPa,0.816,-0.01371,0.000397,-0.00013,0,10.11,Humid,22.75,0,51,241178.06,SABD0000000001,AAV1.0.0.11,1.1.2.0,PSt7-10,191107-136,2/17/22 12:14,0000-00,0,no battery,V
4/18/22,12:21:04,9,default,199182947,OXY-CH9,31.467,min,261.738,µmol/L,Humid,17.918,deg,90901,µV,28.677,°C,1017,hPa,35.3,pmil,0,55.4,deg,20,°C,100,%a.s.,22.63,deg,20,°C,972,hPa,0.816,-0.01371,0.000397,-0.00013,0,10.11,Humid,22.75,0,51,241171.74,SABD0000000001,AAV1.0.0.11,1.1.2.0,PSt7-10,191107-136,2/17/22 12:14,0000-00,0,no battery,V
4/18/22,12:21:05,9,default,199182947,OXY-CH9,31.484,min,261.865,µmol/L,Humid,17.912,deg,90924,µV,28.68,°C,1017,hPa,35.3,pmil,0,55.4,deg,20,°C,100,%a.s.,22.63,deg,20,°C,972,hPa,0.816,-0.01371,0.000397,-0.00013,0,10.11,Humid,22.75,0,51,241172.89,SABD0000000001,AAV1.0.0.11,1.1.2.0,PSt7-10,191107-136,2/17/22 12:14,0000-00,0,no battery,V
4/18/22,12:21:06,9,default,199182947,OXY-CH9,31.501,min,261.746,µmol/L,Humid,17.916,deg,90934,µV,28.682,°C,1017,hPa,35.3,pmil,0,55.4,deg,20,°C,100,%a.s.,22.63,deg,20,°C,972,hPa,0.816,-0.01371,0.000397,-0.00013,0,10.11,Humid,22.75,0,51,241169.98,SABD0000000001,AAV1.0.0.11,1.1.2.0,PSt7-10,191107-136,2/17/22 12:14,0000-00,0,no battery,V
4/18/22,12:21:07,9,default,199182947,OXY-CH9,31.518,min,261.469,µmol/L,Humid,17.926,deg,90931,µV,28.686,°C,1017,hPa,35.3,pmil,0,55.4,deg,20,°C,100,%a.s.,22.63,deg,20,°C,972,hPa,0.816,-0.01371,0.000397,-0.00013,0,10.11,Humid,22.75,0,51,241181.37,SABD0000000001,AAV1.0.0.11,1.1.2.0,PSt7-10,191107-136,2/17/22 12:14,0000-00,0,no battery,V
4/18/22,12:21:08,9,default,199182947,OXY-CH9,31.534,min,261.872,µmol/L,Humid,17.917,deg,90920,µV,28.663,°C,1017,hPa,35.3,pmil,0,55.4,deg,20,°C,100,%a.s.,22.63,deg,20,°C,972,hPa,0.816,-0.01371,0.000397,-0.00013,0,10.11,Humid,22.75,0,51,241173.89,SABD0000000001,AAV1.0.0.11,1.1.2.0,PSt7-10,191107-136,2/17/22 12:14,0000-00,0,no battery,V
4/18/22,12:21:09,9,default,199182947,OXY-CH9,31.551,min,261.784,µmol/L,Humid,17.92,deg,90928,µV,28.665,°C,1017,hPa,35.3,pmil,0,55.4,deg,20,°C,100,%a.s.,22.63,deg,20,°C,972,hPa,0.816,-0.01371,0.000397,-0.00013,0,10.11,Humid,22.75,0,51,241158.12,SABD0000000001,AAV1.0.0.11,1.1.2.0,PSt7-10,191107-136,2/17/22 12:14,0000-00,0,no battery,V
4/18/22,12:21:10,9,default,199182947,OXY-CH9,31.568,min,261.699,µmol/L,Humid,17.925,deg,90929,µV,28.66,°C,1017,hPa,35.3,pmil,0,55.4,deg,20,°C,100,%a.s.,22.63,deg,20,°C,972,hPa,0.816,-0.01371,0.000397,-0.00013,0,10.11,Humid,22.75,0,51,241171.32,SABD0000000001,AAV1.0.0.11,1.1.2.0,PSt7-10,191107-136,2/17/22 12:14,0000-00,0,no battery,V
4/18/22,12:21:11,9,default,199182947,OXY-CH9,31.584,min,261.549,µmol/L,Humid,17.924,deg,90927,µV,28.682,°C,1017,hPa,35.3,pmil,0,55.4,deg,20,°C,100,%a.s.,22.63,deg,20,°C,972,hPa,0.816,-0.01371,0.000397,-0.00013,0,10.11,Humid,22.75,0,51,241165.36,SABD0000000001,AAV1.0.0.11,1.1.2.0,PSt7-10,191107-136,2/17/22 12:14,0000-00,0,no battery,V
4/18/22,12:21:12,9,default,199182947,OXY-CH9,31.601,min,261.501,µmol/L,Humid,17.926,deg,90929,µV,28.682,°C,1017,hPa,35.3,pmil,0,55.4,deg,20,°C,100,%a.s.,22.63,deg,20,°C,972,hPa,0.816,-0.01371,0.000397,-0.00013,0,10.11,Humid,22.75,0,51,241179.89,SABD0000000001,AAV1.0.0.11,1.1.2.0,PSt7-10,191107-136,2/17/22 12:14,0000-00,0,no battery,V
4/18/22,12:21:13,9,default,199182947,OXY-CH9,31.617,min,261.583,µmol/L,Humid,17.921,deg,90939,µV,28.687,°C,1017,hPa,35.3,pmil,0,55.4,deg,20,°C,100,%a.s.,22.63,deg,20,°C,972,hPa,0.816,-0.01371,0.000397,-0.00013,0,10.11,Humid,22.75,0,51,241172.18,SABD0000000001,AAV1.0.0.11,1.1.2.0,PSt7-10,191107-136,2/17/22 12:14,0000-00,0,no battery,V
4/18/22,12:21:14,9,default,199182947,OXY-CH9,31.634,min,261.467,µmol/L,Humid,17.927,deg,90937,µV,28.683,°C,1017,hPa,35.3,pmil,0,55.4,deg,20,°C,100,%a.s.,22.63,deg,20,°C,972,hPa,0.816,-0.01371,0.000397,-0.00013,0,10.11,Humid,22.75,0,51,241181.51,SABD0000000001,AAV1.0.0.11,1.1.2.0,PSt7-10,191107-136,2/17/22 12:14,0000-00,0,no battery,V
4/18/22,12:21:15,9,default,199182947,OXY-CH9,31.651,min,261.481,µmol/L,Humid,17.927,deg,90955,µV,28.681,°C,1017,hPa,35.3,pmil,0,55.4,deg,20,°C,100,%a.s.,22.63,deg,20,°C,972,hPa,0.816,-0.01371,0.000397,-0.00013,0,10.11,Humid,22.75,0,51,241182.38,SABD0000000001,AAV1.0.0.11,1.1.2.0,PSt7-10,191107-136,2/17/22 12:14,0000-00,0,no battery,V
4/18/22,12:21:16,9,default,199182947,OXY-CH9,31.667,min,261.488,µmol/L,Humid,17.925,deg,90949,µV,28.686,°C,1017,hPa,35.3,pmil,0,55.4,deg,20,°C,100,%a.s.,22.63,deg,20,°C,972,hPa,0.816,-0.01371,0.000397,-0.00013,0,10.11,Humid,22.75,0,51,241183.78,SABD0000000001,AAV1.0.0.11,1.1.2.0,PSt7-10,191107-136,2/17/22 12:14,0000-00,0,no battery,V
4/18/22,12:21:17,9,default,199182947,OXY-CH9,31.684,min,261.431,µmol/L,Humid,17.929,deg,90957,µV,28.681,°C,1017,hPa,35.3,pmil,0,55.4,deg,20,°C,100,%a.s.,22.63,deg,20,°C,972,hPa,0.816,-0.01371,0.000397,-0.00013,0,10.11,Humid,22.75,0,51,241172.4,SABD0000000001,AAV1.0.0.11,1.1.2.0,PSt7-10,191107-136,2/17/22 12:14,0000-00,0,no battery,V
4/18/22,12:21:18,9,default,199182947,OXY-CH9,31.701,min,261.608,µmol/L,Humid,17.923,deg,90958,µV,28.678,°C,1017,hPa,35.3,pmil,0,55.4,deg,20,°C,100,%a.s.,22.63,deg,20,°C,972,hPa,0.816,-0.01371,0.000397,-0.00013,0,10.11,Humid,22.75,0,51,241180.91,SABD0000000001,AAV1.0.0.11,1.1.2.0,PSt7-10,191107-136,2/17/22 12:14,0000-00,0,no battery,V
4/18/22,12:21:19,9,default,199182947,OXY-CH9,31.718,min,261.555,µmol/L,Humid,17.928,deg,90962,µV,28.669,°C,1017,hPa,35.3,pmil,0,55.4,deg,20,°C,100,%a.s.,22.63,deg,20,°C,972,hPa,0.816,-0.01371,0.000397,-0.00013,0,10.11,Humid,22.75,0,51,241172.94,SABD0000000001,AAV1.0.0.11,1.1.2.0,PSt7-10,191107-136,2/17/22 12:14,0000-00,0,no battery,V
4/18/22,12:21:20,9,default,199182947,OXY-CH9,31.734,min,261.472,µmol/L,Humid,17.932,deg,90967,µV,28.666,°C,1017,hPa,35.3,pmil,0,55.4,deg,20,°C,100,%a.s.,22.63,deg,20,°C,972,hPa,0.816,-0.01371,0.000397,-0.00013,0,10.11,Humid,22.75,0,51,241180.18,SABD0000000001,AAV1.0.0.11,1.1.2.0,PSt7-10,191107-136,2/17/22 12:14,0000-00,0,no battery,V
4/18/22,12:21:21,9,default,199182947,OXY-CH9,31.751,min,261.326,µmol/L,Humid,17.931,deg,90975,µV,28.688,°C,1017,hPa,35.3,pmil,0,55.4,deg,20,°C,100,%a.s.,22.63,deg,20,°C,972,hPa,0.816,-0.01371,0.000397,-0.00013,0,10.11,Humid,22.75,0,51,241176.4,SABD0000000001,AAV1.0.0.11,1.1.2.0,PSt7-10,191107-136,2/17/22 12:14,0000-00,0,no battery,V
4/18/22,12:21:22,9,default,199182947,OXY-CH9,31.768,min,261.403,µmol/L,Humid,17.933,deg,90982,µV,28.672,°C,1017,hPa,35.3,pmil,0,55.4,deg,20,°C,100,%a.s.,22.63,deg,20,°C,972,hPa,0.816,-0.01371,0.000397,-0.00013,0,10.11,Humid,22.75,0,51,241176.17,SABD0000000001,AAV1.0.0.11,1.1.2.0,PSt7-10,191107-136,2/17/22 12:14,0000-00,0,no battery,V
4/18/22,12:21:23,9,default,199182947,OXY-CH9,31.785,min,261.529,µmol/L,Humid,17.93,deg,90991,µV,28.666,°C,1017,hPa,35.3,pmil,0,55.4,deg,20,°C,100,%a.s.,22.63,deg,20,°C,972,hPa,0.816,-0.01371,0.000397,-0.00013,0,10.11,Humid,22.75,0,51,241181.69,SABD0000000001,AAV1.0.0.11,1.1.2.0,PSt7-10,191107-136,2/17/22 12:14,0000-00,0,no battery,V
4/18/22,12:21:24,9,default,199182947,OXY-CH9,31.801,min,261.523,µmol/L,Humid,17.93,deg,90991,µV,28.666,°C,1017,hPa,35.3,pmil,0,55.4,deg,20,°C,100,%a.s.,22.63,deg,20,°C,972,hPa,0.816,-0.01371,0.000397,-0.00013,0,10.11,Humid,22.75,0,51,241178.05,SABD0000000001,AAV1.0.0.11,1.1.2.0,PSt7-10,191107-136,2/17/22 12:14,0000-00,0,no battery,V
4/18/22,12:21:25,9,default,199182947,OXY-CH9,31.817,min,261.23,µmol/L,Humid,17.936,deg,90996,µV,28.684,°C,1017,hPa,35.3,pmil,0,55.4,deg,20,°C,100,%a.s.,22.63,deg,20,°C,972,hPa,0.816,-0.01371,0.000397,-0.00013,0,10.11,Humid,22.75,0,51,241175.38,SABD0000000001,AAV1.0.0.11,1.1.2.0,PSt7-10,191107-136,2/17/22 12:14,0000-00,0,no battery,V
4/18/22,12:21:26,9,default,199182947,OXY-CH9,31.834,min,261.391,µmol/L,Humid,17.93,deg,91000,µV,28.683,°C,1017,hPa,35.3,pmil,0,55.4,deg,20,°C,100,%a.s.,22.63,deg,20,°C,972,hPa,0.816,-0.01371,0.000397,-0.00013,0,10.11,Humid,22.75,0,51,241169.9,SABD0000000001,AAV1.0.0.11,1.1.2.0,PSt7-10,191107-136,2/17/22 12:14,0000-00,0,no battery,V
4/18/22,12:21:27,9,default,199182947,OXY-CH9,31.851,min,261.474,µmol/L,Humid,17.929,deg,91000,µV,28.676,°C,1017,hPa,35.3,pmil,0,55.4,deg,20,°C,100,%a.s.,22.63,deg,20,°C,972,hPa,0.816,-0.01371,0.000397,-0.00013,0,10.11,Humid,22.75,0,51,241180.23,SABD0000000001,AAV1.0.0.11,1.1.2.0,PSt7-10,191107-136,2/17/22 12:14,0000-00,0,no battery,V
4/18/22,12:21:28,9,default,199182947,OXY-CH9,31.867,min,261.358,µmol/L,Humid,17.937,deg,91004,µV,28.665,°C,1017,hPa,35.3,pmil,0,55.4,deg,20,°C,100,%a.s.,22.63,deg,20,°C,972,hPa,0.816,-0.01371,0.000397,-0.00013,0,10.11,Humid,22.75,0,51,241177.59,SABD0000000001,AAV1.0.0.11,1.1.2.0,PSt7-10,191107-136,2/17/22 12:14,0000-00,0,no battery,V
4/18/22,12:21:29,9,default,199182947,OXY-CH9,31.884,min,261.304,µmol/L,Humid,17.939,deg,91008,µV,28.666,°C,1017,hPa,35.3,pmil,0,55.4,deg,20,°C,100,%a.s.,22.63,deg,20,°C,972,hPa,0.816,-0.01371,0.000397,-0.00013,0,10.11,Humid,22.75,0,51,241169.48,SABD0000000001,AAV1.0.0.11,1.1.2.0,PSt7-10,191107-136,2/17/22 12:14,0000-00,0,no battery,V
4/18/22,12:21:30,9,default,199182947,OXY-CH9,31.901,min,261.37,µmol/L,Humid,17.936,deg,91012,µV,28.667,°C,1017,hPa,35.3,pmil,0,55.4,deg,20,°C,100,%a.s.,22.63,deg,20,°C,972,hPa,0.816,-0.01371,0.000397,-0.00013,0,10.11,Humid,22.75,0,51,241178.96,SABD0000000001,AAV1.0.0.11,1.1.2.0,PSt7-10,191107-136,2/17/22 12:14,0000-00,0,no battery,V
4/18/22,12:21:31,9,default,199182947,OXY-CH9,31.918,min,261.223,µmol/L,Humid,17.938,deg,91018,µV,28.679,°C,1017,hPa,35.3,pmil,0,55.4,deg,20,°C,100,%a.s.,22.63,deg,20,°C,972,hPa,0.816,-0.01371,0.000397,-0.00013,0,10.11,Humid,22.75,0,51,241173.89,SABD0000000001,AAV1.0.0.11,1.1.2.0,PSt7-10,191107-136,2/17/22 12:14,0000-00,0,no battery,V
4/18/22,12:21:32,9,default,199182947,OXY-CH9,31.934,min,261.136,µmol/L,Humid,17.944,deg,91021,µV,28.671,°C,1017,hPa,35.3,pmil,0,55.4,deg,20,°C,100,%a.s.,22.63,deg,20,°C,972,hPa,0.816,-0.01371,0.000397,-0.00013,0,10.11,Humid,22.75,0,51,241172.86,SABD0000000001,AAV1.0.0.11,1.1.2.0,PSt7-10,191107-136,2/17/22 12:14,0000-00,0,no battery,V
4/18/22,12:21:33,9,default,199182947,OXY-CH9,31.951,min,261.288,µmol/L,Humid,17.939,deg,91026,µV,28.667,°C,1017,hPa,35.3,pmil,0,55.4,deg,20,°C,100,%a.s.,22.63,deg,20,°C,972,hPa,0.816,-0.01371,0.000397,-0.00013,0,10.11,Humid,22.75,0,51,241172.3,SABD0000000001,AAV1.0.0.11,1.1.2.0,PSt7-10,191107-136,2/17/22 12:14,0000-00,0,no battery,V
4/18/22,12:21:34,9,default,199182947,OXY-CH9,31.967,min,261.117,µmol/L,Humid,17.947,deg,91034,µV,28.664,°C,1017,hPa,35.3,pmil,0,55.4,deg,20,°C,100,%a.s.,22.63,deg,20,°C,972,hPa,0.816,-0.01371,0.000397,-0.00013,0,10.11,Humid,22.75,0,51,241171.81,SABD0000000001,AAV1.0.0.11,1.1.2.0,PSt7-10,191107-136,2/17/22 12:14,0000-00,0,no battery,V
4/18/22,12:21:35,9,default,199182947,OXY-CH9,31.984,min,261.19,µmol/L,Humid,17.942,deg,91043,µV,28.67,°C,1017,hPa,35.3,pmil,0,55.4,deg,20,°C,100,%a.s.,22.63,deg,20,°C,972,hPa,0.816,-0.01371,0.000397,-0.00013,0,10.11,Humid,22.75,0,51,241183.39,SABD0000000001,AAV1.0.0.11,1.1.2.0,PSt7-10,191107-136,2/17/22 12:14,0000-00,0,no battery,V
4/18/22,12:21:36,9,default,199182947,OXY-CH9,32,min,261.138,µmol/L,Humid,17.943,deg,91050,µV,28.674,°C,1017,hPa,35.3,pmil,0,55.4,deg,20,°C,100,%a.s.,22.63,deg,20,°C,972,hPa,0.816,-0.01371,0.000397,-0.00013,0,10.11,Humid,22.75,0,51,241173.69,SABD0000000001,AAV1.0.0.11,1.1.2.0,PSt7-10,191107-136,2/17/22 12:14,0000-00,0,no battery,V
4/18/22,12:21:37,9,default,199182947,OXY-CH9,32.017,min,261.237,µmol/L,Humid,17.945,deg,91045,µV,28.655,°C,1017,hPa,35.3,pmil,0,55.4,deg,20,°C,100,%a.s.,22.63,deg,20,°C,972,hPa,0.816,-0.01371,0.000397,-0.00013,0,10.11,Humid,22.75,0,51,241166.22,SABD0000000001,AAV1.0.0.11,1.1.2.0,PSt7-10,191107-136,2/17/22 12:14,0000-00,0,no battery,V
4/18/22,12:21:38,9,default,199182947,OXY-CH9,32.034,min,261.136,µmol/L,Humid,17.946,deg,91052,µV,28.665,°C,1017,hPa,35.3,pmil,0,55.4,deg,20,°C,100,%a.s.,22.63,deg,20,°C,972,hPa,0.816,-0.01371,0.000397,-0.00013,0,10.11,Humid,22.75,0,51,241168.41,SABD0000000001,AAV1.0.0.11,1.1.2.0,PSt7-10,191107-136,2/17/22 12:14,0000-00,0,no battery,V
4/18/22,12:21:39,9,default,199182947,OXY-CH9,32.051,min,261.044,µmol/L,Humid,17.949,deg,91057,µV,28.667,°C,1017,hPa,35.3,pmil,0,55.4,deg,20,°C,100,%a.s.,22.63,deg,20,°C,972,hPa,0.816,-0.01371,0.000397,-0.00013,0,10.11,Humid,22.75,0,51,241173.87,SABD0000000001,AAV1.0.0.11,1.1.2.0,PSt7-10,191107-136,2/17/22 12:14,0000-00,0,no battery,V
4/18/22,12:21:40,9,default,199182947,OXY-CH9,32.067,min,261.075,µmol/L,Humid,17.946,deg,91053,µV,28.672,°C,1017,hPa,35.3,pmil,0,55.4,deg,20,°C,100,%a.s.,22.63,deg,20,°C,972,hPa,0.816,-0.01371,0.000397,-0.00013,0,10.11,Humid,22.75,0,51,241163.57,SABD0000000001,AAV1.0.0.11,1.1.2.0,PSt7-10,191107-136,2/17/22 12:14,0000-00,0,no battery,V
4/18/22,12:21:41,9,default,199182947,OXY-CH9,32.084,min,260.999,µmol/L,Humid,17.95,deg,91064,µV,28.669,°C,1017,hPa,35.3,pmil,0,55.4,deg,20,°C,100,%a.s.,22.63,deg,20,°C,972,hPa,0.816,-0.01371,0.000397,-0.00013,0,10.11,Humid,22.75,0,51,241173.24,SABD0000000001,AAV1.0.0.11,1.1.2.0,PSt7-10,191107-136,2/17/22 12:14,0000-00,0,no battery,V
4/18/22,12:21:42,9,default,199182947,OXY-CH9,32.101,min,261.149,µmol/L,Humid,17.947,deg,91070,µV,28.66,°C,1017,hPa,35.3,pmil,0,55.4,deg,20,°C,100,%a.s.,22.63,deg,20,°C,972,hPa,0.816,-0.01371,0.000397,-0.00013,0,10.11,Humid,22.75,0,51,241176.45,SABD0000000001,AAV1.0.0.11,1.1.2.0,PSt7-10,191107-136,2/17/22 12:14,0000-00,0,no battery,V
4/18/22,12:21:43,9,default,199182947,OXY-CH9,32.118,min,261.117,µmol/L,Humid,17.947,deg,91078,µV,28.664,°C,1017,hPa,35.3,pmil,0,55.4,deg,20,°C,100,%a.s.,22.63,deg,20,°C,972,hPa,0.816,-0.01371,0.000397,-0.00013,0,10.11,Humid,22.75,0,51,241171.32,SABD0000000001,AAV1.0.0.11,1.1.2.0,PSt7-10,191107-136,2/17/22 12:14,0000-00,0,no battery,V
4/18/22,12:21:44,9,default,199182947,OXY-CH9,32.134,min,261.126,µmol/L,Humid,17.949,deg,91074,µV,28.656,°C,1017,hPa,35.3,pmil,0,55.4,deg,20,°C,100,%a.s.,22.63,deg,20,°C,972,hPa,0.816,-0.01371,0.000397,-0.00013,0,10.11,Humid,22.75,0,51,241174.69,SABD0000000001,AAV1.0.0.11,1.1.2.0,PSt7-10,191107-136,2/17/22 12:14,0000-00,0,no battery,V
4/18/22,12:21:45,9,default,199182947,OXY-CH9,32.151,min,261.135,µmol/L,Humid,17.945,deg,91084,µV,28.668,°C,1017,hPa,35.3,pmil,0,55.4,deg,20,°C,100,%a.s.,22.63,deg,20,°C,972,hPa,0.816,-0.01371,0.000397,-0.00013,0,10.11,Humid,22.75,0,51,241168.93,SABD0000000001,AAV1.0.0.11,1.1.2.0,PSt7-10,191107-136,2/17/22 12:14,0000-00,0,no battery,V
4/18/22,12:21:46,9,default,199182947,OXY-CH9,32.168,min,261.03,µmol/L,Humid,17.95,deg,91079,µV,28.665,°C,1017,hPa,35.3,pmil,0,55.4,deg,20,°C,100,%a.s.,22.63,deg,20,°C,972,hPa,0.816,-0.01371,0.000397,-0.00013,0,10.11,Humid,22.75,0,51,241168.03,SABD0000000001,AAV1.0.0.11,1.1.2.0,PSt7-10,191107-136,2/17/22 12:14,0000-00,0,no battery,V
4/18/22,12:21:47,9,default,199182947,OXY-CH9,32.184,min,261.06,µmol/L,Humid,17.952,deg,91090,µV,28.655,°C,1017,hPa,35.3,pmil,0,55.4,deg,20,°C,100,%a.s.,22.63,deg,20,°C,972,hPa,0.816,-0.01371,0.000397,-0.00013,0,10.11,Humid,22.75,0,51,241174.22,SABD0000000001,AAV1.0.0.11,1.1.2.0,PSt7-10,191107-136,2/17/22 12:14,0000-00,0,no battery,V
4/18/22,12:21:48,9,default,199182947,OXY-CH9,32.201,min,260.957,µmol/L,Humid,17.955,deg,91105,µV,28.659,°C,1017,hPa,35.3,pmil,0,55.4,deg,20,°C,100,%a.s.,22.63,deg,20,°C,972,hPa,0.816,-0.01371,0.000397,-0.00013,0,10.11,Humid,22.75,0,51,241177.2,SABD0000000001,AAV1.0.0.11,1.1.2.0,PSt7-10,191107-136,2/17/22 12:14,0000-00,0,no battery,V
4/18/22,12:21:49,9,default,199182947,OXY-CH9,32.217,min,260.95,µmol/L,Humid,17.951,deg,91100,µV,28.672,°C,1017,hPa,35.3,pmil,0,55.4,deg,20,°C,100,%a.s.,22.63,deg,20,°C,972,hPa,0.816,-0.01371,0.000397,-0.00013,0,10.11,Humid,22.75,0,51,241184.33,SABD0000000001,AAV1.0.0.11,1.1.2.0,PSt7-10,191107-136,2/17/22 12:14,0000-00,0,no battery,V
4/18/22,12:21:50,9,default,199182947,OXY-CH9,32.234,min,260.925,µmol/L,Humid,17.955,deg,91099,µV,28.663,°C,1017,hPa,35.3,pmil,0,55.4,deg,20,°C,100,%a.s.,22.63,deg,20,°C,972,hPa,0.816,-0.01371,0.000397,-0.00013,0,10.11,Humid,22.75,0,51,241180.31,SABD0000000001,AAV1.0.0.11,1.1.2.0,PSt7-10,191107-136,2/17/22 12:14,0000-00,0,no battery,V
4/18/22,12:21:51,9,default,199182947,OXY-CH9,32.251,min,260.925,µmol/L,Humid,17.953,deg,91102,µV,28.669,°C,1017,hPa,35.3,pmil,0,55.4,deg,20,°C,100,%a.s.,22.63,deg,20,°C,972,hPa,0.816,-0.01371,0.000397,-0.00013,0,10.11,Humid,22.75,0,51,241162.29,SABD0000000001,AAV1.0.0.11,1.1.2.0,PSt7-10,191107-136,2/17/22 12:14,0000-00,0,no battery,V
4/18/22,12:21:52,9,default,199182947,OXY-CH9,32.268,min,260.838,µmol/L,Humid,17.957,deg,91109,µV,28.668,°C,1017,hPa,35.3,pmil,0,55.4,deg,20,°C,100,%a.s.,22.63,deg,20,°C,972,hPa,0.816,-0.01371,0.000397,-0.00013,0,10.11,Humid,22.75,0,51,241180.63,SABD0000000001,AAV1.0.0.11,1.1.2.0,PSt7-10,191107-136,2/17/22 12:14,0000-00,0,no battery,V
4/18/22,12:21:53,9,default,199182947,OXY-CH9,32.284,min,260.721,µmol/L,Humid,17.961,deg,91113,µV,28.67,°C,1017,hPa,35.3,pmil,0,55.4,deg,20,°C,100,%a.s.,22.63,deg,20,°C,972,hPa,0.816,-0.01371,0.000397,-0.00013,0,10.11,Humid,22.75,0,51,241169.75,SABD0000000001,AAV1.0.0.11,1.1.2.0,PSt7-10,191107-136,2/17/22 12:14,0000-00,0,no battery,V
4/18/22,12:21:54,9,default,199182947,OXY-CH9,32.301,min,260.79,µmol/L,Humid,17.952,deg,91116,µV,28.689,°C,1017,hPa,35.3,pmil,0,55.4,deg,20,°C,100,%a.s.,22.63,deg,20,°C,972,hPa,0.816,-0.01371,0.000397,-0.00013,0,10.11,Humid,22.75,0,51,241164.68,SABD0000000001,AAV1.0.0.11,1.1.2.0,PSt7-10,191107-136,2/17/22 12:14,0000-00,0,no battery,V
4/18/22,12:21:55,9,default,199182947,OXY-CH9,32.318,min,260.764,µmol/L,Humid,17.959,deg,91130,µV,28.671,°C,1017,hPa,35.3,pmil,0,55.4,deg,20,°C,100,%a.s.,22.63,deg,20,°C,972,hPa,0.816,-0.01371,0.000397,-0.00013,0,10.11,Humid,22.75,0,51,241179.78,SABD0000000001,AAV1.0.0.11,1.1.2.0,PSt7-10,191107-136,2/17/22 12:14,0000-00,0,no battery,V
4/18/22,12:21:56,9,default,199182947,OXY-CH9,32.334,min,260.909,µmol/L,Humid,17.956,deg,91122,µV,28.662,°C,1017,hPa,35.3,pmil,0,55.4,deg,20,°C,100,%a.s.,22.63,deg,20,°C,972,hPa,0.816,-0.01371,0.000397,-0.00013,0,10.11,Humid,22.75,0,51,241171.7,SABD0000000001,AAV1.0.0.11,1.1.2.0,PSt7-10,191107-136,2/17/22 12:14,0000-00,0,no battery,V
4/18/22,12:21:57,9,default,199182947,OXY-CH9,32.351,min,260.849,µmol/L,Humid,17.959,deg,91134,µV,28.66,°C,1017,hPa,35.3,pmil,0,55.4,deg,20,°C,100,%a.s.,22.63,deg,20,°C,972,hPa,0.816,-0.01371,0.000397,-0.00013,0,10.11,Humid,22.75,0,51,241179.94,SABD0000000001,AAV1.0.0.11,1.1.2.0,PSt7-10,191107-136,2/17/22 12:14,0000-00,0,no battery,V
4/18/22,12:21:58,9,default,199182947,OXY-CH9,32.367,min,260.728,µmol/L,Humid,17.959,deg,91144,µV,28.675,°C,1017,hPa,35.3,pmil,0,55.4,deg,20,°C,100,%a.s.,22.63,deg,20,°C,972,hPa,0.816,-0.01371,0.000397,-0.00013,0,10.11,Humid,22.75,0,51,241170.95,SABD0000000001,AAV1.0.0.11,1.1.2.0,PSt7-10,191107-136,2/17/22 12:14,0000-00,0,no battery,V
4/18/22,12:21:59,9,default,199182947,OXY-CH9,32.384,min,260.72,µmol/L,Humid,17.96,deg,91140,µV,28.673,°C,1017,hPa,35.3,pmil,0,55.4,deg,20,°C,100,%a.s.,22.63,deg,20,°C,972,hPa,0.816,-0.01371,0.000397,-0.00013,0,10.11,Humid,22.75,0,51,241171.69,SABD0000000001,AAV1.0.0.11,1.1.2.0,PSt7-10,191107-136,2/17/22 12:14,0000-00,0,no battery,V
4/18/22,12:22:00,9,default,199182947,OXY-CH9,32.401,min,260.739,µmol/L,Humid,17.962,deg,91147,µV,28.664,°C,1017,hPa,35.3,pmil,0,55.4,deg,20,°C,100,%a.s.,22.63,deg,20,°C,972,hPa,0.816,-0.01371,0.000397,-0.00013,0,10.11,Humid,22.75,0,51,241170.67,SABD0000000001,AAV1.0.0.11,1.1.2.0,PSt7-10,191107-136,2/17/22 12:14,0000-00,0,no battery,V
4/18/22,12:22:01,9,default,199182947,OXY-CH9,32.417,min,260.635,µmol/L,Humid,17.966,deg,91146,µV,28.665,°C,1017,hPa,35.3,pmil,0,55.4,deg,20,°C,100,%a.s.,22.63,deg,20,°C,972,hPa,0.816,-0.01371,0.000397,-0.00013,0,10.11,Humid,22.75,0,51,241167.26,SABD0000000001,AAV1.0.0.11,1.1.2.0,PSt7-10,191107-136,2/17/22 12:14,0000-00,0,no battery,V
4/18/22,12:22:02,9,default,199182947,OXY-CH9,32.434,min,260.709,µmol/L,Humid,17.962,deg,91158,µV,28.668,°C,1017,hPa,35.3,pmil,0,55.4,deg,20,°C,100,%a.s.,22.63,deg,20,°C,972,hPa,0.816,-0.01371,0.000397,-0.00013,0,10.11,Humid,22.75,0,51,241171.3,SABD0000000001,AAV1.0.0.11,1.1.2.0,PSt7-10,191107-136,2/17/22 12:14,0000-00,0,no battery,V
4/18/22,12:22:03,9,default,199182947,OXY-CH9,32.451,min,260.629,µmol/L,Humid,17.968,deg,91154,µV,28.659,°C,1017,hPa,35.3,pmil,0,55.4,deg,20,°C,100,%a.s.,22.63,deg,20,°C,972,hPa,0.816,-0.01371,0.000397,-0.00013,0,10.11,Humid,22.75,0,51,241173.78,SABD0000000001,AAV1.0.0.11,1.1.2.0,PSt7-10,191107-136,2/17/22 12:14,0000-00,0,no battery,V
4/18/22,12:22:04,9,default,199182947,OXY-CH9,32.468,min,260.637,µmol/L,Humid,17.968,deg,91159,µV,28.658,°C,1017,hPa,35.3,pmil,0,55.4,deg,20,°C,100,%a.s.,22.63,deg,20,°C,972,hPa,0.816,-0.01371,0.000397,-0.00013,0,10.11,Humid,22.75,0,51,241163.07,SABD0000000001,AAV1.0.0.11,1.1.2.0,PSt7-10,191107-136,2/17/22 12:14,0000-00,0,no battery,V
4/18/22,12:22:05,9,default,199182947,OXY-CH9,32.484,min,260.692,µmol/L,Humid,17.966,deg,91172,µV,28.658,°C,1017,hPa,35.3,pmil,0,55.4,deg,20,°C,100,%a.s.,22.63,deg,20,°C,972,hPa,0.816,-0.01371,0.000397,-0.00013,0,10.11,Humid,22.75,0,51,241171.22,SABD0000000001,AAV1.0.0.11,1.1.2.0,PSt7-10,191107-136,2/17/22 12:14,0000-00,0,no battery,V
4/18/22,12:22:06,9,default,199182947,OXY-CH9,32.501,min,260.788,µmol/L,Humid,17.964,deg,91170,µV,28.652,°C,1017,hPa,35.3,pmil,0,55.4,deg,20,°C,100,%a.s.,22.63,deg,20,°C,972,hPa,0.816,-0.01371,0.000397,-0.00013,0,10.11,Humid,22.75,0,51,241162.11,SABD0000000001,AAV1.0.0.11,1.1.2.0,PSt7-10,191107-136,2/17/22 12:14,0000-00,0,no battery,V
4/18/22,12:22:07,9,default,199182947,OXY-CH9,32.518,min,260.626,µmol/L,Humid,17.969,deg,91168,µV,28.657,°C,1017,hPa,35.3,pmil,0,55.4,deg,20,°C,100,%a.s.,22.63,deg,20,°C,972,hPa,0.816,-0.01371,0.000397,-0.00013,0,10.11,Humid,22.75,0,51,241154.61,SABD0000000001,AAV1.0.0.11,1.1.2.0,PSt7-10,191107-136,2/17/22 12:14,0000-00,0,no battery,V
4/18/22,12:22:08,9,default,199182947,OXY-CH9,32.534,min,260.557,µmol/L,Humid,17.97,deg,91182,µV,28.662,°C,1017,hPa,35.3,pmil,0,55.4,deg,20,°C,100,%a.s.,22.63,deg,20,°C,972,hPa,0.816,-0.01371,0.000397,-0.00013,0,10.11,Humid,22.75,0,51,241163.3,SABD0000000001,AAV1.0.0.11,1.1.2.0,PSt7-10,191107-136,2/17/22 12:14,0000-00,0,no battery,V
4/18/22,12:22:09,9,default,199182947,OXY-CH9,32.551,min,260.532,µmol/L,Humid,17.972,deg,91184,µV,28.659,°C,1017,hPa,35.3,pmil,0,55.4,deg,20,°C,100,%a.s.,22.63,deg,20,°C,972,hPa,0.816,-0.01371,0.000397,-0.00013,0,10.11,Humid,22.75,0,51,241170.62,SABD0000000001,AAV1.0.0.11,1.1.2.0,PSt7-10,191107-136,2/17/22 12:14,0000-00,0,no battery,V
4/18/22,12:22:10,9,default,199182947,OXY-CH9,32.567,min,260.571,µmol/L,Humid,17.97,deg,91191,µV,28.66,°C,1017,hPa,35.3,pmil,0,55.4,deg,20,°C,100,%a.s.,22.63,deg,20,°C,972,hPa,0.816,-0.01371,0.000397,-0.00013,0,10.11,Humid,22.75,0,51,241165.21,SABD0000000001,AAV1.0.0.11,1.1.2.0,PSt7-10,191107-136,2/17/22 12:14,0000-00,0,no battery,V
4/18/22,12:22:11,9,default,199182947,OXY-CH9,32.584,min,260.405,µmol/L,Humid,17.975,deg,91191,µV,28.666,°C,1017,hPa,35.3,pmil,0,55.4,deg,20,°C,100,%a.s.,22.63,deg,20,°C,972,hPa,0.816,-0.01371,0.000397,-0.00013,0,10.11,Humid,22.75,0,51,241168.97,SABD0000000001,AAV1.0.0.11,1.1.2.0,PSt7-10,191107-136,2/17/22 12:14,0000-00,0,no battery,V
4/18/22,12:22:12,9,default,199182947,OXY-CH9,32.601,min,260.515,µmol/L,Humid,17.971,deg,91198,µV,28.664,°C,1017,hPa,35.3,pmil,0,55.4,deg,20,°C,100,%a.s.,22.63,deg,20,°C,972,hPa,0.816,-0.01371,0.000397,-0.00013,0,10.11,Humid,22.75,0,51,241163.46,SABD0000000001,AAV1.0.0.11,1.1.2.0,PSt7-10,191107-136,2/17/22 12:14,0000-00,0,no battery,V
4/18/22,12:22:13,9,default,199182947,OXY-CH9,32.618,min,260.404,µmol/L,Humid,17.974,deg,91213,µV,28.669,°C,1017,hPa,35.3,pmil,0,55.4,deg,20,°C,100,%a.s.,22.63,deg,20,°C,972,hPa,0.816,-0.01371,0.000397,-0.00013,0,10.11,Humid,22.75,0,51,241166.12,SABD0000000001,AAV1.0.0.11,1.1.2.0,PSt7-10,191107-136,2/17/22 12:14,0000-00,0,no battery,V
4/18/22,12:22:14,9,default,199182947,OXY-CH9,32.634,min,260.563,µmol/L,Humid,17.97,deg,91211,µV,28.661,°C,1017,hPa,35.3,pmil,0,55.4,deg,20,°C,100,%a.s.,22.63,deg,20,°C,972,hPa,0.816,-0.01371,0.000397,-0.00013,0,10.11,Humid,22.75,0,51,241161.34,SABD0000000001,AAV1.0.0.11,1.1.2.0,PSt7-10,191107-136,2/17/22 12:14,0000-00,0,no battery,V
4/18/22,12:22:15,9,default,199182947,OXY-CH9,32.651,min,260.414,µmol/L,Humid,17.972,deg,91216,µV,28.674,°C,1017,hPa,35.3,pmil,0,55.4,deg,20,°C,100,%a.s.,22.63,deg,20,°C,972,hPa,0.816,-0.01371,0.000397,-0.00013,0,10.11,Humid,22.75,0,51,241154.89,SABD0000000001,AAV1.0.0.11,1.1.2.0,PSt7-10,191107-136,2/17/22 12:14,0000-00,0,no battery,V
4/18/22,12:22:16,9,default,199182947,OXY-CH9,32.668,min,260.38,µmol/L,Humid,17.981,deg,91217,µV,28.65,°C,1017,hPa,35.3,pmil,0,55.4,deg,20,°C,100,%a.s.,22.63,deg,20,°C,972,hPa,0.816,-0.01371,0.000397,-0.00013,0,10.11,Humid,22.75,0,51,241172.12,SABD0000000001,AAV1.0.0.11,1.1.2.0,PSt7-10,191107-136,2/17/22 12:14,0000-00,0,no battery,V
4/18/22,12:22:17,9,default,199182947,OXY-CH9,32.685,min,260.606,µmol/L,Humid,17.972,deg,91222,µV,28.65,°C,1017,hPa,35.3,pmil,0,55.4,deg,20,°C,100,%a.s.,22.63,deg,20,°C,972,hPa,0.816,-0.01371,0.000397,-0.00013,0,10.11,Humid,22.75,0,51,241182.81,SABD0000000001,AAV1.0.0.11,1.1.2.0,PSt7-10,191107-136,2/17/22 12:14,0000-00,0,no battery,V
4/18/22,12:22:18,9,default,199182947,OXY-CH9,32.701,min,260.427,µmol/L,Humid,17.976,deg,91223,µV,28.66,°C,1017,hPa,35.3,pmil,0,55.4,deg,20,°C,100,%a.s.,22.63,deg,20,°C,972,hPa,0.816,-0.01371,0.000397,-0.00013,0,10.11,Humid,22.75,0,51,241155.89,SABD0000000001,AAV1.0.0.11,1.1.2.0,PSt7-10,191107-136,2/17/22 12:14,0000-00,0,no battery,V
4/18/22,12:22:19,9,default,199182947,OXY-CH9,32.718,min,260.289,µmol/L,Humid,17.981,deg,91231,µV,28.661,°C,1017,hPa,35.3,pmil,0,55.4,deg,20,°C,100,%a.s.,22.63,deg,20,°C,972,hPa,0.816,-0.01371,0.000397,-0.00013,0,10.11,Humid,22.75,0,51,241167.41,SABD0000000001,AAV1.0.0.11,1.1.2.0,PSt7-10,191107-136,2/17/22 12:14,0000-00,0,no battery,V
4/18/22,12:22:20,9,default,199182947,OXY-CH9,32.734,min,260.253,µmol/L,Humid,17.979,deg,91237,µV,28.672,°C,1017,hPa,35.3,pmil,0,55.4,deg,20,°C,100,%a.s.,22.63,deg,20,°C,972,hPa,0.816,-0.01371,0.000397,-0.00013,0,10.11,Humid,22.75,0,51,241175.89,SABD0000000001,AAV1.0.0.11,1.1.2.0,PSt7-10,191107-136,2/17/22 12:14,0000-00,0,no battery,V
4/18/22,12:22:21,9,default,199182947,OXY-CH9,32.75,min,260.423,µmol/L,Humid,17.977,deg,91239,µV,28.657,°C,1017,hPa,35.3,pmil,0,55.4,deg,20,°C,100,%a.s.,22.63,deg,20,°C,972,hPa,0.816,-0.01371,0.000397,-0.00013,0,10.11,Humid,22.75,0,51,241168.86,SABD0000000001,AAV1.0.0.11,1.1.2.0,PSt7-10,191107-136,2/17/22 12:14,0000-00,0,no battery,V
4/18/22,12:22:22,9,default,199182947,OXY-CH9,32.767,min,260.339,µmol/L,Humid,17.979,deg,91243,µV,28.661,°C,1017,hPa,35.3,pmil,0,55.4,deg,20,°C,100,%a.s.,22.63,deg,20,°C,972,hPa,0.816,-0.01371,0.000397,-0.00013,0,10.11,Humid,22.75,0,51,241164.28,SABD0000000001,AAV1.0.0.11,1.1.2.0,PSt7-10,191107-136,2/17/22 12:14,0000-00,0,no battery,V
4/18/22,12:22:23,9,default,199182947,OXY-CH9,32.784,min,260.403,µmol/L,Humid,17.98,deg,91250,µV,28.65,°C,1017,hPa,35.3,pmil,0,55.4,deg,20,°C,100,%a.s.,22.63,deg,20,°C,972,hPa,0.816,-0.01371,0.000397,-0.00013,0,10.11,Humid,22.75,0,51,241169.52,SABD0000000001,AAV1.0.0.11,1.1.2.0,PSt7-10,191107-136,2/17/22 12:14,0000-00,0,no battery,V
4/18/22,12:22:24,9,default,199182947,OXY-CH9,32.801,min,260.283,µmol/L,Humid,17.985,deg,91248,µV,28.65,°C,1017,hPa,35.3,pmil,0,55.4,deg,20,°C,100,%a.s.,22.63,deg,20,°C,972,hPa,0.816,-0.01371,0.000397,-0.00013,0,10.11,Humid,22.75,0,51,241152.8,SABD0000000001,AAV1.0.0.11,1.1.2.0,PSt7-10,191107-136,2/17/22 12:14,0000-00,0,no battery,V
4/18/22,12:22:25,9,default,199182947,OXY-CH9,32.817,min,260.334,µmol/L,Humid,17.982,deg,91254,µV,28.653,°C,1017,hPa,35.3,pmil,0,55.4,deg,20,°C,100,%a.s.,22.63,deg,20,°C,972,hPa,0.816,-0.01371,0.000397,-0.00013,0,10.11,Humid,22.75,0,51,241163.19,SABD0000000001,AAV1.0.0.11,1.1.2.0,PSt7-10,191107-136,2/17/22 12:14,0000-00,0,no battery,V
4/18/22,12:22:26,9,default,199182947,OXY-CH9,32.834,min,260.252,µmol/L,Humid,17.984,deg,91259,µV,28.657,°C,1017,hPa,35.3,pmil,0,55.4,deg,20,°C,100,%a.s.,22.63,deg,20,°C,972,hPa,0.816,-0.01371,0.000397,-0.00013,0,10.11,Humid,22.75,0,51,241157.83,SABD0000000001,AAV1.0.0.11,1.1.2.0,PSt7-10,191107-136,2/17/22 12:14,0000-00,0,no battery,V
4/18/22,12:22:27,9,default,199182947,OXY-CH9,32.851,min,260.176,µmol/L,Humid,17.985,deg,91267,µV,28.663,°C,1017,hPa,35.3,pmil,0,55.4,deg,20,°C,100,%a.s.,22.63,deg,20,°C,972,hPa,0.816,-0.01371,0.000397,-0.00013,0,10.11,Humid,22.75,0,51,241170.64,SABD0000000001,AAV1.0.0.11,1.1.2.0,PSt7-10,191107-136,2/17/22 12:14,0000-00,0,no battery,V
4/18/22,12:22:28,9,default,199182947,OXY-CH9,32.868,min,260.039,µmol/L,Humid,17.984,deg,91279,µV,28.684,°C,1017,hPa,35.3,pmil,0,55.4,deg,20,°C,100,%a.s.,22.63,deg,20,°C,972,hPa,0.816,-0.01371,0.000397,-0.00013,0,10.11,Humid,22.75,0,51,241171.66,SABD0000000001,AAV1.0.0.11,1.1.2.0,PSt7-10,191107-136,2/17/22 12:14,0000-00,0,no battery,V
4/18/22,12:22:29,9,default,199182947,OXY-CH9,32.884,min,260.113,µmol/L,Humid,17.987,deg,91277,µV,28.665,°C,1017,hPa,35.3,pmil,0,55.4,deg,20,°C,100,%a.s.,22.63,deg,20,°C,972,hPa,0.816,-0.01371,0.000397,-0.00013,0,10.11,Humid,22.75,0,51,241171.76,SABD0000000001,AAV1.0.0.11,1.1.2.0,PSt7-10,191107-136,2/17/22 12:14,0000-00,0,no battery,V
4/18/22,12:22:30,9,default,199182947,OXY-CH9,32.901,min,260.132,µmol/L,Humid,17.988,deg,91283,µV,28.659,°C,1017,hPa,35.3,pmil,0,55.4,deg,20,°C,100,%a.s.,22.63,deg,20,°C,972,hPa,0.816,-0.01371,0.000397,-0.00013,0,10.11,Humid,22.75,0,51,241168.71,SABD0000000001,AAV1.0.0.11,1.1.2.0,PSt7-10,191107-136,2/17/22 12:14,0000-00,0,no battery,V
4/18/22,12:22:31,9,default,199182947,OXY-CH9,32.918,min,260.106,µmol/L,Humid,17.989,deg,91284,µV,28.659,°C,1017,hPa,35.3,pmil,0,55.4,deg,20,°C,100,%a.s.,22.63,deg,20,°C,972,hPa,0.816,-0.01371,0.000397,-0.00013,0,10.11,Humid,22.75,0,51,241158.71,SABD0000000001,AAV1.0.0.11,1.1.2.0,PSt7-10,191107-136,2/17/22 12:14,0000-00,0,no battery,V
4/18/22,12:22:32,9,default,199182947,OXY-CH9,32.934,min,259.889,µmol/L,Humid,17.993,deg,91287,µV,28.674,°C,1017,hPa,35.3,pmil,0,55.4,deg,20,°C,100,%a.s.,22.63,deg,20,°C,972,hPa,0.816,-0.01371,0.000397,-0.00013,0,10.11,Humid,22.75,0,51,241164.72,SABD0000000001,AAV1.0.0.11,1.1.2.0,PSt7-10,191107-136,2/17/22 12:14,0000-00,0,no battery,V
4/18/22,12:22:33,9,default,199182947,OXY-CH9,32.951,min,260.164,µmol/L,Humid,17.986,deg,91290,µV,28.661,°C,1017,hPa,35.3,pmil,0,55.4,deg,20,°C,100,%a.s.,22.63,deg,20,°C,972,hPa,0.816,-0.01371,0.000397,-0.00013,0,10.11,Humid,22.75,0,51,241173.04,SABD0000000001,AAV1.0.0.11,1.1.2.0,PSt7-10,191107-136,2/17/22 12:14,0000-00,0,no battery,V
4/18/22,12:22:34,9,default,199182947,OXY-CH9,32.967,min,260.194,µmol/L,Humid,17.987,deg,91302,µV,28.655,°C,1017,hPa,35.3,pmil,0,55.4,deg,20,°C,100,%a.s.,22.63,deg,20,°C,972,hPa,0.816,-0.01371,0.000397,-0.00013,0,10.11,Humid,22.75,0,51,241173.56,SABD0000000001,AAV1.0.0.11,1.1.2.0,PSt7-10,191107-136,2/17/22 12:14,0000-00,0,no battery,V
4/18/22,12:22:35,9,default,199182947,OXY-CH9,32.984,min,260.108,µmol/L,Humid,17.992,deg,91297,µV,28.65,°C,1017,hPa,35.3,pmil,0,55.4,deg,20,°C,100,%a.s.,22.63,deg,20,°C,972,hPa,0.816,-0.01371,0.000397,-0.00013,0,10.11,Humid,22.75,0,51,241166.76,SABD0000000001,AAV1.0.0.11,1.1.2.0,PSt7-10,191107-136,2/17/22 12:14,0000-00,0,no battery,V
4/18/22,12:22:36,9,default,199182947,OXY-CH9,33.001,min,260.09,µmol/L,Humid,17.994,deg,91306,µV,28.646,°C,1017,hPa,35.3,pmil,0,55.4,deg,20,°C,100,%a.s.,22.63,deg,20,°C,972,hPa,0.816,-0.01371,0.000397,-0.00013,0,10.11,Humid,22.75,0,51,241173.57,SABD0000000001,AAV1.0.0.11,1.1.2.0,PSt7-10,191107-136,2/17/22 12:14,0000-00,0,no battery,V
4/18/22,12:22:37,9,default,199182947,OXY-CH9,33.018,min,260.086,µmol/L,Humid,17.99,deg,91315,µV,28.659,°C,1017,hPa,35.3,pmil,0,55.4,deg,20,°C,100,%a.s.,22.63,deg,20,°C,972,hPa,0.816,-0.01371,0.000397,-0.00013,0,10.11,Humid,22.75,0,51,241169.69,SABD0000000001,AAV1.0.0.11,1.1.2.0,PSt7-10,191107-136,2/17/22 12:14,0000-00,0,no battery,V
4/18/22,12:22:38,9,default,199182947,OXY-CH9,33.034,min,259.974,µmol/L,Humid,17.994,deg,91311,µV,28.66,°C,1017,hPa,35.3,pmil,0,55.4,deg,20,°C,100,%a.s.,22.63,deg,20,°C,972,hPa,0.816,-0.01371,0.000397,-0.00013,0,10.11,Humid,22.75,0,51,241164.88,SABD0000000001,AAV1.0.0.11,1.1.2.0,PSt7-10,191107-136,2/17/22 12:14,0000-00,0,no battery,V
4/18/22,12:22:39,9,default,199182947,OXY-CH9,33.051,min,260.057,µmol/L,Humid,17.995,deg,91306,µV,28.647,°C,1017,hPa,35.3,pmil,0,55.4,deg,20,°C,100,%a.s.,22.63,deg,20,°C,972,hPa,0.816,-0.01371,0.000397,-0.00013,0,10.11,Humid,22.75,0,51,241178.48,SABD0000000001,AAV1.0.0.11,1.1.2.0,PSt7-10,191107-136,2/17/22 12:14,0000-00,0,no battery,V
4/18/22,12:22:40,9,default,199182947,OXY-CH9,33.068,min,260.125,µmol/L,Humid,17.99,deg,91319,µV,28.654,°C,1017,hPa,35.3,pmil,0,55.4,deg,20,°C,100,%a.s.,22.63,deg,20,°C,972,hPa,0.816,-0.01371,0.000397,-0.00013,0,10.11,Humid,22.75,0,51,241171.19,SABD0000000001,AAV1.0.0.11,1.1.2.0,PSt7-10,191107-136,2/17/22 12:14,0000-00,0,no battery,V
4/18/22,12:22:41,9,default,199182947,OXY-CH9,33.084,min,260.024,µmol/L,Humid,17.994,deg,91325,µV,28.654,°C,1017,hPa,35.3,pmil,0,55.4,deg,20,°C,100,%a.s.,22.63,deg,20,°C,972,hPa,0.816,-0.01371,0.000397,-0.00013,0,10.11,Humid,22.75,0,51,241159.79,SABD0000000001,AAV1.0.0.11,1.1.2.0,PSt7-10,191107-136,2/17/22 12:14,0000-00,0,no battery,V
4/18/22,12:22:42,9,default,199182947,OXY-CH9,33.101,min,260.085,µmol/L,Humid,17.996,deg,91329,µV,28.64,°C,1017,hPa,35.3,pmil,0,55.4,deg,20,°C,100,%a.s.,22.63,deg,20,°C,972,hPa,0.816,-0.01371,0.000397,-0.00013,0,10.11,Humid,22.75,0,51,241161.75,SABD0000000001,AAV1.0.0.11,1.1.2.0,PSt7-10,191107-136,2/17/22 12:14,0000-00,0,no battery,V
4/18/22,12:22:43,9,default,199182947,OXY-CH9,33.118,min,259.998,µmol/L,Humid,17.994,deg,91325,µV,28.657,°C,1017,hPa,35.3,pmil,0,55.4,deg,20,°C,100,%a.s.,22.63,deg,20,°C,972,hPa,0.816,-0.01371,0.000397,-0.00013,0,10.11,Humid,22.75,0,51,241160.84,SABD0000000001,AAV1.0.0.11,1.1.2.0,PSt7-10,191107-136,2/17/22 12:14,0000-00,0,no battery,V
4/18/22,12:22:44,9,default,199182947,OXY-CH9,33.134,min,260.031,µmol/L,Humid,17.999,deg,91332,µV,28.637,°C,1017,hPa,35.3,pmil,0,55.4,deg,20,°C,100,%a.s.,22.63,deg,20,°C,972,hPa,0.816,-0.01371,0.000397,-0.00013,0,10.11,Humid,22.75,0,51,241155.86,SABD0000000001,AAV1.0.0.11,1.1.2.0,PSt7-10,191107-136,2/17/22 12:14,0000-00,0,no battery,V
4/18/22,12:22:45,9,default,199182947,OXY-CH9,33.151,min,260.06,µmol/L,Humid,17.997,deg,91346,µV,28.64,°C,1017,hPa,35.3,pmil,0,55.4,deg,20,°C,100,%a.s.,22.63,deg,20,°C,972,hPa,0.816,-0.01371,0.000397,-0.00013,0,10.11,Humid,22.75,0,51,241167.84,SABD0000000001,AAV1.0.0.11,1.1.2.0,PSt7-10,191107-136,2/17/22 12:14,0000-00,0,no battery,V
4/18/22,12:22:46,9,default,199182947,OXY-CH9,33.168,min,259.755,µmol/L,Humid,18.002,deg,91344,µV,28.663,°C,1017,hPa,35.3,pmil,0,55.4,deg,20,°C,100,%a.s.,22.63,deg,20,°C,972,hPa,0.816,-0.01371,0.000397,-0.00013,0,10.11,Humid,22.75,0,51,241169.94,SABD0000000001,AAV1.0.0.11,1.1.2.0,PSt7-10,191107-136,2/17/22 12:14,0000-00,0,no battery,V
4/18/22,12:22:47,9,default,199182947,OXY-CH9,33.184,min,259.86,µmol/L,Humid,17.996,deg,91345,µV,28.668,°C,1017,hPa,35.3,pmil,0,55.4,deg,20,°C,100,%a.s.,22.63,deg,20,°C,972,hPa,0.816,-0.01371,0.000397,-0.00013,0,10.11,Humid,22.75,0,51,241161.52,SABD0000000001,AAV1.0.0.11,1.1.2.0,PSt7-10,191107-136,2/17/22 12:14,0000-00,0,no battery,V
4/18/22,12:22:48,9,default,199182947,OXY-CH9,33.2,min,259.924,µmol/L,Humid,18,deg,91354,µV,28.648,°C,1017,hPa,35.3,pmil,0,55.4,deg,20,°C,100,%a.s.,22.63,deg,20,°C,972,hPa,0.816,-0.01371,0.000397,-0.00013,0,10.11,Humid,22.75,0,51,241159.5,SABD0000000001,AAV1.0.0.11,1.1.2.0,PSt7-10,191107-136,2/17/22 12:14,0000-00,0,no battery,V
4/18/22,12:22:49,9,default,199182947,OXY-CH9,33.217,min,259.876,µmol/L,Humid,17.997,deg,91352,µV,28.663,°C,1017,hPa,35.3,pmil,0,55.4,deg,20,°C,100,%a.s.,22.63,deg,20,°C,972,hPa,0.816,-0.01371,0.000397,-0.00013,0,10.11,Humid,22.75,0,51,241166.52,SABD0000000001,AAV1.0.0.11,1.1.2.0,PSt7-10,191107-136,2/17/22 12:14,0000-00,0,no battery,V
4/18/22,12:22:50,9,default,199182947,OXY-CH9,33.234,min,259.784,µmol/L,Humid,18.002,deg,91354,µV,28.659,°C,1017,hPa,35.3,pmil,0,55.4,deg,20,°C,100,%a.s.,22.63,deg,20,°C,972,hPa,0.816,-0.01371,0.000397,-0.00013,0,10.11,Humid,22.75,0,51,241159.39,SABD0000000001,AAV1.0.0.11,1.1.2.0,PSt7-10,191107-136,2/17/22 12:14,0000-00,0,no battery,V
4/18/22,12:22:51,9,default,199182947,OXY-CH9,33.251,min,259.792,µmol/L,Humid,18,deg,91363,µV,28.664,°C,1017,hPa,35.3,pmil,0,55.4,deg,20,°C,100,%a.s.,22.63,deg,20,°C,972,hPa,0.816,-0.01371,0.000397,-0.00013,0,10.11,Humid,22.75,0,51,241153.88,SABD0000000001,AAV1.0.0.11,1.1.2.0,PSt7-10,191107-136,2/17/22 12:14,0000-00,0,no battery,V
4/18/22,12:22:52,9,default,199182947,OXY-CH9,33.267,min,259.706,µmol/L,Humid,18.005,deg,91366,µV,28.66,°C,1017,hPa,35.3,pmil,0,55.4,deg,20,°C,100,%a.s.,22.63,deg,20,°C,972,hPa,0.816,-0.01371,0.000397,-0.00013,0,10.11,Humid,22.75,0,51,241154.22,SABD0000000001,AAV1.0.0.11,1.1.2.0,PSt7-10,191107-136,2/17/22 12:14,0000-00,0,no battery,V
4/18/22,12:22:53,9,default,199182947,OXY-CH9,33.284,min,259.654,µmol/L,Humid,18.009,deg,91372,µV,28.654,°C,1017,hPa,35.3,pmil,0,55.4,deg,20,°C,100,%a.s.,22.63,deg,20,°C,972,hPa,0.816,-0.01371,0.000397,-0.00013,0,10.11,Humid,22.75,0,51,241154.8,SABD0000000001,AAV1.0.0.11,1.1.2.0,PSt7-10,191107-136,2/17/22 12:14,0000-00,0,no battery,V
4/18/22,12:22:54,9,default,199182947,OXY-CH9,33.301,min,259.637,µmol/L,Humid,18.009,deg,91373,µV,28.656,°C,1017,hPa,35.3,pmil,0,55.4,deg,20,°C,100,%a.s.,22.63,deg,20,°C,972,hPa,0.816,-0.01371,0.000397,-0.00013,0,10.11,Humid,22.75,0,51,241155.18,SABD0000000001,AAV1.0.0.11,1.1.2.0,PSt7-10,191107-136,2/17/22 12:14,0000-00,0,no battery,V
4/18/22,12:22:55,9,default,199182947,OXY-CH9,33.318,min,259.851,µmol/L,Humid,18.005,deg,91370,µV,28.641,°C,1017,hPa,35.3,pmil,0,55.4,deg,20,°C,100,%a.s.,22.63,deg,20,°C,972,hPa,0.816,-0.01371,0.000397,-0.00013,0,10.11,Humid,22.75,0,51,241157.58,SABD0000000001,AAV1.0.0.11,1.1.2.0,PSt7-10,191107-136,2/17/22 12:14,0000-00,0,no battery,V
4/18/22,12:22:56,9,default,199182947,OXY-CH9,33.334,min,259.578,µmol/L,Humid,18.011,deg,91374,µV,28.657,°C,1017,hPa,35.3,pmil,0,55.4,deg,20,°C,100,%a.s.,22.63,deg,20,°C,972,hPa,0.816,-0.01371,0.000397,-0.00013,0,10.11,Humid,22.75,0,51,241153.01,SABD0000000001,AAV1.0.0.11,1.1.2.0,PSt7-10,191107-136,2/17/22 12:14,0000-00,0,no battery,V
4/18/22,12:22:57,9,default,199182947,OXY-CH9,33.351,min,259.666,µmol/L,Humid,18.008,deg,91384,µV,28.655,°C,1017,hPa,35.3,pmil,0,55.4,deg,20,°C,100,%a.s.,22.63,deg,20,°C,972,hPa,0.816,-0.01371,0.000397,-0.00013,0,10.11,Humid,22.75,0,51,241148.92,SABD0000000001,AAV1.0.0.11,1.1.2.0,PSt7-10,191107-136,2/17/22 12:14,0000-00,0,no battery,V
4/18/22,12:22:58,9,default,199182947,OXY-CH9,33.368,min,259.643,µmol/L,Humid,18.011,deg,91388,µV,28.649,°C,1017,hPa,35.3,pmil,0,55.4,deg,20,°C,100,%a.s.,22.63,deg,20,°C,972,hPa,0.816,-0.01371,0.000397,-0.00013,0,10.11,Humid,22.75,0,51,241150.18,SABD0000000001,AAV1.0.0.11,1.1.2.0,PSt7-10,191107-136,2/17/22 12:14,0000-00,0,no battery,V
4/18/22,12:22:59,9,default,199182947,OXY-CH9,33.384,min,259.63,µmol/L,Humid,18.009,deg,91396,µV,28.657,°C,1017,hPa,35.3,pmil,0,55.4,deg,20,°C,100,%a.s.,22.63,deg,20,°C,972,hPa,0.816,-0.01371,0.000397,-0.00013,0,10.11,Humid,22.75,0,51,241155.02,SABD0000000001,AAV1.0.0.11,1.1.2.0,PSt7-10,191107-136,2/17/22 12:14,0000-00,0,no battery,V
4/18/22,12:23:00,9,default,199182947,OXY-CH9,33.4,min,259.73,µmol/L,Humid,18.01,deg,91398,µV,28.641,°C,1017,hPa,35.3,pmil,0,55.4,deg,20,°C,100,%a.s.,22.63,deg,20,°C,972,hPa,0.816,-0.01371,0.000397,-0.00013,0,10.11,Humid,22.75,0,51,241154.01,SABD0000000001,AAV1.0.0.11,1.1.2.0,PSt7-10,191107-136,2/17/22 12:14,0000-00,0,no battery,V
4/18/22,12:23:01,9,default,199182947,OXY-CH9,33.417,min,259.62,µmol/L,Humid,18.012,deg,91406,µV,28.649,°C,1017,hPa,35.3,pmil,0,55.4,deg,20,°C,100,%a.s.,22.63,deg,20,°C,972,hPa,0.816,-0.01371,0.000397,-0.00013,0,10.11,Humid,22.75,0,51,241156.45,SABD0000000001,AAV1.0.0.11,1.1.2.0,PSt7-10,191107-136,2/17/22 12:14,0000-00,0,no battery,V
4/18/22,12:23:02,9,default,199182947,OXY-CH9,33.434,min,259.596,µmol/L,Humid,18.012,deg,91406,µV,28.652,°C,1017,hPa,35.3,pmil,0,55.4,deg,20,°C,100,%a.s.,22.63,deg,20,°C,972,hPa,0.816,-0.01371,0.000397,-0.00013,0,10.11,Humid,22.75,0,51,241154.46,SABD0000000001,AAV1.0.0.11,1.1.2.0,PSt7-10,191107-136,2/17/22 12:14,0000-00,0,no battery,V
4/18/22,12:23:03,9,default,199182947,OXY-CH9,33.451,min,259.632,µmol/L,Humid,18.011,deg,91412,µV,28.65,°C,1017,hPa,35.3,pmil,0,55.4,deg,20,°C,100,%a.s.,22.63,deg,20,°C,972,hPa,0.816,-0.01371,0.000397,-0.00013,0,10.11,Humid,22.75,0,51,241163.07,SABD0000000001,AAV1.0.0.11,1.1.2.0,PSt7-10,191107-136,2/17/22 12:14,0000-00,0,no battery,V
4/18/22,12:23:04,9,default,199182947,OXY-CH9,33.467,min,259.793,µmol/L,Humid,18.009,deg,91418,µV,28.636,°C,1017,hPa,35.3,pmil,0,55.4,deg,20,°C,100,%a.s.,22.63,deg,20,°C,972,hPa,0.816,-0.01371,0.000397,-0.00013,0,10.11,Humid,22.75,0,51,241157.81,SABD0000000001,AAV1.0.0.11,1.1.2.0,PSt7-10,191107-136,2/17/22 12:14,0000-00,0,no battery,V
4/18/22,12:23:05,9,default,199182947,OXY-CH9,33.484,min,259.532,µmol/L,Humid,18.016,deg,91426,µV,28.647,°C,1017,hPa,35.3,pmil,0,55.4,deg,20,°C,100,%a.s.,22.63,deg,20,°C,972,hPa,0.816,-0.01371,0.000397,-0.00013,0,10.11,Humid,22.75,0,51,241157.32,SABD0000000001,AAV1.0.0.11,1.1.2.0,PSt7-10,191107-136,2/17/22 12:14,0000-00,0,no battery,V
4/18/22,12:23:06,9,default,199182947,OXY-CH9,33.501,min,259.474,µmol/L,Humid,18.014,deg,91424,µV,28.661,°C,1017,hPa,35.3,pmil,0,55.4,deg,20,°C,100,%a.s.,22.63,deg,20,°C,972,hPa,0.816,-0.01371,0.000397,-0.00013,0,10.11,Humid,22.75,0,51,241161.98,SABD0000000001,AAV1.0.0.11,1.1.2.0,PSt7-10,191107-136,2/17/22 12:14,0000-00,0,no battery,V
4/18/22,12:23:07,9,default,199182947,OXY-CH9,33.518,min,259.412,µmol/L,Humid,18.017,deg,91432,µV,28.659,°C,1017,hPa,35.3,pmil,0,55.4,deg,20,°C,100,%a.s.,22.63,deg,20,°C,972,hPa,0.816,-0.01371,0.000397,-0.00013,0,10.11,Humid,22.75,0,51,241165.13,SABD0000000001,AAV1.0.0.11,1.1.2.0,PSt7-10,191107-136,2/17/22 12:14,0000-00,0,no battery,V
4/18/22,12:23:08,9,default,199182947,OXY-CH9,33.534,min,259.475,µmol/L,Humid,18.016,deg,91431,µV,28.654,°C,1017,hPa,35.3,pmil,0,55.4,deg,20,°C,100,%a.s.,22.63,deg,20,°C,972,hPa,0.816,-0.01371,0.000397,-0.00013,0,10.11,Humid,22.75,0,51,241158.93,SABD0000000001,AAV1.0.0.11,1.1.2.0,PSt7-10,191107-136,2/17/22 12:14,0000-00,0,no battery,V
4/18/22,12:23:09,9,default,199182947,OXY-CH9,33.551,min,259.391,µmol/L,Humid,18.017,deg,91437,µV,28.662,°C,1017,hPa,35.3,pmil,0,55.4,deg,20,°C,100,%a.s.,22.63,deg,20,°C,972,hPa,0.816,-0.01371,0.000397,-0.00013,0,10.11,Humid,22.75,0,51,241162.4,SABD0000000001,AAV1.0.0.11,1.1.2.0,PSt7-10,191107-136,2/17/22 12:14,0000-00,0,no battery,V
4/18/22,12:23:10,9,default,199182947,OXY-CH9,33.567,min,259.255,µmol/L,Humid,18.025,deg,91436,µV,28.654,°C,1017,hPa,35.3,pmil,0,55.4,deg,20,°C,100,%a.s.,22.63,deg,20,°C,972,hPa,0.816,-0.01371,0.000397,-0.00013,0,10.11,Humid,22.75,0,51,241164.96,SABD0000000001,AAV1.0.0.11,1.1.2.0,PSt7-10,191107-136,2/17/22 12:14,0000-00,0,no battery,V
4/18/22,12:23:11,9,default,199182947,OXY-CH9,33.584,min,259.371,µmol/L,Humid,18.019,deg,91444,µV,28.658,°C,1017,hPa,35.3,pmil,0,55.4,deg,20,°C,100,%a.s.,22.63,deg,20,°C,972,hPa,0.816,-0.01371,0.000397,-0.00013,0,10.11,Humid,22.75,0,51,241167.13,SABD0000000001,AAV1.0.0.11,1.1.2.0,PSt7-10,191107-136,2/17/22 12:14,0000-00,0,no battery,V
4/18/22,12:23:12,9,default,199182947,OXY-CH9,33.6,min,259.474,µmol/L,Humid,18.017,deg,91447,µV,28.651,°C,1017,hPa,35.3,pmil,0,55.4,deg,20,°C,100,%a.s.,22.63,deg,20,°C,972,hPa,0.816,-0.01371,0.000397,-0.00013,0,10.11,Humid,22.75,0,51,241170.82,SABD0000000001,AAV1.0.0.11,1.1.2.0,PSt7-10,191107-136,2/17/22 12:14,0000-00,0,no battery,V
4/18/22,12:23:13,9,default,199182947,OXY-CH9,33.617,min,259.445,µmol/L,Humid,18.02,deg,91450,µV,28.646,°C,1017,hPa,35.3,pmil,0,55.4,deg,20,°C,100,%a.s.,22.63,deg,20,°C,972,hPa,0.816,-0.01371,0.000397,-0.00013,0,10.11,Humid,22.75,0,51,241162.89,SABD0000000001,AAV1.0.0.11,1.1.2.0,PSt7-10,191107-136,2/17/22 12:14,0000-00,0,no battery,V
4/18/22,12:23:14,9,default,199182947,OXY-CH9,33.634,min,259.487,µmol/L,Humid,18.02,deg,91454,µV,28.64,°C,1017,hPa,35.3,pmil,0,55.4,deg,20,°C,100,%a.s.,22.63,deg,20,°C,972,hPa,0.816,-0.01371,0.000397,-0.00013,0,10.11,Humid,22.75,0,51,241167.9,SABD0000000001,AAV1.0.0.11,1.1.2.0,PSt7-10,191107-136,2/17/22 12:14,0000-00,0,no battery,V
4/18/22,12:23:15,9,default,199182947,OXY-CH9,33.651,min,259.46,µmol/L,Humid,18.02,deg,91459,µV,28.644,°C,1017,hPa,35.3,pmil,0,55.4,deg,20,°C,100,%a.s.,22.63,deg,20,°C,972,hPa,0.816,-0.01371,0.000397,-0.00013,0,10.11,Humid,22.75,0,51,241171.74,SABD0000000001,AAV1.0.0.11,1.1.2.0,PSt7-10,191107-136,2/17/22 12:14,0000-00,0,no battery,V
4/18/22,12:23:16,9,default,199182947,OXY-CH9,33.667,min,259.232,µmol/L,Humid,18.027,deg,91465,µV,28.651,°C,1017,hPa,35.3,pmil,0,55.4,deg,20,°C,100,%a.s.,22.63,deg,20,°C,972,hPa,0.816,-0.01371,0.000397,-0.00013,0,10.11,Humid,22.75,0,51,241160.09,SABD0000000001,AAV1.0.0.11,1.1.2.0,PSt7-10,191107-136,2/17/22 12:14,0000-00,0,no battery,V
4/18/22,12:23:17,9,default,199182947,OXY-CH9,33.684,min,259.458,µmol/L,Humid,18.02,deg,91468,µV,28.644,°C,1017,hPa,35.3,pmil,0,55.4,deg,20,°C,100,%a.s.,22.63,deg,20,°C,972,hPa,0.816,-0.01371,0.000397,-0.00013,0,10.11,Humid,22.75,0,51,241160.28,SABD0000000001,AAV1.0.0.11,1.1.2.0,PSt7-10,191107-136,2/17/22 12:14,0000-00,0,no battery,V
4/18/22,12:23:18,9,default,199182947,OXY-CH9,33.701,min,259.222,µmol/L,Humid,18.029,deg,91478,µV,28.646,°C,1017,hPa,35.3,pmil,0,55.4,deg,20,°C,100,%a.s.,22.63,deg,20,°C,972,hPa,0.816,-0.01371,0.000397,-0.00013,0,10.11,Humid,22.75,0,51,241159.72,SABD0000000001,AAV1.0.0.11,1.1.2.0,PSt7-10,191107-136,2/17/22 12:14,0000-00,0,no battery,V
4/18/22,12:23:19,9,default,199182947,OXY-CH9,33.718,min,259.294,µmol/L,Humid,18.025,deg,91471,µV,28.649,°C,1017,hPa,35.3,pmil,0,55.4,deg,20,°C,100,%a.s.,22.63,deg,20,°C,972,hPa,0.816,-0.01371,0.000397,-0.00013,0,10.11,Humid,22.75,0,51,241158.87,SABD0000000001,AAV1.0.0.11,1.1.2.0,PSt7-10,191107-136,2/17/22 12:14,0000-00,0,no battery,V
4/18/22,12:23:20,9,default,199182947,OXY-CH9,33.734,min,259.314,µmol/L,Humid,18.025,deg,91480,µV,28.646,°C,1017,hPa,35.3,pmil,0,55.4,deg,20,°C,100,%a.s.,22.63,deg,20,°C,972,hPa,0.816,-0.01371,0.000397,-0.00013,0,10.11,Humid,22.75,0,51,241158.45,SABD0000000001,AAV1.0.0.11,1.1.2.0,PSt7-10,191107-136,2/17/22 12:14,0000-00,0,no battery,V
4/18/22,12:23:21,9,default,199182947,OXY-CH9,33.751,min,259.266,µmol/L,Humid,18.026,deg,91475,µV,28.65,°C,1017,hPa,35.3,pmil,0,55.4,deg,20,°C,100,%a.s.,22.63,deg,20,°C,972,hPa,0.816,-0.01371,0.000397,-0.00013,0,10.11,Humid,22.75,0,51,241155.82,SABD0000000001,AAV1.0.0.11,1.1.2.0,PSt7-10,191107-136,2/17/22 12:14,0000-00,0,no battery,V
4/18/22,12:23:22,9,default,199182947,OXY-CH9,33.768,min,259.318,µmol/L,Humid,18.029,deg,91484,µV,28.633,°C,1017,hPa,35.3,pmil,0,55.4,deg,20,°C,100,%a.s.,22.63,deg,20,°C,972,hPa,0.816,-0.01371,0.000397,-0.00013,0,10.11,Humid,22.75,0,51,241158.19,SABD0000000001,AAV1.0.0.11,1.1.2.0,PSt7-10,191107-136,2/17/22 12:14,0000-00,0,no battery,V
4/18/22,12:23:23,9,default,199182947,OXY-CH9,33.784,min,259.376,µmol/L,Humid,18.024,deg,91490,µV,28.642,°C,1017,hPa,35.3,pmil,0,55.4,deg,20,°C,100,%a.s.,22.63,deg,20,°C,972,hPa,0.816,-0.01371,0.000397,-0.00013,0,10.11,Humid,22.75,0,51,241157.79,SABD0000000001,AAV1.0.0.11,1.1.2.0,PSt7-10,191107-136,2/17/22 12:14,0000-00,0,no battery,V
4/18/22,12:23:24,9,default,199182947,OXY-CH9,33.801,min,259.044,µmol/L,Humid,18.032,deg,91492,µV,28.659,°C,1017,hPa,35.3,pmil,0,55.4,deg,20,°C,100,%a.s.,22.63,deg,20,°C,972,hPa,0.816,-0.01371,0.000397,-0.00013,0,10.11,Humid,22.75,0,51,241156.28,SABD0000000001,AAV1.0.0.11,1.1.2.0,PSt7-10,191107-136,2/17/22 12:14,0000-00,0,no battery,V
4/18/22,12:23:25,9,default,199182947,OXY-CH9,33.817,min,259.126,µmol/L,Humid,18.03,deg,91498,µV,28.655,°C,1017,hPa,35.3,pmil,0,55.4,deg,20,°C,100,%a.s.,22.63,deg,20,°C,972,hPa,0.816,-0.01371,0.000397,-0.00013,0,10.11,Humid,22.75,0,51,241147.66,SABD0000000001,AAV1.0.0.11,1.1.2.0,PSt7-10,191107-136,2/17/22 12:14,0000-00,0,no battery,V
4/18/22,12:23:26,9,default,199182947,OXY-CH9,33.835,min,259.11,µmol/L,Humid,18.032,deg,91510,µV,28.65,°C,1017,hPa,35.3,pmil,0,55.4,deg,20,°C,100,%a.s.,22.63,deg,20,°C,972,hPa,0.816,-0.01371,0.000397,-0.00013,0,10.11,Humid,22.75,0,51,241148.51,SABD0000000001,AAV1.0.0.11,1.1.2.0,PSt7-10,191107-136,2/17/22 12:14,0000-00,0,no battery,V
4/18/22,12:23:27,9,default,199182947,OXY-CH9,33.851,min,259.198,µmol/L,Humid,18.03,deg,91510,µV,28.646,°C,1017,hPa,35.3,pmil,0,55.4,deg,20,°C,100,%a.s.,22.63,deg,20,°C,972,hPa,0.816,-0.01371,0.000397,-0.00013,0,10.11,Humid,22.75,0,51,241140.86,SABD0000000001,AAV1.0.0.11,1.1.2.0,PSt7-10,191107-136,2/17/22 12:14,0000-00,0,no battery,V
4/18/22,12:23:28,9,default,199182947,OXY-CH9,33.867,min,259.156,µmol/L,Humid,18.03,deg,91509,µV,28.651,°C,1017,hPa,35.3,pmil,0,55.4,deg,20,°C,100,%a.s.,22.63,deg,20,°C,972,hPa,0.816,-0.01371,0.000397,-0.00013,0,10.11,Humid,22.75,0,51,241152.08,SABD0000000001,AAV1.0.0.11,1.1.2.0,PSt7-10,191107-136,2/17/22 12:14,0000-00,0,no battery,V
4/18/22,12:23:29,9,default,199182947,OXY-CH9,33.884,min,259.137,µmol/L,Humid,18.032,deg,91520,µV,28.647,°C,1017,hPa,35.3,pmil,0,55.4,deg,20,°C,100,%a.s.,22.63,deg,20,°C,972,hPa,0.816,-0.01371,0.000397,-0.00013,0,10.11,Humid,22.75,0,51,241155.05,SABD0000000001,AAV1.0.0.11,1.1.2.0,PSt7-10,191107-136,2/17/22 12:14,0000-00,0,no battery,V
4/18/22,12:23:30,9,default,199182947,OXY-CH9,33.901,min,259.083,µmol/L,Humid,18.035,deg,91521,µV,28.644,°C,1017,hPa,35.3,pmil,0,55.4,deg,20,°C,100,%a.s.,22.63,deg,20,°C,972,hPa,0.816,-0.01371,0.000397,-0.00013,0,10.11,Humid,22.75,0,51,241155.55,SABD0000000001,AAV1.0.0.11,1.1.2.0,PSt7-10,191107-136,2/17/22 12:14,0000-00,0,no battery,V
4/18/22,12:23:31,9,default,199182947,OXY-CH9,33.918,min,259.127,µmol/L,Humid,18.032,deg,91517,µV,28.648,°C,1017,hPa,35.3,pmil,0,55.4,deg,20,°C,100,%a.s.,22.63,deg,20,°C,972,hPa,0.816,-0.01371,0.000397,-0.00013,0,10.11,Humid,22.75,0,51,241156.37,SABD0000000001,AAV1.0.0.11,1.1.2.0,PSt7-10,191107-136,2/17/22 12:14,0000-00,0,no battery,V
4/18/22,12:23:32,9,default,199182947,OXY-CH9,33.934,min,259.146,µmol/L,Humid,18.034,deg,91519,µV,28.64,°C,1017,hPa,35.3,pmil,0,55.4,deg,20,°C,100,%a.s.,22.63,deg,20,°C,972,hPa,0.816,-0.01371,0.000397,-0.00013,0,10.11,Humid,22.75,0,51,241151.89,SABD0000000001,AAV1.0.0.11,1.1.2.0,PSt7-10,191107-136,2/17/22 12:14,0000-00,0,no battery,V
4/18/22,12:23:33,9,default,199182947,OXY-CH9,33.951,min,259.045,µmol/L,Humid,18.035,deg,91537,µV,28.649,°C,1017,hPa,35.3,pmil,0,55.4,deg,20,°C,100,%a.s.,22.63,deg,20,°C,972,hPa,0.816,-0.01371,0.000397,-0.00013,0,10.11,Humid,22.75,0,51,241145.75,SABD0000000001,AAV1.0.0.11,1.1.2.0,PSt7-10,191107-136,2/17/22 12:14,0000-00,0,no battery,V
4/18/22,12:23:34,9,default,199182947,OXY-CH9,33.968,min,259.015,µmol/L,Humid,18.037,deg,91538,µV,28.647,°C,1017,hPa,35.3,pmil,0,55.4,deg,20,°C,100,%a.s.,22.63,deg,20,°C,972,hPa,0.816,-0.01371,0.000397,-0.00013,0,10.11,Humid,22.75,0,51,241141.77,SABD0000000001,AAV1.0.0.11,1.1.2.0,PSt7-10,191107-136,2/17/22 12:14,0000-00,0,no battery,V
4/18/22,12:23:35,9,default,199182947,OXY-CH9,33.984,min,259.063,µmol/L,Humid,18.036,deg,91545,µV,28.644,°C,1017,hPa,35.3,pmil,0,55.4,deg,20,°C,100,%a.s.,22.63,deg,20,°C,972,hPa,0.816,-0.01371,0.000397,-0.00013,0,10.11,Humid,22.75,0,51,241150.64,SABD0000000001,AAV1.0.0.11,1.1.2.0,PSt7-10,191107-136,2/17/22 12:14,0000-00,0,no battery,V
4/18/22,12:23:36,9,default,199182947,OXY-CH9,34,min,258.976,µmol/L,Humid,18.039,deg,91539,µV,28.645,°C,1017,hPa,35.3,pmil,0,55.4,deg,20,°C,100,%a.s.,22.63,deg,20,°C,972,hPa,0.816,-0.01371,0.000397,-0.00013,0,10.11,Humid,22.75,0,51,241135.14,SABD0000000001,AAV1.0.0.11,1.1.2.0,PSt7-10,191107-136,2/17/22 12:14,0000-00,0,no battery,V
4/18/22,12:23:37,9,default,199182947,OXY-CH9,34.017,min,259.085,µmol/L,Humid,18.037,deg,91552,µV,28.638,°C,1017,hPa,35.3,pmil,0,55.4,deg,20,°C,100,%a.s.,22.63,deg,20,°C,972,hPa,0.816,-0.01371,0.000397,-0.00013,0,10.11,Humid,22.75,0,51,241150.7,SABD0000000001,AAV1.0.0.11,1.1.2.0,PSt7-10,191107-136,2/17/22 12:14,0000-00,0,no battery,V
4/18/22,12:23:38,9,default,199182947,OXY-CH9,34.034,min,258.917,µmol/L,Humid,18.042,deg,91556,µV,28.643,°C,1017,hPa,35.3,pmil,0,55.4,deg,20,°C,100,%a.s.,22.63,deg,20,°C,972,hPa,0.816,-0.01371,0.000397,-0.00013,0,10.11,Humid,22.75,0,51,241155.44,SABD0000000001,AAV1.0.0.11,1.1.2.0,PSt7-10,191107-136,2/17/22 12:14,0000-00,0,no battery,V
4/18/22,12:23:39,9,default,199182947,OXY-CH9,34.051,min,258.871,µmol/L,Humid,18.044,deg,91564,µV,28.643,°C,1017,hPa,35.3,pmil,0,55.4,deg,20,°C,100,%a.s.,22.63,deg,20,°C,972,hPa,0.816,-0.01371,0.000397,-0.00013,0,10.11,Humid,22.75,0,51,241150.29,SABD0000000001,AAV1.0.0.11,1.1.2.0,PSt7-10,191107-136,2/17/22 12:14,0000-00,0,no battery,V
4/18/22,12:23:40,9,default,199182947,OXY-CH9,34.068,min,258.906,µmol/L,Humid,18.046,deg,91564,µV,28.632,°C,1017,hPa,35.3,pmil,0,55.4,deg,20,°C,100,%a.s.,22.63,deg,20,°C,972,hPa,0.816,-0.01371,0.000397,-0.00013,0,10.11,Humid,22.75,0,51,241153.96,SABD0000000001,AAV1.0.0.11,1.1.2.0,PSt7-10,191107-136,2/17/22 12:14,0000-00,0,no battery,V
4/18/22,12:23:41,9,default,199182947,OXY-CH9,34.084,min,259.013,µmol/L,Humid,18.04,deg,91568,µV,28.638,°C,1017,hPa,35.3,pmil,0,55.4,deg,20,°C,100,%a.s.,22.63,deg,20,°C,972,hPa,0.816,-0.01371,0.000397,-0.00013,0,10.11,Humid,22.75,0,51,241145.13,SABD0000000001,AAV1.0.0.11,1.1.2.0,PSt7-10,191107-136,2/17/22 12:14,0000-00,0,no battery,V
4/18/22,12:23:42,9,default,199182947,OXY-CH9,34.101,min,258.908,µmol/L,Humid,18.045,deg,91577,µV,28.635,°C,1017,hPa,35.3,pmil,0,55.4,deg,20,°C,100,%a.s.,22.63,deg,20,°C,972,hPa,0.816,-0.01371,0.000397,-0.00013,0,10.11,Humid,22.75,0,51,241152.39,SABD0000000001,AAV1.0.0.11,1.1.2.0,PSt7-10,191107-136,2/17/22 12:14,0000-00,0,no battery,V
4/18/22,12:23:43,9,default,199182947,OXY-CH9,34.118,min,258.827,µmol/L,Humid,18.045,deg,91583,µV,28.646,°C,1017,hPa,35.3,pmil,0,55.4,deg,20,°C,100,%a.s.,22.63,deg,20,°C,972,hPa,0.816,-0.01371,0.000397,-0.00013,0,10.11,Humid,22.75,0,51,241153.66,SABD0000000001,AAV1.0.0.11,1.1.2.0,PSt7-10,191107-136,2/17/22 12:14,0000-00,0,no battery,V
4/18/22,12:23:44,9,default,199182947,OXY-CH9,34.134,min,258.787,µmol/L,Humid,18.045,deg,91579,µV,28.651,°C,1017,hPa,35.3,pmil,0,55.4,deg,20,°C,100,%a.s.,22.63,deg,20,°C,972,hPa,0.816,-0.01371,0.000397,-0.00013,0,10.11,Humid,22.75,0,51,241153.01,SABD0000000001,AAV1.0.0.11,1.1.2.0,PSt7-10,191107-136,2/17/22 12:14,0000-00,0,no battery,V
4/18/22,12:23:45,9,default,199182947,OXY-CH9,34.15,min,258.923,µmol/L,Humid,18.044,deg,91587,µV,28.637,°C,1017,hPa,35.3,pmil,0,55.4,deg,20,°C,100,%a.s.,22.63,deg,20,°C,972,hPa,0.816,-0.01371,0.000397,-0.00013,0,10.11,Humid,22.75,0,51,241140.27,SABD0000000001,AAV1.0.0.11,1.1.2.0,PSt7-10,191107-136,2/17/22 12:14,0000-00,0,no battery,V
4/18/22,12:23:46,9,default,199182947,OXY-CH9,34.167,min,258.852,µmol/L,Humid,18.046,deg,91590,µV,28.639,°C,1017,hPa,35.3,pmil,0,55.4,deg,20,°C,100,%a.s.,22.63,deg,20,°C,972,hPa,0.816,-0.01371,0.000397,-0.00013,0,10.11,Humid,22.75,0,51,241145.09,SABD0000000001,AAV1.0.0.11,1.1.2.0,PSt7-10,191107-136,2/17/22 12:14,0000-00,0,no battery,V
4/18/22,12:23:47,9,default,199182947,OXY-CH9,34.184,min,258.905,µmol/L,Humid,18.046,deg,91592,µV,28.633,°C,1017,hPa,35.3,pmil,0,55.4,deg,20,°C,100,%a.s.,22.63,deg,20,°C,972,hPa,0.816,-0.01371,0.000397,-0.00013,0,10.11,Humid,22.75,0,51,241147.55,SABD0000000001,AAV1.0.0.11,1.1.2.0,PSt7-10,191107-136,2/17/22 12:14,0000-00,0,no battery,V
4/18/22,12:23:48,9,default,199182947,OXY-CH9,34.201,min,258.662,µmol/L,Humid,18.051,deg,91596,µV,28.648,°C,1017,hPa,35.3,pmil,0,55.4,deg,20,°C,100,%a.s.,22.63,deg,20,°C,972,hPa,0.816,-0.01371,0.000397,-0.00013,0,10.11,Humid,22.75,0,51,241150.33,SABD0000000001,AAV1.0.0.11,1.1.2.0,PSt7-10,191107-136,2/17/22 12:14,0000-00,0,no battery,V
4/18/22,12:23:49,9,default,199182947,OXY-CH9,34.218,min,258.728,µmol/L,Humid,18.05,deg,91602,µV,28.642,°C,1017,hPa,35.3,pmil,0,55.4,deg,20,°C,100,%a.s.,22.63,deg,20,°C,972,hPa,0.816,-0.01371,0.000397,-0.00013,0,10.11,Humid,22.75,0,51,241142.27,SABD0000000001,AAV1.0.0.11,1.1.2.0,PSt7-10,191107-136,2/17/22 12:14,0000-00,0,no battery,V
4/18/22,12:23:50,9,default,199182947,OXY-CH9,34.234,min,258.659,µmol/L,Humid,18.048,deg,91600,µV,28.657,°C,1017,hPa,35.3,pmil,0,55.4,deg,20,°C,100,%a.s.,22.63,deg,20,°C,972,hPa,0.816,-0.01371,0.000397,-0.00013,0,10.11,Humid,22.75,0,51,241144.35,SABD0000000001,AAV1.0.0.11,1.1.2.0,PSt7-10,191107-136,2/17/22 12:14,0000-00,0,no battery,V
4/18/22,12:23:51,9,default,199182947,OXY-CH9,34.251,min,258.755,µmol/L,Humid,18.052,deg,91604,µV,28.633,°C,1017,hPa,35.3,pmil,0,55.4,deg,20,°C,100,%a.s.,22.63,deg,20,°C,972,hPa,0.816,-0.01371,0.000397,-0.00013,0,10.11,Humid,22.75,0,51,241153.91,SABD0000000001,AAV1.0.0.11,1.1.2.0,PSt7-10,191107-136,2/17/22 12:14,0000-00,0,no battery,V
4/18/22,12:23:52,9,default,199182947,OXY-CH9,34.268,min,258.703,µmol/L,Humid,18.056,deg,91615,µV,28.627,°C,1017,hPa,35.3,pmil,0,55.4,deg,20,°C,100,%a.s.,22.63,deg,20,°C,972,hPa,0.816,-0.01371,0.000397,-0.00013,0,10.11,Humid,22.75,0,51,241138.94,SABD0000000001,AAV1.0.0.11,1.1.2.0,PSt7-10,191107-136,2/17/22 12:14,0000-00,0,no battery,V
4/18/22,12:23:53,9,default,199182947,OXY-CH9,34.284,min,258.877,µmol/L,Humid,18.049,deg,91618,µV,28.627,°C,1017,hPa,35.3,pmil,0,55.4,deg,20,°C,100,%a.s.,22.63,deg,20,°C,972,hPa,0.816,-0.01371,0.000397,-0.00013,0,10.11,Humid,22.75,0,51,241150.03,SABD0000000001,AAV1.0.0.11,1.1.2.0,PSt7-10,191107-136,2/17/22 12:14,0000-00,0,no battery,V
4/18/22,12:23:54,9,default,199182947,OXY-CH9,34.3,min,258.647,µmol/L,Humid,18.055,deg,91618,µV,28.637,°C,1017,hPa,35.3,pmil,0,55.4,deg,20,°C,100,%a.s.,22.63,deg,20,°C,972,hPa,0.816,-0.01371,0.000397,-0.00013,0,10.11,Humid,22.75,0,51,241152.29,SABD0000000001,AAV1.0.0.11,1.1.2.0,PSt7-10,191107-136,2/17/22 12:14,0000-00,0,no battery,V
4/18/22,12:23:55,9,default,199182947,OXY-CH9,34.317,min,258.59,µmol/L,Humid,18.055,deg,91625,µV,28.644,°C,1017,hPa,35.3,pmil,0,55.4,deg,20,°C,100,%a.s.,22.63,deg,20,°C,972,hPa,0.816,-0.01371,0.000397,-0.00013,0,10.11,Humid,22.75,0,51,241157.63,SABD0000000001,AAV1.0.0.11,1.1.2.0,PSt7-10,191107-136,2/17/22 12:14,0000-00,0,no battery,V
4/18/22,12:23:56,9,default,199182947,OXY-CH9,34.334,min,258.693,µmol/L,Humid,18.053,deg,91623,µV,28.638,°C,1017,hPa,35.3,pmil,0,55.4,deg,20,°C,100,%a.s.,22.63,deg,20,°C,972,hPa,0.816,-0.01371,0.000397,-0.00013,0,10.11,Humid,22.75,0,51,241135.94,SABD0000000001,AAV1.0.0.11,1.1.2.0,PSt7-10,191107-136,2/17/22 12:14,0000-00,0,no battery,V
4/18/22,12:23:57,9,default,199182947,OXY-CH9,34.351,min,258.596,µmol/L,Humid,18.058,deg,91630,µV,28.634,°C,1017,hPa,35.3,pmil,0,55.4,deg,20,°C,100,%a.s.,22.63,deg,20,°C,972,hPa,0.816,-0.01371,0.000397,-0.00013,0,10.11,Humid,22.75,0,51,241149.77,SABD0000000001,AAV1.0.0.11,1.1.2.0,PSt7-10,191107-136,2/17/22 12:14,0000-00,0,no battery,V
4/18/22,12:23:58,9,default,199182947,OXY-CH9,34.368,min,258.77,µmol/L,Humid,18.051,deg,91645,µV,28.634,°C,1017,hPa,35.3,pmil,0,55.4,deg,20,°C,100,%a.s.,22.63,deg,20,°C,972,hPa,0.816,-0.01371,0.000397,-0.00013,0,10.11,Humid,22.75,0,51,241147.77,SABD0000000001,AAV1.0.0.11,1.1.2.0,PSt7-10,191107-136,2/17/22 12:14,0000-00,0,no battery,V
4/18/22,12:23:59,9,default,199182947,OXY-CH9,34.384,min,258.597,µmol/L,Humid,18.059,deg,91644,µV,28.631,°C,1017,hPa,35.3,pmil,0,55.4,deg,20,°C,100,%a.s.,22.63,deg,20,°C,972,hPa,0.816,-0.01371,0.000397,-0.00013,0,10.11,Humid,22.75,0,51,241146.76,SABD0000000001,AAV1.0.0.11,1.1.2.0,PSt7-10,191107-136,2/17/22 12:14,0000-00,0,no battery,V
4/18/22,12:24:00,9,default,199182947,OXY-CH9,34.401,min,258.53,µmol/L,Humid,18.059,deg,91657,µV,28.639,°C,1017,hPa,35.3,pmil,0,55.4,deg,20,°C,100,%a.s.,22.63,deg,20,°C,972,hPa,0.816,-0.01371,0.000397,-0.00013,0,10.11,Humid,22.75,0,51,241156.82,SABD0000000001,AAV1.0.0.11,1.1.2.0,PSt7-10,191107-136,2/17/22 12:14,0000-00,0,no battery,V
4/18/22,12:24:01,9,default,199182947,OXY-CH9,34.418,min,258.708,µmol/L,Humid,18.058,deg,91655,µV,28.62,°C,1017,hPa,35.3,pmil,0,55.4,deg,20,°C,100,%a.s.,22.63,deg,20,°C,972,hPa,0.816,-0.01371,0.000397,-0.00013,0,10.11,Humid,22.75,0,51,241152.98,SABD0000000001,AAV1.0.0.11,1.1.2.0,PSt7-10,191107-136,2/17/22 12:14,0000-00,0,no battery,V
4/18/22,12:24:02,9,default,199182947,OXY-CH9,34.435,min,258.509,µmol/L,Humid,18.063,deg,91653,µV,28.63,°C,1017,hPa,35.3,pmil,0,55.4,deg,20,°C,100,%a.s.,22.63,deg,20,°C,972,hPa,0.816,-0.01371,0.000397,-0.00013,0,10.11,Humid,22.75,0,51,241141.39,SABD0000000001,AAV1.0.0.11,1.1.2.0,PSt7-10,191107-136,2/17/22 12:14,0000-00,0,no battery,V
4/18/22,12:24:03,9,default,199182947,OXY-CH9,34.451,min,258.386,µmol/L,Humid,18.06,deg,91664,µV,28.655,°C,1017,hPa,35.3,pmil,0,55.4,deg,20,°C,100,%a.s.,22.63,deg,20,°C,972,hPa,0.816,-0.01371,0.000397,-0.00013,0,10.11,Humid,22.75,0,51,241150.07,SABD0000000001,AAV1.0.0.11,1.1.2.0,PSt7-10,191107-136,2/17/22 12:14,0000-00,0,no battery,V
4/18/22,12:24:04,9,default,199182947,OXY-CH9,34.468,min,258.408,µmol/L,Humid,18.06,deg,91665,µV,28.652,°C,1017,hPa,35.3,pmil,0,55.4,deg,20,°C,100,%a.s.,22.63,deg,20,°C,972,hPa,0.816,-0.01371,0.000397,-0.00013,0,10.11,Humid,22.75,0,51,241144.55,SABD0000000001,AAV1.0.0.11,1.1.2.0,PSt7-10,191107-136,2/17/22 12:14,0000-00,0,no battery,V
4/18/22,12:24:05,9,default,199182947,OXY-CH9,34.484,min,258.282,µmol/L,Humid,18.067,deg,91660,µV,28.646,°C,1017,hPa,35.3,pmil,0,55.4,deg,20,°C,100,%a.s.,22.63,deg,20,°C,972,hPa,0.816,-0.01371,0.000397,-0.00013,0,10.11,Humid,22.75,0,51,241149.34,SABD0000000001,AAV1.0.0.11,1.1.2.0,PSt7-10,191107-136,2/17/22 12:14,0000-00,0,no battery,V
4/18/22,12:24:06,9,default,199182947,OXY-CH9,34.5,min,258.357,µmol/L,Humid,18.066,deg,91675,µV,28.639,°C,1017,hPa,35.3,pmil,0,55.4,deg,20,°C,100,%a.s.,22.63,deg,20,°C,972,hPa,0.816,-0.01371,0.000397,-0.00013,0,10.11,Humid,22.75,0,51,241140.21,SABD0000000001,AAV1.0.0.11,1.1.2.0,PSt7-10,191107-136,2/17/22 12:14,0000-00,0,no battery,V
4/18/22,12:24:07,9,default,199182947,OXY-CH9,34.517,min,258.408,µmol/L,Humid,18.064,deg,91668,µV,28.639,°C,1017,hPa,35.3,pmil,0,55.4,deg,20,°C,100,%a.s.,22.63,deg,20,°C,972,hPa,0.816,-0.01371,0.000397,-0.00013,0,10.11,Humid,22.75,0,51,241154.75,SABD0000000001,AAV1.0.0.11,1.1.2.0,PSt7-10,191107-136,2/17/22 12:14,0000-00,0,no battery,V
4/18/22,12:24:08,9,default,199182947,OXY-CH9,34.534,min,258.405,µmol/L,Humid,18.064,deg,91679,µV,28.64,°C,1017,hPa,35.3,pmil,0,55.4,deg,20,°C,100,%a.s.,22.63,deg,20,°C,972,hPa,0.816,-0.01371,0.000397,-0.00013,0,10.11,Humid,22.75,0,51,241145.71,SABD0000000001,AAV1.0.0.11,1.1.2.0,PSt7-10,191107-136,2/17/22 12:14,0000-00,0,no battery,V
4/18/22,12:24:09,9,default,199182947,OXY-CH9,34.551,min,258.315,µmol/L,Humid,18.069,deg,91685,µV,28.635,°C,1017,hPa,35.3,pmil,0,55.4,deg,20,°C,100,%a.s.,22.63,deg,20,°C,972,hPa,0.816,-0.01371,0.000397,-0.00013,0,10.11,Humid,22.75,0,51,241141.13,SABD0000000001,AAV1.0.0.11,1.1.2.0,PSt7-10,191107-136,2/17/22 12:14,0000-00,0,no battery,V
4/18/22,12:24:10,9,default,199182947,OXY-CH9,34.567,min,258.446,µmol/L,Humid,18.065,deg,91688,µV,28.631,°C,1017,hPa,35.3,pmil,0,55.4,deg,20,°C,100,%a.s.,22.63,deg,20,°C,972,hPa,0.816,-0.01371,0.000397,-0.00013,0,10.11,Humid,22.75,0,51,241135.65,SABD0000000001,AAV1.0.0.11,1.1.2.0,PSt7-10,191107-136,2/17/22 12:14,0000-00,0,no battery,V
4/18/22,12:24:11,9,default,199182947,OXY-CH9,34.584,min,258.419,µmol/L,Humid,18.068,deg,91694,µV,28.625,°C,1017,hPa,35.3,pmil,0,55.4,deg,20,°C,100,%a.s.,22.63,deg,20,°C,972,hPa,0.816,-0.01371,0.000397,-0.00013,0,10.11,Humid,22.75,0,51,241136.59,SABD0000000001,AAV1.0.0.11,1.1.2.0,PSt7-10,191107-136,2/17/22 12:14,0000-00,0,no battery,V
4/18/22,12:24:12,9,default,199182947,OXY-CH9,34.601,min,258.251,µmol/L,Humid,18.069,deg,91697,µV,28.644,°C,1017,hPa,35.3,pmil,0,55.4,deg,20,°C,100,%a.s.,22.63,deg,20,°C,972,hPa,0.816,-0.01371,0.000397,-0.00013,0,10.11,Humid,22.75,0,51,241143.97,SABD0000000001,AAV1.0.0.11,1.1.2.0,PSt7-10,191107-136,2/17/22 12:14,0000-00,0,no battery,V
4/18/22,12:24:13,9,default,199182947,OXY-CH9,34.618,min,258.277,µmol/L,Humid,18.07,deg,91701,µV,28.637,°C,1017,hPa,35.3,pmil,0,55.4,deg,20,°C,100,%a.s.,22.63,deg,20,°C,972,hPa,0.816,-0.01371,0.000397,-0.00013,0,10.11,Humid,22.75,0,51,241134.83,SABD0000000001,AAV1.0.0.11,1.1.2.0,PSt7-10,191107-136,2/17/22 12:14,0000-00,0,no battery,V
4/18/22,12:24:14,9,default,199182947,OXY-CH9,34.634,min,258.455,µmol/L,Humid,18.067,deg,91699,µV,28.624,°C,1017,hPa,35.3,pmil,0,55.4,deg,20,°C,100,%a.s.,22.63,deg,20,°C,972,hPa,0.816,-0.01371,0.000397,-0.00013,0,10.11,Humid,22.75,0,51,241134.29,SABD0000000001,AAV1.0.0.11,1.1.2.0,PSt7-10,191107-136,2/17/22 12:14,0000-00,0,no battery,V
4/18/22,12:24:15,9,default,199182947,OXY-CH9,34.651,min,258.41,µmol/L,Humid,18.071,deg,91712,µV,28.617,°C,1017,hPa,35.3,pmil,0,55.4,deg,20,°C,100,%a.s.,22.63,deg,20,°C,972,hPa,0.816,-0.01371,0.000397,-0.00013,0,10.11,Humid,22.75,0,51,241135.79,SABD0000000001,AAV1.0.0.11,1.1.2.0,PSt7-10,191107-136,2/17/22 12:14,0000-00,0,no battery,V
4/18/22,12:24:16,9,default,199182947,OXY-CH9,34.668,min,258.26,µmol/L,Humid,18.074,deg,91711,µV,28.627,°C,1017,hPa,35.3,pmil,0,55.4,deg,20,°C,100,%a.s.,22.63,deg,20,°C,972,hPa,0.816,-0.01371,0.000397,-0.00013,0,10.11,Humid,22.75,0,51,241133.46,SABD0000000001,AAV1.0.0.11,1.1.2.0,PSt7-10,191107-136,2/17/22 12:14,0000-00,0,no battery,V
4/18/22,12:24:17,9,default,199182947,OXY-CH9,34.685,min,258.448,µmol/L,Humid,18.068,deg,91707,µV,28.622,°C,1017,hPa,35.3,pmil,0,55.4,deg,20,°C,100,%a.s.,22.63,deg,20,°C,972,hPa,0.816,-0.01371,0.000397,-0.00013,0,10.11,Humid,22.75,0,51,241140.92,SABD0000000001,AAV1.0.0.11,1.1.2.0,PSt7-10,191107-136,2/17/22 12:14,0000-00,0,no battery,V
4/18/22,12:24:18,9,default,199182947,OXY-CH9,34.701,min,258.172,µmol/L,Humid,18.078,deg,91720,µV,28.625,°C,1017,hPa,35.3,pmil,0,55.4,deg,20,°C,100,%a.s.,22.63,deg,20,°C,972,hPa,0.816,-0.01371,0.000397,-0.00013,0,10.11,Humid,22.75,0,51,241137.65,SABD0000000001,AAV1.0.0.11,1.1.2.0,PSt7-10,191107-136,2/17/22 12:14,0000-00,0,no battery,V
4/18/22,12:24:19,9,default,199182947,OXY-CH9,34.717,min,258.332,µmol/L,Humid,18.072,deg,91729,µV,28.624,°C,1017,hPa,35.3,pmil,0,55.4,deg,20,°C,100,%a.s.,22.63,deg,20,°C,972,hPa,0.816,-0.01371,0.000397,-0.00013,0,10.11,Humid,22.75,0,51,241135.6,SABD0000000001,AAV1.0.0.11,1.1.2.0,PSt7-10,191107-136,2/17/22 12:14,0000-00,0,no battery,V
4/18/22,12:24:20,9,default,199182947,OXY-CH9,34.734,min,258.314,µmol/L,Humid,18.073,deg,91728,µV,28.623,°C,1017,hPa,35.3,pmil,0,55.4,deg,20,°C,100,%a.s.,22.63,deg,20,°C,972,hPa,0.816,-0.01371,0.000397,-0.00013,0,10.11,Humid,22.75,0,51,241150.4,SABD0000000001,AAV1.0.0.11,1.1.2.0,PSt7-10,191107-136,2/17/22 12:14,0000-00,0,no battery,V
4/18/22,12:24:21,9,default,199182947,OXY-CH9,34.751,min,258.27,µmol/L,Humid,18.074,deg,91733,µV,28.625,°C,1017,hPa,35.3,pmil,0,55.4,deg,20,°C,100,%a.s.,22.63,deg,20,°C,972,hPa,0.816,-0.01371,0.000397,-0.00013,0,10.11,Humid,22.75,0,51,241130.89,SABD0000000001,AAV1.0.0.11,1.1.2.0,PSt7-10,191107-136,2/17/22 12:14,0000-00,0,no battery,V
4/18/22,12:24:22,9,default,199182947,OXY-CH9,34.767,min,258.12,µmol/L,Humid,18.075,deg,91728,µV,28.641,°C,1017,hPa,35.3,pmil,0,55.4,deg,20,°C,100,%a.s.,22.63,deg,20,°C,972,hPa,0.816,-0.01371,0.000397,-0.00013,0,10.11,Humid,22.75,0,51,241130.17,SABD0000000001,AAV1.0.0.11,1.1.2.0,PSt7-10,191107-136,2/17/22 12:14,0000-00,0,no battery,V
4/18/22,12:24:23,9,default,199182947,OXY-CH9,34.784,min,258.067,µmol/L,Humid,18.081,deg,91744,µV,28.629,°C,1017,hPa,35.3,pmil,0,55.4,deg,20,°C,100,%a.s.,22.63,deg,20,°C,972,hPa,0.816,-0.01371,0.000397,-0.00013,0,10.11,Humid,22.75,0,51,241143.67,SABD0000000001,AAV1.0.0.11,1.1.2.0,PSt7-10,191107-136,2/17/22 12:14,0000-00,0,no battery,V
4/18/22,12:24:24,9,default,199182947,OXY-CH9,34.801,min,258.089,µmol/L,Humid,18.081,deg,91740,µV,28.627,°C,1017,hPa,35.3,pmil,0,55.4,deg,20,°C,100,%a.s.,22.63,deg,20,°C,972,hPa,0.816,-0.01371,0.000397,-0.00013,0,10.11,Humid,22.75,0,51,241135.19,SABD0000000001,AAV1.0.0.11,1.1.2.0,PSt7-10,191107-136,2/17/22 12:14,0000-00,0,no battery,V
4/18/22,12:24:25,9,default,199182947,OXY-CH9,34.817,min,258.208,µmol/L,Humid,18.075,deg,91753,µV,28.63,°C,1017,hPa,35.3,pmil,0,55.4,deg,20,°C,100,%a.s.,22.63,deg,20,°C,972,hPa,0.816,-0.01371,0.000397,-0.00013,0,10.11,Humid,22.75,0,51,241133.41,SABD0000000001,AAV1.0.0.11,1.1.2.0,PSt7-10,191107-136,2/17/22 12:14,0000-00,0,no battery,V
4/18/22,12:24:26,9,default,199182947,OXY-CH9,34.834,min,258.203,µmol/L,Humid,18.078,deg,91755,µV,28.621,°C,1017,hPa,35.3,pmil,0,55.4,deg,20,°C,100,%a.s.,22.63,deg,20,°C,972,hPa,0.816,-0.01371,0.000397,-0.00013,0,10.11,Humid,22.75,0,51,241128.03,SABD0000000001,AAV1.0.0.11,1.1.2.0,PSt7-10,191107-136,2/17/22 12:14,0000-00,0,no battery,V
4/18/22,12:24:27,9,default,199182947,OXY-CH9,34.851,min,258.077,µmol/L,Humid,18.077,deg,91749,µV,28.641,°C,1017,hPa,35.3,pmil,0,55.4,deg,20,°C,100,%a.s.,22.63,deg,20,°C,972,hPa,0.816,-0.01371,0.000397,-0.00013,0,10.11,Humid,22.75,0,51,241127.39,SABD0000000001,AAV1.0.0.11,1.1.2.0,PSt7-10,191107-136,2/17/22 12:14,0000-00,0,no battery,V
4/18/22,12:24:28,9,default,199182947,OXY-CH9,34.867,min,257.9,µmol/L,Humid,18.082,deg,91756,µV,28.647,°C,1017,hPa,35.3,pmil,0,55.4,deg,20,°C,100,%a.s.,22.63,deg,20,°C,972,hPa,0.816,-0.01371,0.000397,-0.00013,0,10.11,Humid,22.75,0,51,241124.32,SABD0000000001,AAV1.0.0.11,1.1.2.0,PSt7-10,191107-136,2/17/22 12:14,0000-00,0,no battery,V
4/18/22,12:24:29,9,default,199182947,OXY-CH9,34.884,min,258.126,µmol/L,Humid,18.079,deg,91757,µV,28.628,°C,1017,hPa,35.3,pmil,0,55.4,deg,20,°C,100,%a.s.,22.63,deg,20,°C,972,hPa,0.816,-0.01371,0.000397,-0.00013,0,10.11,Humid,22.75,0,51,241125.14,SABD0000000001,AAV1.0.0.11,1.1.2.0,PSt7-10,191107-136,2/17/22 12:14,0000-00,0,no battery,V
4/18/22,12:24:30,9,default,199182947,OXY-CH9,34.901,min,258.119,µmol/L,Humid,18.08,deg,91764,µV,28.626,°C,1017,hPa,35.3,pmil,0,55.4,deg,20,°C,100,%a.s.,22.63,deg,20,°C,972,hPa,0.816,-0.01371,0.000397,-0.00013,0,10.11,Humid,22.75,0,51,241126.03,SABD0000000001,AAV1.0.0.11,1.1.2.0,PSt7-10,191107-136,2/17/22 12:14,0000-00,0,no battery,V
4/18/22,12:24:31,9,default,199182947,OXY-CH9,34.918,min,257.908,µmol/L,Humid,18.085,deg,91768,µV,28.637,°C,1017,hPa,35.3,pmil,0,55.4,deg,20,°C,100,%a.s.,22.63,deg,20,°C,972,hPa,0.816,-0.01371,0.000397,-0.00013,0,10.11,Humid,22.75,0,51,241124.79,SABD0000000001,AAV1.0.0.11,1.1.2.0,PSt7-10,191107-136,2/17/22 12:14,0000-00,0,no battery,V
4/18/22,12:24:32,9,default,199182947,OXY-CH9,34.935,min,257.972,µmol/L,Humid,18.084,deg,91771,µV,28.632,°C,1017,hPa,35.3,pmil,0,55.4,deg,20,°C,100,%a.s.,22.63,deg,20,°C,972,hPa,0.816,-0.01371,0.000397,-0.00013,0,10.11,Humid,22.75,0,51,241128.22,SABD0000000001,AAV1.0.0.11,1.1.2.0,PSt7-10,191107-136,2/17/22 12:14,0000-00,0,no battery,V
4/18/22,12:24:33,9,default,199182947,OXY-CH9,34.951,min,257.838,µmol/L,Humid,18.088,deg,91779,µV,28.637,°C,1017,hPa,35.3,pmil,0,55.4,deg,20,°C,100,%a.s.,22.63,deg,20,°C,972,hPa,0.816,-0.01371,0.000397,-0.00013,0,10.11,Humid,22.75,0,51,241129.04,SABD0000000001,AAV1.0.0.11,1.1.2.0,PSt7-10,191107-136,2/17/22 12:14,0000-00,0,no battery,V
4/18/22,12:24:34,9,default,199182947,OXY-CH9,34.967,min,258.105,µmol/L,Humid,18.082,deg,91784,µV,28.621,°C,1017,hPa,35.3,pmil,0,55.4,deg,20,°C,100,%a.s.,22.63,deg,20,°C,972,hPa,0.816,-0.01371,0.000397,-0.00013,0,10.11,Humid,22.75,0,51,241124.71,SABD0000000001,AAV1.0.0.11,1.1.2.0,PSt7-10,191107-136,2/17/22 12:14,0000-00,0,no battery,V
4/18/22,12:24:35,9,default,199182947,OXY-CH9,34.984,min,257.883,µmol/L,Humid,18.089,deg,91787,µV,28.628,°C,1017,hPa,35.3,pmil,0,55.4,deg,20,°C,100,%a.s.,22.63,deg,20,°C,972,hPa,0.816,-0.01371,0.000397,-0.00013,0,10.11,Humid,22.75,0,51,241124.22,SABD0000000001,AAV1.0.0.11,1.1.2.0,PSt7-10,191107-136,2/17/22 12:14,0000-00,0,no battery,V
4/18/22,12:24:36,9,default,199182947,OXY-CH9,35.001,min,258.021,µmol/L,Humid,18.083,deg,91795,µV,28.629,°C,1017,hPa,35.3,pmil,0,55.4,deg,20,°C,100,%a.s.,22.63,deg,20,°C,972,hPa,0.816,-0.01371,0.000397,-0.00013,0,10.11,Humid,22.75,0,51,241139,SABD0000000001,AAV1.0.0.11,1.1.2.0,PSt7-10,191107-136,2/17/22 12:14,0000-00,0,no battery,V
4/18/22,12:24:37,9,default,199182947,OXY-CH9,35.017,min,257.769,µmol/L,Humid,18.089,deg,91792,µV,28.642,°C,1017,hPa,35.3,pmil,0,55.4,deg,20,°C,100,%a.s.,22.63,deg,20,°C,972,hPa,0.816,-0.01371,0.000397,-0.00013,0,10.11,Humid,22.75,0,51,241128.26,SABD0000000001,AAV1.0.0.11,1.1.2.0,PSt7-10,191107-136,2/17/22 12:14,0000-00,0,no battery,V
4/18/22,12:24:38,9,default,199182947,OXY-CH9,35.034,min,258.027,µmol/L,Humid,18.088,deg,91794,µV,28.612,°C,1017,hPa,35.3,pmil,0,55.4,deg,20,°C,100,%a.s.,22.63,deg,20,°C,972,hPa,0.816,-0.01371,0.000397,-0.00013,0,10.11,Humid,22.75,0,51,241120.4,SABD0000000001,AAV1.0.0.11,1.1.2.0,PSt7-10,191107-136,2/17/22 12:14,0000-00,0,no battery,V
4/18/22,12:24:39,9,default,199182947,OXY-CH9,35.051,min,257.969,µmol/L,Humid,18.089,deg,91794,µV,28.617,°C,1017,hPa,35.3,pmil,0,55.4,deg,20,°C,100,%a.s.,22.63,deg,20,°C,972,hPa,0.816,-0.01371,0.000397,-0.00013,0,10.11,Humid,22.75,0,51,241134.78,SABD0000000001,AAV1.0.0.11,1.1.2.0,PSt7-10,191107-136,2/17/22 12:14,0000-00,0,no battery,V
4/18/22,12:24:40,9,default,199182947,OXY-CH9,35.068,min,257.953,µmol/L,Humid,18.089,deg,91812,µV,28.619,°C,1017,hPa,35.3,pmil,0,55.4,deg,20,°C,100,%a.s.,22.63,deg,20,°C,972,hPa,0.816,-0.01371,0.000397,-0.00013,0,10.11,Humid,22.75,0,51,241126.58,SABD0000000001,AAV1.0.0.11,1.1.2.0,PSt7-10,191107-136,2/17/22 12:14,0000-00,0,no battery,V
4/18/22,12:24:41,9,default,199182947,OXY-CH9,35.084,min,257.847,µmol/L,Humid,18.089,deg,91812,µV,28.632,°C,1017,hPa,35.3,pmil,0,55.4,deg,20,°C,100,%a.s.,22.63,deg,20,°C,972,hPa,0.816,-0.01371,0.000397,-0.00013,0,10.11,Humid,22.75,0,51,241119.22,SABD0000000001,AAV1.0.0.11,1.1.2.0,PSt7-10,191107-136,2/17/22 12:14,0000-00,0,no battery,V
4/18/22,12:24:42,9,default,199182947,OXY-CH9,35.101,min,257.717,µmol/L,Humid,18.094,deg,91812,µV,28.633,°C,1017,hPa,35.3,pmil,0,55.4,deg,20,°C,100,%a.s.,22.63,deg,20,°C,972,hPa,0.816,-0.01371,0.000397,-0.00013,0,10.11,Humid,22.75,0,51,241125.42,SABD0000000001,AAV1.0.0.11,1.1.2.0,PSt7-10,191107-136,2/17/22 12:14,0000-00,0,no battery,V
4/18/22,12:24:43,9,default,199182947,OXY-CH9,35.118,min,257.677,µmol/L,Humid,18.093,deg,91823,µV,28.641,°C,1017,hPa,35.3,pmil,0,55.4,deg,20,°C,100,%a.s.,22.63,deg,20,°C,972,hPa,0.816,-0.01371,0.000397,-0.00013,0,10.11,Humid,22.75,0,51,241117.24,SABD0000000001,AAV1.0.0.11,1.1.2.0,PSt7-10,191107-136,2/17/22 12:14,0000-00,0,no battery,V
4/18/22,12:24:44,9,default,199182947,OXY-CH9,35.135,min,257.826,µmol/L,Humid,18.093,deg,91817,µV,28.623,°C,1017,hPa,35.3,pmil,0,55.4,deg,20,°C,100,%a.s.,22.63,deg,20,°C,972,hPa,0.816,-0.01371,0.000397,-0.00013,0,10.11,Humid,22.75,0,51,241118.12,SABD0000000001,AAV1.0.0.11,1.1.2.0,PSt7-10,191107-136,2/17/22 12:14,0000-00,0,no battery,V
4/18/22,12:24:45,9,default,199182947,OXY-CH9,35.151,min,257.659,µmol/L,Humid,18.095,deg,91827,µV,28.638,°C,1017,hPa,35.3,pmil,0,55.4,deg,20,°C,100,%a.s.,22.63,deg,20,°C,972,hPa,0.816,-0.01371,0.000397,-0.00013,0,10.11,Humid,22.75,0,51,241120.73,SABD0000000001,AAV1.0.0.11,1.1.2.0,PSt7-10,191107-136,2/17/22 12:14,0000-00,0,no battery,V
4/18/22,12:24:46,9,default,199182947,OXY-CH9,35.167,min,257.645,µmol/L,Humid,18.097,deg,91828,µV,28.633,°C,1017,hPa,35.3,pmil,0,55.4,deg,20,°C,100,%a.s.,22.63,deg,20,°C,972,hPa,0.816,-0.01371,0.000397,-0.00013,0,10.11,Humid,22.75,0,51,241130.38,SABD0000000001,AAV1.0.0.11,1.1.2.0,PSt7-10,191107-136,2/17/22 12:14,0000-00,0,no battery,V
4/18/22,12:24:47,9,default,199182947,OXY-CH9,35.184,min,257.939,µmol/L,Humid,18.09,deg,91833,µV,28.617,°C,1017,hPa,35.3,pmil,0,55.4,deg,20,°C,100,%a.s.,22.63,deg,20,°C,972,hPa,0.816,-0.01371,0.000397,-0.00013,0,10.11,Humid,22.75,0,51,241115.19,SABD0000000001,AAV1.0.0.11,1.1.2.0,PSt7-10,191107-136,2/17/22 12:14,0000-00,0,no battery,V
4/18/22,12:24:48,9,default,199182947,OXY-CH9,35.201,min,257.846,µmol/L,Humid,18.091,deg,91839,µV,28.626,°C,1017,hPa,35.3,pmil,0,55.4,deg,20,°C,100,%a.s.,22.63,deg,20,°C,972,hPa,0.816,-0.01371,0.000397,-0.00013,0,10.11,Humid,22.75,0,51,241124.25,SABD0000000001,AAV1.0.0.11,1.1.2.0,PSt7-10,191107-136,2/17/22 12:14,0000-00,0,no battery,V
4/18/22,12:24:49,9,default,199182947,OXY-CH9,35.217,min,257.877,µmol/L,Humid,18.091,deg,91835,µV,28.622,°C,1017,hPa,35.3,pmil,0,55.4,deg,20,°C,100,%a.s.,22.63,deg,20,°C,972,hPa,0.816,-0.01371,0.000397,-0.00013,0,10.11,Humid,22.75,0,51,241121.03,SABD0000000001,AAV1.0.0.11,1.1.2.0,PSt7-10,191107-136,2/17/22 12:14,0000-00,0,no battery,V
4/18/22,12:24:50,9,default,199182947,OXY-CH9,35.234,min,257.655,µmol/L,Humid,18.099,deg,91840,µV,28.625,°C,1017,hPa,35.3,pmil,0,55.4,deg,20,°C,100,%a.s.,22.63,deg,20,°C,972,hPa,0.816,-0.01371,0.000397,-0.00013,0,10.11,Humid,22.75,0,51,241132.44,SABD0000000001,AAV1.0.0.11,1.1.2.0,PSt7-10,191107-136,2/17/22 12:14,0000-00,0,no battery,V
4/18/22,12:24:51,9,default,199182947,OXY-CH9,35.251,min,257.652,µmol/L,Humid,18.1,deg,91852,µV,28.623,°C,1017,hPa,35.3,pmil,0,55.4,deg,20,°C,100,%a.s.,22.63,deg,20,°C,972,hPa,0.816,-0.01371,0.000397,-0.00013,0,10.11,Humid,22.75,0,51,241131.45,SABD0000000001,AAV1.0.0.11,1.1.2.0,PSt7-10,191107-136,2/17/22 12:14,0000-00,0,no battery,V
4/18/22,12:24:52,9,default,199182947,OXY-CH9,35.268,min,257.577,µmol/L,Humid,18.1,deg,91852,µV,28.632,°C,1017,hPa,35.3,pmil,0,55.4,deg,20,°C,100,%a.s.,22.63,deg,20,°C,972,hPa,0.816,-0.01371,0.000397,-0.00013,0,10.11,Humid,22.75,0,51,241124.04,SABD0000000001,AAV1.0.0.11,1.1.2.0,PSt7-10,191107-136,2/17/22 12:14,0000-00,0,no battery,V
4/18/22,12:24:53,9,default,199182947,OXY-CH9,35.284,min,257.748,µmol/L,Humid,18.099,deg,91858,µV,28.614,°C,1017,hPa,35.3,pmil,0,55.4,deg,20,°C,100,%a.s.,22.63,deg,20,°C,972,hPa,0.816,-0.01371,0.000397,-0.00013,0,10.11,Humid,22.75,0,51,241111.24,SABD0000000001,AAV1.0.0.11,1.1.2.0,PSt7-10,191107-136,2/17/22 12:14,0000-00,0,no battery,V
4/18/22,12:24:54,9,default,199182947,OXY-CH9,35.301,min,257.687,µmol/L,Humid,18.1,deg,91862,µV,28.618,°C,1017,hPa,35.3,pmil,0,55.4,deg,20,°C,100,%a.s.,22.63,deg,20,°C,972,hPa,0.816,-0.01371,0.000397,-0.00013,0,10.11,Humid,22.75,0,51,241125.77,SABD0000000001,AAV1.0.0.11,1.1.2.0,PSt7-10,191107-136,2/17/22 12:14,0000-00,0,no battery,V
4/18/22,12:24:55,9,default,199182947,OXY-CH9,35.318,min,257.663,µmol/L,Humid,18.1,deg,91874,µV,28.621,°C,1017,hPa,35.3,pmil,0,55.4,deg,20,°C,100,%a.s.,22.63,deg,20,°C,972,hPa,0.816,-0.01371,0.000397,-0.00013,0,10.11,Humid,22.75,0,51,241118.96,SABD0000000001,AAV1.0.0.11,1.1.2.0,PSt7-10,191107-136,2/17/22 12:14,0000-00,0,no battery,V
4/18/22,12:24:56,9,default,199182947,OXY-CH9,35.335,min,257.487,µmol/L,Humid,18.104,deg,91871,µV,28.631,°C,1017,hPa,35.3,pmil,0,55.4,deg,20,°C,100,%a.s.,22.63,deg,20,°C,972,hPa,0.816,-0.01371,0.000397,-0.00013,0,10.11,Humid,22.75,0,51,241126.55,SABD0000000001,AAV1.0.0.11,1.1.2.0,PSt7-10,191107-136,2/17/22 12:14,0000-00,0,no battery,V
4/18/22,12:24:57,9,default,199182947,OXY-CH9,35.351,min,257.686,µmol/L,Humid,18.097,deg,91876,µV,28.628,°C,1017,hPa,35.3,pmil,0,55.4,deg,20,°C,100,%a.s.,22.63,deg,20,°C,972,hPa,0.816,-0.01371,0.000397,-0.00013,0,10.11,Humid,22.75,0,51,241124.18,SABD0000000001,AAV1.0.0.11,1.1.2.0,PSt7-10,191107-136,2/17/22 12:14,0000-00,0,no battery,V
4/18/22,12:24:58,9,default,199182947,OXY-CH9,35.367,min,257.631,µmol/L,Humid,18.101,deg,91885,µV,28.622,°C,1017,hPa,35.3,pmil,0,55.4,deg,20,°C,100,%a.s.,22.63,deg,20,°C,972,hPa,0.816,-0.01371,0.000397,-0.00013,0,10.11,Humid,22.75,0,51,241124.95,SABD0000000001,AAV1.0.0.11,1.1.2.0,PSt7-10,191107-136,2/17/22 12:14,0000-00,0,no battery,V
4/18/22,12:24:59,9,default,199182947,OXY-CH9,35.384,min,257.636,µmol/L,Humid,18.104,deg,91882,µV,28.612,°C,1017,hPa,35.3,pmil,0,55.4,deg,20,°C,100,%a.s.,22.63,deg,20,°C,972,hPa,0.816,-0.01371,0.000397,-0.00013,0,10.11,Humid,22.75,0,51,241128.25,SABD0000000001,AAV1.0.0.11,1.1.2.0,PSt7-10,191107-136,2/17/22 12:14,0000-00,0,no battery,V
4/18/22,12:25:00,9,default,199182947,OXY-CH9,35.4,min,257.564,µmol/L,Humid,18.103,deg,91883,µV,28.625,°C,1017,hPa,35.3,pmil,0,55.4,deg,20,°C,100,%a.s.,22.63,deg,20,°C,972,hPa,0.816,-0.01371,0.000397,-0.00013,0,10.11,Humid,22.75,0,51,241123.09,SABD0000000001,AAV1.0.0.11,1.1.2.0,PSt7-10,191107-136,2/17/22 12:14,0000-00,0,no battery,V
4/18/22,12:25:01,9,default,199182947,OXY-CH9,35.417,min,257.441,µmol/L,Humid,18.107,deg,91895,µV,28.628,°C,1017,hPa,35.3,pmil,0,55.4,deg,20,°C,100,%a.s.,22.63,deg,20,°C,972,hPa,0.816,-0.01371,0.000397,-0.00013,0,10.11,Humid,22.75,0,51,241121.29,SABD0000000001,AAV1.0.0.11,1.1.2.0,PSt7-10,191107-136,2/17/22 12:14,0000-00,0,no battery,V
4/18/22,12:25:02,9,default,199182947,OXY-CH9,35.434,min,257.41,µmol/L,Humid,18.11,deg,91897,µV,28.622,°C,1017,hPa,35.3,pmil,0,55.4,deg,20,°C,100,%a.s.,22.63,deg,20,°C,972,hPa,0.816,-0.01371,0.000397,-0.00013,0,10.11,Humid,22.75,0,51,241131.12,SABD0000000001,AAV1.0.0.11,1.1.2.0,PSt7-10,191107-136,2/17/22 12:14,0000-00,0,no battery,V
4/18/22,12:25:03,9,default,199182947,OXY-CH9,35.451,min,257.409,µmol/L,Humid,18.108,deg,91899,µV,28.629,°C,1017,hPa,35.3,pmil,0,55.4,deg,20,°C,100,%a.s.,22.63,deg,20,°C,972,hPa,0.816,-0.01371,0.000397,-0.00013,0,10.11,Humid,22.75,0,51,241119.22,SABD0000000001,AAV1.0.0.11,1.1.2.0,PSt7-10,191107-136,2/17/22 12:14,0000-00,0,no battery,V
4/18/22,12:25:04,9,default,199182947,OXY-CH9,35.467,min,257.46,µmol/L,Humid,18.108,deg,91901,µV,28.622,°C,1017,hPa,35.3,pmil,0,55.4,deg,20,°C,100,%a.s.,22.63,deg,20,°C,972,hPa,0.816,-0.01371,0.000397,-0.00013,0,10.11,Humid,22.75,0,51,241102.92,SABD0000000001,AAV1.0.0.11,1.1.2.0,PSt7-10,191107-136,2/17/22 12:14,0000-00,0,no battery,V
4/18/22,12:25:05,9,default,199182947,OXY-CH9,35.484,min,257.389,µmol/L,Humid,18.11,deg,91905,µV,28.625,°C,1017,hPa,35.3,pmil,0,55.4,deg,20,°C,100,%a.s.,22.63,deg,20,°C,972,hPa,0.816,-0.01371,0.000397,-0.00013,0,10.11,Humid,22.75,0,51,241118.57,SABD0000000001,AAV1.0.0.11,1.1.2.0,PSt7-10,191107-136,2/17/22 12:14,0000-00,0,no battery,V
4/18/22,12:25:06,9,default,199182947,OXY-CH9,35.5,min,257.366,µmol/L,Humid,18.11,deg,91909,µV,28.628,°C,1017,hPa,35.3,pmil,0,55.4,deg,20,°C,100,%a.s.,22.63,deg,20,°C,972,hPa,0.816,-0.01371,0.000397,-0.00013,0,10.11,Humid,22.75,0,51,241113.06,SABD0000000001,AAV1.0.0.11,1.1.2.0,PSt7-10,191107-136,2/17/22 12:14,0000-00,0,no battery,V
4/18/22,12:25:07,9,default,199182947,OXY-CH9,35.517,min,257.375,µmol/L,Humid,18.113,deg,91918,µV,28.617,°C,1017,hPa,35.3,pmil,0,55.4,deg,20,°C,100,%a.s.,22.63,deg,20,°C,972,hPa,0.816,-0.01371,0.000397,-0.00013,0,10.11,Humid,22.75,0,51,241115.23,SABD0000000001,AAV1.0.0.11,1.1.2.0,PSt7-10,191107-136,2/17/22 12:14,0000-00,0,no battery,V
4/18/22,12:25:08,9,default,199182947,OXY-CH9,35.534,min,257.402,µmol/L,Humid,18.111,deg,91919,µV,28.62,°C,1017,hPa,35.3,pmil,0,55.4,deg,20,°C,100,%a.s.,22.63,deg,20,°C,972,hPa,0.816,-0.01371,0.000397,-0.00013,0,10.11,Humid,22.75,0,51,241115.83,SABD0000000001,AAV1.0.0.11,1.1.2.0,PSt7-10,191107-136,2/17/22 12:14,0000-00,0,no battery,V
4/18/22,12:25:09,9,default,199182947,OXY-CH9,35.551,min,257.374,µmol/L,Humid,18.111,deg,91919,µV,28.624,°C,1017,hPa,35.3,pmil,0,55.4,deg,20,°C,100,%a.s.,22.63,deg,20,°C,972,hPa,0.816,-0.01371,0.000397,-0.00013,0,10.11,Humid,22.75,0,51,241117.2,SABD0000000001,AAV1.0.0.11,1.1.2.0,PSt7-10,191107-136,2/17/22 12:14,0000-00,0,no battery,V
4/18/22,12:25:10,9,default,199182947,OXY-CH9,35.568,min,257.253,µmol/L,Humid,18.116,deg,91925,µV,28.624,°C,1017,hPa,35.3,pmil,0,55.4,deg,20,°C,100,%a.s.,22.63,deg,20,°C,972,hPa,0.816,-0.01371,0.000397,-0.00013,0,10.11,Humid,22.75,0,51,241113.3,SABD0000000001,AAV1.0.0.11,1.1.2.0,PSt7-10,191107-136,2/17/22 12:14,0000-00,0,no battery,V
4/18/22,12:25:11,9,default,199182947,OXY-CH9,35.584,min,257.295,µmol/L,Humid,18.115,deg,91927,µV,28.621,°C,1017,hPa,35.3,pmil,0,55.4,deg,20,°C,100,%a.s.,22.63,deg,20,°C,972,hPa,0.816,-0.01371,0.000397,-0.00013,0,10.11,Humid,22.75,0,51,241116.07,SABD0000000001,AAV1.0.0.11,1.1.2.0,PSt7-10,191107-136,2/17/22 12:14,0000-00,0,no battery,V
4/18/22,12:25:12,9,default,199182947,OXY-CH9,35.601,min,257.247,µmol/L,Humid,18.116,deg,91926,µV,28.624,°C,1017,hPa,35.3,pmil,0,55.4,deg,20,°C,100,%a.s.,22.63,deg,20,°C,972,hPa,0.816,-0.01371,0.000397,-0.00013,0,10.11,Humid,22.75,0,51,241114.86,SABD0000000001,AAV1.0.0.11,1.1.2.0,PSt7-10,191107-136,2/17/22 12:14,0000-00,0,no battery,V
4/18/22,12:25:13,9,default,199182947,OXY-CH9,35.618,min,257.201,µmol/L,Humid,18.117,deg,91940,µV,28.627,°C,1017,hPa,35.3,pmil,0,55.4,deg,20,°C,100,%a.s.,22.63,deg,20,°C,972,hPa,0.816,-0.01371,0.000397,-0.00013,0,10.11,Humid,22.75,0,51,241116.06,SABD0000000001,AAV1.0.0.11,1.1.2.0,PSt7-10,191107-136,2/17/22 12:14,0000-00,0,no battery,V
4/18/22,12:25:14,9,default,199182947,OXY-CH9,35.634,min,257.362,µmol/L,Humid,18.113,deg,91938,µV,28.619,°C,1017,hPa,35.3,pmil,0,55.4,deg,20,°C,100,%a.s.,22.63,deg,20,°C,972,hPa,0.816,-0.01371,0.000397,-0.00013,0,10.11,Humid,22.75,0,51,241118.27,SABD0000000001,AAV1.0.0.11,1.1.2.0,PSt7-10,191107-136,2/17/22 12:14,0000-00,0,no battery,V
4/18/22,12:25:15,9,default,199182947,OXY-CH9,35.65,min,257.307,µmol/L,Humid,18.115,deg,91945,µV,28.62,°C,1017,hPa,35.3,pmil,0,55.4,deg,20,°C,100,%a.s.,22.63,deg,20,°C,972,hPa,0.816,-0.01371,0.000397,-0.00013,0,10.11,Humid,22.75,0,51,241118.13,SABD0000000001,AAV1.0.0.11,1.1.2.0,PSt7-10,191107-136,2/17/22 12:14,0000-00,0,no battery,V
4/18/22,12:25:16,9,default,199182947,OXY-CH9,35.667,min,257.264,µmol/L,Humid,18.117,deg,91951,µV,28.619,°C,1017,hPa,35.3,pmil,0,55.4,deg,20,°C,100,%a.s.,22.63,deg,20,°C,972,hPa,0.816,-0.01371,0.000397,-0.00013,0,10.11,Humid,22.75,0,51,241124.97,SABD0000000001,AAV1.0.0.11,1.1.2.0,PSt7-10,191107-136,2/17/22 12:14,0000-00,0,no battery,V
4/18/22,12:25:17,9,default,199182947,OXY-CH9,35.684,min,257.41,µmol/L,Humid,18.115,deg,91953,µV,28.607,°C,1017,hPa,35.3,pmil,0,55.4,deg,20,°C,100,%a.s.,22.63,deg,20,°C,972,hPa,0.816,-0.01371,0.000397,-0.00013,0,10.11,Humid,22.75,0,51,241119.47,SABD0000000001,AAV1.0.0.11,1.1.2.0,PSt7-10,191107-136,2/17/22 12:14,0000-00,0,no battery,V
4/18/22,12:25:18,9,default,199182947,OXY-CH9,35.701,min,257.264,µmol/L,Humid,18.12,deg,91959,µV,28.61,°C,1017,hPa,35.3,pmil,0,55.4,deg,20,°C,100,%a.s.,22.63,deg,20,°C,972,hPa,0.816,-0.01371,0.000397,-0.00013,0,10.11,Humid,22.75,0,51,241116.37,SABD0000000001,AAV1.0.0.11,1.1.2.0,PSt7-10,191107-136,2/17/22 12:14,0000-00,0,no battery,V
4/18/22,12:25:19,9,default,199182947,OXY-CH9,35.717,min,257.135,µmol/L,Humid,18.119,deg,91964,µV,28.629,°C,1017,hPa,35.3,pmil,0,55.4,deg,20,°C,100,%a.s.,22.63,deg,20,°C,972,hPa,0.816,-0.01371,0.000397,-0.00013,0,10.11,Humid,22.75,0,51,241116.12,SABD0000000001,AAV1.0.0.11,1.1.2.0,PSt7-10,191107-136,2/17/22 12:14,0000-00,0,no battery,V
4/18/22,12:25:20,9,default,199182947,OXY-CH9,35.734,min,257.185,µmol/L,Humid,18.117,deg,91967,µV,28.629,°C,1017,hPa,35.3,pmil,0,55.4,deg,20,°C,100,%a.s.,22.63,deg,20,°C,972,hPa,0.816,-0.01371,0.000397,-0.00013,0,10.11,Humid,22.75,0,51,241109.76,SABD0000000001,AAV1.0.0.11,1.1.2.0,PSt7-10,191107-136,2/17/22 12:14,0000-00,0,no battery,V
4/18/22,12:25:21,9,default,199182947,OXY-CH9,35.751,min,257.054,µmol/L,Humid,18.122,deg,91960,µV,28.63,°C,1017,hPa,35.3,pmil,0,55.4,deg,20,°C,100,%a.s.,22.63,deg,20,°C,972,hPa,0.816,-0.01371,0.000397,-0.00013,0,10.11,Humid,22.75,0,51,241114.1,SABD0000000001,AAV1.0.0.11,1.1.2.0,PSt7-10,191107-136,2/17/22 12:14,0000-00,0,no battery,V
4/18/22,12:25:22,9,default,199182947,OXY-CH9,35.768,min,257.233,µmol/L,Humid,18.119,deg,91968,µV,28.617,°C,1017,hPa,35.3,pmil,0,55.4,deg,20,°C,100,%a.s.,22.63,deg,20,°C,972,hPa,0.816,-0.01371,0.000397,-0.00013,0,10.11,Humid,22.75,0,51,241107.23,SABD0000000001,AAV1.0.0.11,1.1.2.0,PSt7-10,191107-136,2/17/22 12:14,0000-00,0,no battery,V
4/18/22,12:25:23,9,default,199182947,OXY-CH9,35.784,min,257.047,µmol/L,Humid,18.124,deg,91975,µV,28.625,°C,1017,hPa,35.3,pmil,0,55.4,deg,20,°C,100,%a.s.,22.63,deg,20,°C,972,hPa,0.816,-0.01371,0.000397,-0.00013,0,10.11,Humid,22.75,0,51,241103.59,SABD0000000001,AAV1.0.0.11,1.1.2.0,PSt7-10,191107-136,2/17/22 12:14,0000-00,0,no battery,V
4/18/22,12:25:24,9,default,199182947,OXY-CH9,35.801,min,257.214,µmol/L,Humid,18.119,deg,91979,µV,28.619,°C,1017,hPa,35.3,pmil,0,55.4,deg,20,°C,100,%a.s.,22.63,deg,20,°C,972,hPa,0.816,-0.01371,0.000397,-0.00013,0,10.11,Humid,22.75,0,51,241114.43,SABD0000000001,AAV1.0.0.11,1.1.2.0,PSt7-10,191107-136,2/17/22 12:14,0000-00,0,no battery,V
4/18/22,12:25:25,9,default,199182947,OXY-CH9,35.818,min,257.104,µmol/L,Humid,18.126,deg,91985,µV,28.611,°C,1017,hPa,35.3,pmil,0,55.4,deg,20,°C,100,%a.s.,22.63,deg,20,°C,972,hPa,0.816,-0.01371,0.000397,-0.00013,0,10.11,Humid,22.75,0,51,241108.8,SABD0000000001,AAV1.0.0.11,1.1.2.0,PSt7-10,191107-136,2/17/22 12:14,0000-00,0,no battery,V
4/18/22,12:25:26,9,default,199182947,OXY-CH9,35.834,min,257.032,µmol/L,Humid,18.125,deg,91985,µV,28.624,°C,1017,hPa,35.3,pmil,0,55.4,deg,20,°C,100,%a.s.,22.63,deg,20,°C,972,hPa,0.816,-0.01371,0.000397,-0.00013,0,10.11,Humid,22.75,0,51,241103.46,SABD0000000001,AAV1.0.0.11,1.1.2.0,PSt7-10,191107-136,2/17/22 12:14,0000-00,0,no battery,V
4/18/22,12:25:27,9,default,199182947,OXY-CH9,35.851,min,256.971,µmol/L,Humid,18.126,deg,91995,µV,28.628,°C,1017,hPa,35.3,pmil,0,55.4,deg,20,°C,100,%a.s.,22.63,deg,20,°C,972,hPa,0.816,-0.01371,0.000397,-0.00013,0,10.11,Humid,22.75,0,51,241106.24,SABD0000000001,AAV1.0.0.11,1.1.2.0,PSt7-10,191107-136,2/17/22 12:14,0000-00,0,no battery,V
4/18/22,12:25:28,9,default,199182947,OXY-CH9,35.867,min,257.122,µmol/L,Humid,18.125,deg,91999,µV,28.612,°C,1017,hPa,35.3,pmil,0,55.4,deg,20,°C,100,%a.s.,22.63,deg,20,°C,972,hPa,0.816,-0.01371,0.000397,-0.00013,0,10.11,Humid,22.75,0,51,241097,SABD0000000001,AAV1.0.0.11,1.1.2.0,PSt7-10,191107-136,2/17/22 12:14,0000-00,0,no battery,V
4/18/22,12:25:29,9,default,199182947,OXY-CH9,35.884,min,256.956,µmol/L,Humid,18.128,deg,92005,µV,28.624,°C,1017,hPa,35.3,pmil,0,55.4,deg,20,°C,100,%a.s.,22.63,deg,20,°C,972,hPa,0.816,-0.01371,0.000397,-0.00013,0,10.11,Humid,22.75,0,51,241108.1,SABD0000000001,AAV1.0.0.11,1.1.2.0,PSt7-10,191107-136,2/17/22 12:14,0000-00,0,no battery,V
4/18/22,12:25:30,9,default,199182947,OXY-CH9,35.901,min,256.997,µmol/L,Humid,18.127,deg,92005,µV,28.622,°C,1017,hPa,35.3,pmil,0,55.4,deg,20,°C,100,%a.s.,22.63,deg,20,°C,972,hPa,0.816,-0.01371,0.000397,-0.00013,0,10.11,Humid,22.75,0,51,241108.27,SABD0000000001,AAV1.0.0.11,1.1.2.0,PSt7-10,191107-136,2/17/22 12:14,0000-00,0,no battery,V
4/18/22,12:25:31,9,default,199182947,OXY-CH9,35.918,min,256.906,µmol/L,Humid,18.133,deg,92016,µV,28.615,°C,1017,hPa,35.3,pmil,0,55.4,deg,20,°C,100,%a.s.,22.63,deg,20,°C,972,hPa,0.816,-0.01371,0.000397,-0.00013,0,10.11,Humid,22.75,0,51,241108.09,SABD0000000001,AAV1.0.0.11,1.1.2.0,PSt7-10,191107-136,2/17/22 12:14,0000-00,0,no battery,V
4/18/22,12:25:32,9,default,199182947,OXY-CH9,35.934,min,256.91,µmol/L,Humid,18.133,deg,92017,µV,28.614,°C,1017,hPa,35.3,pmil,0,55.4,deg,20,°C,100,%a.s.,22.63,deg,20,°C,972,hPa,0.816,-0.01371,0.000397,-0.00013,0,10.11,Humid,22.75,0,51,241104.57,SABD0000000001,AAV1.0.0.11,1.1.2.0,PSt7-10,191107-136,2/17/22 12:14,0000-00,0,no battery,V
4/18/22,12:25:33,9,default,199182947,OXY-CH9,35.951,min,256.951,µmol/L,Humid,18.132,deg,92013,µV,28.612,°C,1017,hPa,35.3,pmil,0,55.4,deg,20,°C,100,%a.s.,22.63,deg,20,°C,972,hPa,0.816,-0.01371,0.000397,-0.00013,0,10.11,Humid,22.75,0,51,241109.69,SABD0000000001,AAV1.0.0.11,1.1.2.0,PSt7-10,191107-136,2/17/22 12:14,0000-00,0,no battery,V
4/18/22,12:25:34,9,default,199182947,OXY-CH9,35.968,min,256.927,µmol/L,Humid,18.133,deg,92027,µV,28.612,°C,1017,hPa,35.3,pmil,0,55.4,deg,20,°C,100,%a.s.,22.63,deg,20,°C,972,hPa,0.816,-0.01371,0.000397,-0.00013,0,10.11,Humid,22.75,0,51,241102.46,SABD0000000001,AAV1.0.0.11,1.1.2.0,PSt7-10,191107-136,2/17/22 12:14,0000-00,0,no battery,V
4/18/22,12:25:35,9,default,199182947,OXY-CH9,35.984,min,256.978,µmol/L,Humid,18.132,deg,92026,µV,28.609,°C,1017,hPa,35.3,pmil,0,55.4,deg,20,°C,100,%a.s.,22.63,deg,20,°C,972,hPa,0.816,-0.01371,0.000397,-0.00013,0,10.11,Humid,22.75,0,51,241105.43,SABD0000000001,AAV1.0.0.11,1.1.2.0,PSt7-10,191107-136,2/17/22 12:14,0000-00,0,no battery,V
4/18/22,12:25:36,9,default,199182947,OXY-CH9,36,min,256.995,µmol/L,Humid,18.131,deg,92036,µV,28.61,°C,1017,hPa,35.3,pmil,0,55.4,deg,20,°C,100,%a.s.,22.63,deg,20,°C,972,hPa,0.816,-0.01371,0.000397,-0.00013,0,10.11,Humid,22.75,0,51,241104.66,SABD0000000001,AAV1.0.0.11,1.1.2.0,PSt7-10,191107-136,2/17/22 12:14,0000-00,0,no battery,V
4/18/22,12:25:37,9,default,199182947,OXY-CH9,36.017,min,256.984,µmol/L,Humid,18.132,deg,92032,µV,28.608,°C,1017,hPa,35.3,pmil,0,55.4,deg,20,°C,100,%a.s.,22.63,deg,20,°C,972,hPa,0.816,-0.01371,0.000397,-0.00013,0,10.11,Humid,22.75,0,51,241109.09,SABD0000000001,AAV1.0.0.11,1.1.2.0,PSt7-10,191107-136,2/17/22 12:14,0000-00,0,no battery,V
4/18/22,12:25:38,9,default,199182947,OXY-CH9,36.034,min,256.894,µmol/L,Humid,18.137,deg,92039,µV,28.604,°C,1017,hPa,35.3,pmil,0,55.4,deg,20,°C,100,%a.s.,22.63,deg,20,°C,972,hPa,0.816,-0.01371,0.000397,-0.00013,0,10.11,Humid,22.75,0,51,241106.25,SABD0000000001,AAV1.0.0.11,1.1.2.0,PSt7-10,191107-136,2/17/22 12:14,0000-00,0,no battery,V
4/18/22,12:25:39,9,default,199182947,OXY-CH9,36.05,min,256.734,µmol/L,Humid,18.138,deg,92051,µV,28.621,°C,1017,hPa,35.3,pmil,0,55.4,deg,20,°C,100,%a.s.,22.63,deg,20,°C,972,hPa,0.816,-0.01371,0.000397,-0.00013,0,10.11,Humid,22.75,0,51,241120.08,SABD0000000001,AAV1.0.0.11,1.1.2.0,PSt7-10,191107-136,2/17/22 12:14,0000-00,0,no battery,V
4/18/22,12:25:40,9,default,199182947,OXY-CH9,36.067,min,256.654,µmol/L,Humid,18.138,deg,92052,µV,28.631,°C,1017,hPa,35.3,pmil,0,55.4,deg,20,°C,100,%a.s.,22.63,deg,20,°C,972,hPa,0.816,-0.01371,0.000397,-0.00013,0,10.11,Humid,22.75,0,51,241107.86,SABD0000000001,AAV1.0.0.11,1.1.2.0,PSt7-10,191107-136,2/17/22 12:14,0000-00,0,no battery,V
4/18/22,12:25:41,9,default,199182947,OXY-CH9,36.084,min,256.639,µmol/L,Humid,18.14,deg,92052,µV,28.627,°C,1017,hPa,35.3,pmil,0,55.4,deg,20,°C,100,%a.s.,22.63,deg,20,°C,972,hPa,0.816,-0.01371,0.000397,-0.00013,0,10.11,Humid,22.75,0,51,241105.86,SABD0000000001,AAV1.0.0.11,1.1.2.0,PSt7-10,191107-136,2/17/22 12:14,0000-00,0,no battery,V
4/18/22,12:25:42,9,default,199182947,OXY-CH9,36.101,min,256.669,µmol/L,Humid,18.142,deg,92056,µV,28.617,°C,1017,hPa,35.3,pmil,0,55.4,deg,20,°C,100,%a.s.,22.63,deg,20,°C,972,hPa,0.816,-0.01371,0.000397,-0.00013,0,10.11,Humid,22.75,0,51,241115.66,SABD0000000001,AAV1.0.0.11,1.1.2.0,PSt7-10,191107-136,2/17/22 12:14,0000-00,0,no battery,V
4/18/22,12:25:43,9,default,199182947,OXY-CH9,36.117,min,256.757,µmol/L,Humid,18.14,deg,92064,µV,28.612,°C,1017,hPa,35.3,pmil,0,55.4,deg,20,°C,100,%a.s.,22.63,deg,20,°C,972,hPa,0.816,-0.01371,0.000397,-0.00013,0,10.11,Humid,22.75,0,51,241102.68,SABD0000000001,AAV1.0.0.11,1.1.2.0,PSt7-10,191107-136,2/17/22 12:14,0000-00,0,no battery,V
4/18/22,12:25:44,9,default,199182947,OXY-CH9,36.134,min,256.677,µmol/L,Humid,18.14,deg,92070,µV,28.622,°C,1017,hPa,35.3,pmil,0,55.4,deg,20,°C,100,%a.s.,22.63,deg,20,°C,972,hPa,0.816,-0.01371,0.000397,-0.00013,0,10.11,Humid,22.75,0,51,241107.19,SABD0000000001,AAV1.0.0.11,1.1.2.0,PSt7-10,191107-136,2/17/22 12:14,0000-00,0,no battery,V
4/18/22,12:25:45,9,default,199182947,OXY-CH9,36.151,min,256.764,µmol/L,Humid,18.136,deg,92070,µV,28.624,°C,1017,hPa,35.3,pmil,0,55.4,deg,20,°C,100,%a.s.,22.63,deg,20,°C,972,hPa,0.816,-0.01371,0.000397,-0.00013,0,10.11,Humid,22.75,0,51,241114.69,SABD0000000001,AAV1.0.0.11,1.1.2.0,PSt7-10,191107-136,2/17/22 12:14,0000-00,0,no battery,V
4/18/22,12:25:46,9,default,199182947,OXY-CH9,36.168,min,256.695,µmol/L,Humid,18.139,deg,92075,µV,28.623,°C,1017,hPa,35.3,pmil,0,55.4,deg,20,°C,100,%a.s.,22.63,deg,20,°C,972,hPa,0.816,-0.01371,0.000397,-0.00013,0,10.11,Humid,22.75,0,51,241102.08,SABD0000000001,AAV1.0.0.11,1.1.2.0,PSt7-10,191107-136,2/17/22 12:14,0000-00,0,no battery,V
4/18/22,12:25:47,9,default,199182947,OXY-CH9,36.184,min,256.592,µmol/L,Humid,18.145,deg,92078,µV,28.617,°C,1017,hPa,35.3,pmil,0,55.4,deg,20,°C,100,%a.s.,22.63,deg,20,°C,972,hPa,0.816,-0.01371,0.000397,-0.00013,0,10.11,Humid,22.75,0,51,241101.71,SABD0000000001,AAV1.0.0.11,1.1.2.0,PSt7-10,191107-136,2/17/22 12:14,0000-00,0,no battery,V
4/18/22,12:25:48,9,default,199182947,OXY-CH9,36.201,min,256.663,µmol/L,Humid,18.142,deg,92086,µV,28.618,°C,1017,hPa,35.3,pmil,0,55.4,deg,20,°C,100,%a.s.,22.63,deg,20,°C,972,hPa,0.816,-0.01371,0.000397,-0.00013,0,10.11,Humid,22.75,0,51,241091.6,SABD0000000001,AAV1.0.0.11,1.1.2.0,PSt7-10,191107-136,2/17/22 12:14,0000-00,0,no battery,V
4/18/22,12:25:49,9,default,199182947,OXY-CH9,36.217,min,256.56,µmol/L,Humid,18.145,deg,92091,µV,28.621,°C,1017,hPa,35.3,pmil,0,55.4,deg,20,°C,100,%a.s.,22.63,deg,20,°C,972,hPa,0.816,-0.01371,0.000397,-0.00013,0,10.11,Humid,22.75,0,51,241105.23,SABD0000000001,AAV1.0.0.11,1.1.2.0,PSt7-10,191107-136,2/17/22 12:14,0000-00,0,no battery,V
4/18/22,12:25:50,9,default,199182947,OXY-CH9,36.234,min,256.523,µmol/L,Humid,18.145,deg,92091,µV,28.626,°C,1017,hPa,35.3,pmil,0,55.4,deg,20,°C,100,%a.s.,22.63,deg,20,°C,972,hPa,0.816,-0.01371,0.000397,-0.00013,0,10.11,Humid,22.75,0,51,241104.77,SABD0000000001,AAV1.0.0.11,1.1.2.0,PSt7-10,191107-136,2/17/22 12:14,0000-00,0,no battery,V
4/18/22,12:25:51,9,default,199182947,OXY-CH9,36.251,min,256.608,µmol/L,Humid,18.147,deg,92089,µV,28.609,°C,1017,hPa,35.3,pmil,0,55.4,deg,20,°C,100,%a.s.,22.63,deg,20,°C,972,hPa,0.816,-0.01371,0.000397,-0.00013,0,10.11,Humid,22.75,0,51,241106.93,SABD0000000001,AAV1.0.0.11,1.1.2.0,PSt7-10,191107-136,2/17/22 12:14,0000-00,0,no battery,V
4/18/22,12:25:52,9,default,199182947,OXY-CH9,36.268,min,256.514,µmol/L,Humid,18.149,deg,92102,µV,28.615,°C,1017,hPa,35.3,pmil,0,55.4,deg,20,°C,100,%a.s.,22.63,deg,20,°C,972,hPa,0.816,-0.01371,0.000397,-0.00013,0,10.11,Humid,22.75,0,51,241108.8,SABD0000000001,AAV1.0.0.11,1.1.2.0,PSt7-10,191107-136,2/17/22 12:14,0000-00,0,no battery,V
4/18/22,12:25:53,9,default,199182947,OXY-CH9,36.284,min,256.545,µmol/L,Humid,18.148,deg,92111,µV,28.614,°C,1017,hPa,35.3,pmil,0,55.4,deg,20,°C,100,%a.s.,22.63,deg,20,°C,972,hPa,0.816,-0.01371,0.000397,-0.00013,0,10.11,Humid,22.75,0,51,241103.16,SABD0000000001,AAV1.0.0.11,1.1.2.0,PSt7-10,191107-136,2/17/22 12:14,0000-00,0,no battery,V
4/18/22,12:25:54,9,default,199182947,OXY-CH9,36.301,min,256.568,µmol/L,Humid,18.15,deg,92112,µV,28.605,°C,1017,hPa,35.3,pmil,0,55.4,deg,20,°C,100,%a.s.,22.63,deg,20,°C,972,hPa,0.816,-0.01371,0.000397,-0.00013,0,10.11,Humid,22.75,0,51,241111.35,SABD0000000001,AAV1.0.0.11,1.1.2.0,PSt7-10,191107-136,2/17/22 12:14,0000-00,0,no battery,V
4/18/22,12:25:55,9,default,199182947,OXY-CH9,36.317,min,256.685,µmol/L,Humid,18.145,deg,92112,µV,28.605,°C,1017,hPa,35.3,pmil,0,55.4,deg,20,°C,100,%a.s.,22.63,deg,20,°C,972,hPa,0.816,-0.01371,0.000397,-0.00013,0,10.11,Humid,22.75,0,51,241108.14,SABD0000000001,AAV1.0.0.11,1.1.2.0,PSt7-10,191107-136,2/17/22 12:14,0000-00,0,no battery,V
4/18/22,12:25:56,9,default,199182947,OXY-CH9,36.334,min,256.584,µmol/L,Humid,18.15,deg,92110,µV,28.603,°C,1017,hPa,35.3,pmil,0,55.4,deg,20,°C,100,%a.s.,22.63,deg,20,°C,972,hPa,0.816,-0.01371,0.000397,-0.00013,0,10.11,Humid,22.75,0,51,241089.88,SABD0000000001,AAV1.0.0.11,1.1.2.0,PSt7-10,191107-136,2/17/22 12:14,0000-00,0,no battery,V
4/18/22,12:25:57,9,default,199182947,OXY-CH9,36.351,min,256.481,µmol/L,Humid,18.149,deg,92122,µV,28.619,°C,1017,hPa,35.3,pmil,0,55.4,deg,20,°C,100,%a.s.,22.63,deg,20,°C,972,hPa,0.816,-0.01371,0.000397,-0.00013,0,10.11,Humid,22.75,0,51,241106.12,SABD0000000001,AAV1.0.0.11,1.1.2.0,PSt7-10,191107-136,2/17/22 12:14,0000-00,0,no battery,V
4/18/22,12:25:58,9,default,199182947,OXY-CH9,36.367,min,256.333,µmol/L,Humid,18.15,deg,92118,µV,28.635,°C,1017,hPa,35.3,pmil,0,55.4,deg,20,°C,100,%a.s.,22.63,deg,20,°C,972,hPa,0.816,-0.01371,0.000397,-0.00013,0,10.11,Humid,22.75,0,51,241097.43,SABD0000000001,AAV1.0.0.11,1.1.2.0,PSt7-10,191107-136,2/17/22 12:14,0000-00,0,no battery,V
4/18/22,12:25:59,9,default,199182947,OXY-CH9,36.384,min,256.305,µmol/L,Humid,18.154,deg,92127,µV,28.626,°C,1017,hPa,35.3,pmil,0,55.4,deg,20,°C,100,%a.s.,22.63,deg,20,°C,972,hPa,0.816,-0.01371,0.000397,-0.00013,0,10.11,Humid,22.75,0,51,241109.84,SABD0000000001,AAV1.0.0.11,1.1.2.0,PSt7-10,191107-136,2/17/22 12:14,0000-00,0,no battery,V
4/18/22,12:26:00,9,default,199182947,OXY-CH9,36.401,min,256.39,µmol/L,Humid,18.153,deg,92133,µV,28.618,°C,1017,hPa,35.3,pmil,0,55.4,deg,20,°C,100,%a.s.,22.63,deg,20,°C,972,hPa,0.816,-0.01371,0.000397,-0.00013,0,10.11,Humid,22.75,0,51,241097.93,SABD0000000001,AAV1.0.0.11,1.1.2.0,PSt7-10,191107-136,2/17/22 12:14,0000-00,0,no battery,V
4/18/22,12:26:01,9,default,199182947,OXY-CH9,36.418,min,256.297,µmol/L,Humid,18.159,deg,92135,µV,28.611,°C,1017,hPa,35.3,pmil,0,55.4,deg,20,°C,100,%a.s.,22.63,deg,20,°C,972,hPa,0.816,-0.01371,0.000397,-0.00013,0,10.11,Humid,22.75,0,51,241107.58,SABD0000000001,AAV1.0.0.11,1.1.2.0,PSt7-10,191107-136,2/17/22 12:14,0000-00,0,no battery,V
4/18/22,12:26:02,9,default,199182947,OXY-CH9,36.434,min,256.427,µmol/L,Humid,18.154,deg,92140,µV,28.61,°C,1017,hPa,35.3,pmil,0,55.4,deg,20,°C,100,%a.s.,22.63,deg,20,°C,972,hPa,0.816,-0.01371,0.000397,-0.00013,0,10.11,Humid,22.75,0,51,241099.09,SABD0000000001,AAV1.0.0.11,1.1.2.0,PSt7-10,191107-136,2/17/22 12:14,0000-00,0,no battery,V
4/18/22,12:26:03,9,default,199182947,OXY-CH9,36.451,min,256.401,µmol/L,Humid,18.152,deg,92150,µV,28.62,°C,1017,hPa,35.3,pmil,0,55.4,deg,20,°C,100,%a.s.,22.63,deg,20,°C,972,hPa,0.816,-0.01371,0.000397,-0.00013,0,10.11,Humid,22.75,0,51,241088.74,SABD0000000001,AAV1.0.0.11,1.1.2.0,PSt7-10,191107-136,2/17/22 12:14,0000-00,0,no battery,V
4/18/22,12:26:04,9,default,199182947,OXY-CH9,36.468,min,256.333,µmol/L,Humid,18.158,deg,92148,µV,28.61,°C,1017,hPa,35.3,pmil,0,55.4,deg,20,°C,100,%a.s.,22.63,deg,20,°C,972,hPa,0.816,-0.01371,0.000397,-0.00013,0,10.11,Humid,22.75,0,51,241089.84,SABD0000000001,AAV1.0.0.11,1.1.2.0,PSt7-10,191107-136,2/17/22 12:14,0000-00,0,no battery,V
4/18/22,12:26:05,9,default,199182947,OXY-CH9,36.484,min,256.414,µmol/L,Humid,18.155,deg,92147,µV,28.609,°C,1017,hPa,35.3,pmil,0,55.4,deg,20,°C,100,%a.s.,22.63,deg,20,°C,972,hPa,0.816,-0.01371,0.000397,-0.00013,0,10.11,Humid,22.75,0,51,241101.59,SABD0000000001,AAV1.0.0.11,1.1.2.0,PSt7-10,191107-136,2/17/22 12:14,0000-00,0,no battery,V
4/18/22,12:26:06,9,default,199182947,OXY-CH9,36.501,min,256.433,µmol/L,Humid,18.159,deg,92162,µV,28.594,°C,1017,hPa,35.3,pmil,0,55.4,deg,20,°C,100,%a.s.,22.63,deg,20,°C,972,hPa,0.816,-0.01371,0.000397,-0.00013,0,10.11,Humid,22.75,0,51,241092.95,SABD0000000001,AAV1.0.0.11,1.1.2.0,PSt7-10,191107-136,2/17/22 12:14,0000-00,0,no battery,V
4/18/22,12:26:07,9,default,199182947,OXY-CH9,36.518,min,256.34,µmol/L,Humid,18.155,deg,92162,µV,28.618,°C,1017,hPa,35.3,pmil,0,55.4,deg,20,°C,100,%a.s.,22.63,deg,20,°C,972,hPa,0.816,-0.01371,0.000397,-0.00013,0,10.11,Humid,22.75,0,51,241092.26,SABD0000000001,AAV1.0.0.11,1.1.2.0,PSt7-10,191107-136,2/17/22 12:14,0000-00,0,no battery,V
4/18/22,12:26:08,9,default,199182947,OXY-CH9,36.534,min,256.293,µmol/L,Humid,18.157,deg,92164,µV,28.618,°C,1017,hPa,35.3,pmil,0,55.4,deg,20,°C,100,%a.s.,22.63,deg,20,°C,972,hPa,0.816,-0.01371,0.000397,-0.00013,0,10.11,Humid,22.75,0,51,241099.68,SABD0000000001,AAV1.0.0.11,1.1.2.0,PSt7-10,191107-136,2/17/22 12:14,0000-00,0,no battery,V
4/18/22,12:26:09,9,default,199182947,OXY-CH9,36.551,min,256.446,µmol/L,Humid,18.161,deg,92170,µV,28.586,°C,1017,hPa,35.3,pmil,0,55.4,deg,20,°C,100,%a.s.,22.63,deg,20,°C,972,hPa,0.816,-0.01371,0.000397,-0.00013,0,10.11,Humid,22.75,0,51,241100.11,SABD0000000001,AAV1.0.0.11,1.1.2.0,PSt7-10,191107-136,2/17/22 12:14,0000-00,0,no battery,V
4/18/22,12:26:10,9,default,199182947,OXY-CH9,36.567,min,256.263,µmol/L,Humid,18.163,deg,92173,µV,28.603,°C,1017,hPa,35.3,pmil,0,55.4,deg,20,°C,100,%a.s.,22.63,deg,20,°C,972,hPa,0.816,-0.01371,0.000397,-0.00013,0,10.11,Humid,22.75,0,51,241091.44,SABD0000000001,AAV1.0.0.11,1.1.2.0,PSt7-10,191107-136,2/17/22 12:14,0000-00,0,no battery,V
4/18/22,12:26:11,9,default,199182947,OXY-CH9,36.584,min,256.324,µmol/L,Humid,18.161,deg,92181,µV,28.602,°C,1017,hPa,35.3,pmil,0,55.4,deg,20,°C,100,%a.s.,22.63,deg,20,°C,972,hPa,0.816,-0.01371,0.000397,-0.00013,0,10.11,Humid,22.75,0,51,241095.14,SABD0000000001,AAV1.0.0.11,1.1.2.0,PSt7-10,191107-136,2/17/22 12:14,0000-00,0,no battery,V
4/18/22,12:26:12,9,default,199182947,OXY-CH9,36.601,min,256.293,µmol/L,Humid,18.162,deg,92185,µV,28.603,°C,1017,hPa,35.3,pmil,0,55.4,deg,20,°C,100,%a.s.,22.63,deg,20,°C,972,hPa,0.816,-0.01371,0.000397,-0.00013,0,10.11,Humid,22.75,0,51,241090.86,SABD0000000001,AAV1.0.0.11,1.1.2.0,PSt7-10,191107-136,2/17/22 12:14,0000-00,0,no battery,V
4/18/22,12:26:13,9,default,199182947,OXY-CH9,36.617,min,256.395,µmol/L,Humid,18.161,deg,92178,µV,28.593,°C,1017,hPa,35.3,pmil,0,55.4,deg,20,°C,100,%a.s.,22.63,deg,20,°C,972,hPa,0.816,-0.01371,0.000397,-0.00013,0,10.11,Humid,22.75,0,51,241100.18,SABD0000000001,AAV1.0.0.11,1.1.2.0,PSt7-10,191107-136,2/17/22 12:14,0000-00,0,no battery,V
4/18/22,12:26:14,9,default,199182947,OXY-CH9,36.634,min,256.337,µmol/L,Humid,18.164,deg,92187,µV,28.591,°C,1017,hPa,35.3,pmil,0,55.4,deg,20,°C,100,%a.s.,22.63,deg,20,°C,972,hPa,0.816,-0.01371,0.000397,-0.00013,0,10.11,Humid,22.75,0,51,241085.25,SABD0000000001,AAV1.0.0.11,1.1.2.0,PSt7-10,191107-136,2/17/22 12:14,0000-00,0,no battery,V
4/18/22,12:26:15,9,default,199182947,OXY-CH9,36.651,min,256.242,µmol/L,Humid,18.167,deg,92192,µV,28.594,°C,1017,hPa,35.3,pmil,0,55.4,deg,20,°C,100,%a.s.,22.63,deg,20,°C,972,hPa,0.816,-0.01371,0.000397,-0.00013,0,10.11,Humid,22.75,0,51,241093.17,SABD0000000001,AAV1.0.0.11,1.1.2.0,PSt7-10,191107-136,2/17/22 12:14,0000-00,0,no battery,V
4/18/22,12:26:16,9,default,199182947,OXY-CH9,36.668,min,256.057,µmol/L,Humid,18.168,deg,92204,µV,28.614,°C,1017,hPa,35.3,pmil,0,55.4,deg,20,°C,100,%a.s.,22.63,deg,20,°C,972,hPa,0.816,-0.01371,0.000397,-0.00013,0,10.11,Humid,22.75,0,51,241096.35,SABD0000000001,AAV1.0.0.11,1.1.2.0,PSt7-10,191107-136,2/17/22 12:14,0000-00,0,no battery,V
4/18/22,12:26:17,9,default,199182947,OXY-CH9,36.684,min,256.17,µmol/L,Humid,18.164,deg,92200,µV,28.612,°C,1017,hPa,35.3,pmil,0,55.4,deg,20,°C,100,%a.s.,22.63,deg,20,°C,972,hPa,0.816,-0.01371,0.000397,-0.00013,0,10.11,Humid,22.75,0,51,241091.51,SABD0000000001,AAV1.0.0.11,1.1.2.0,PSt7-10,191107-136,2/17/22 12:14,0000-00,0,no battery,V
4/18/22,12:26:18,9,default,199182947,OXY-CH9,36.701,min,255.991,µmol/L,Humid,18.17,deg,92201,µV,28.616,°C,1017,hPa,35.3,pmil,0,55.4,deg,20,°C,100,%a.s.,22.63,deg,20,°C,972,hPa,0.816,-0.01371,0.000397,-0.00013,0,10.11,Humid,22.75,0,51,241096.34,SABD0000000001,AAV1.0.0.11,1.1.2.0,PSt7-10,191107-136,2/17/22 12:14,0000-00,0,no battery,V
4/18/22,12:26:19,9,default,199182947,OXY-CH9,36.718,min,256.027,µmol/L,Humid,18.167,deg,92214,µV,28.621,°C,1017,hPa,35.3,pmil,0,55.4,deg,20,°C,100,%a.s.,22.63,deg,20,°C,972,hPa,0.816,-0.01371,0.000397,-0.00013,0,10.11,Humid,22.75,0,51,241092.38,SABD0000000001,AAV1.0.0.11,1.1.2.0,PSt7-10,191107-136,2/17/22 12:14,0000-00,0,no battery,V
4/18/22,12:26:20,9,default,199182947,OXY-CH9,36.734,min,255.946,µmol/L,Humid,18.171,deg,92215,µV,28.619,°C,1017,hPa,35.3,pmil,0,55.4,deg,20,°C,100,%a.s.,22.63,deg,20,°C,972,hPa,0.816,-0.01371,0.000397,-0.00013,0,10.11,Humid,22.75,0,51,241092.77,SABD0000000001,AAV1.0.0.11,1.1.2.0,PSt7-10,191107-136,2/17/22 12:14,0000-00,0,no battery,V
4/18/22,12:26:21,9,default,199182947,OXY-CH9,36.751,min,255.959,µmol/L,Humid,18.174,deg,92211,µV,28.608,°C,1017,hPa,35.3,pmil,0,55.4,deg,20,°C,100,%a.s.,22.63,deg,20,°C,972,hPa,0.816,-0.01371,0.000397,-0.00013,0,10.11,Humid,22.75,0,51,241093.25,SABD0000000001,AAV1.0.0.11,1.1.2.0,PSt7-10,191107-136,2/17/22 12:14,0000-00,0,no battery,V
4/18/22,12:26:22,9,default,199182947,OXY-CH9,36.767,min,256.116,µmol/L,Humid,18.168,deg,92217,µV,28.606,°C,1017,hPa,35.3,pmil,0,55.4,deg,20,°C,100,%a.s.,22.63,deg,20,°C,972,hPa,0.816,-0.01371,0.000397,-0.00013,0,10.11,Humid,22.75,0,51,241085.24,SABD0000000001,AAV1.0.0.11,1.1.2.0,PSt7-10,191107-136,2/17/22 12:14,0000-00,0,no battery,V
4/18/22,12:26:23,9,default,199182947,OXY-CH9,36.784,min,255.986,µmol/L,Humid,18.17,deg,92191,µV,28.617,°C,1017,hPa,35.3,pmil,0,55.4,deg,20,°C,100,%a.s.,22.63,deg,20,°C,972,hPa,0.816,-0.01371,0.000397,-0.00013,0,10.11,Humid,22.75,0,51,241090.71,SABD0000000001,AAV1.0.0.11,1.1.2.0,PSt7-10,191107-136,2/17/22 12:14,0000-00,0,no battery,V
4/18/22,12:26:24,9,default,199182947,OXY-CH9,36.801,min,256.071,µmol/L,Humid,18.171,deg,92222,µV,28.603,°C,1017,hPa,35.3,pmil,0,55.4,deg,20,°C,100,%a.s.,22.63,deg,20,°C,972,hPa,0.816,-0.01371,0.000397,-0.00013,0,10.11,Humid,22.75,0,51,241089.31,SABD0000000001,AAV1.0.0.11,1.1.2.0,PSt7-10,191107-136,2/17/22 12:14,0000-00,0,no battery,V
4/18/22,12:26:25,9,default,199182947,OXY-CH9,36.818,min,256.016,µmol/L,Humid,18.175,deg,92214,µV,28.597,°C,1017,hPa,35.3,pmil,0,55.4,deg,20,°C,100,%a.s.,22.63,deg,20,°C,972,hPa,0.816,-0.01371,0.000397,-0.00013,0,10.11,Humid,22.75,0,51,241087.2,SABD0000000001,AAV1.0.0.11,1.1.2.0,PSt7-10,191107-136,2/17/22 12:14,0000-00,0,no battery,V
4/18/22,12:26:26,9,default,199182947,OXY-CH9,36.834,min,255.977,µmol/L,Humid,18.17,deg,92213,µV,28.618,°C,1017,hPa,35.3,pmil,0,55.4,deg,20,°C,100,%a.s.,22.63,deg,20,°C,972,hPa,0.816,-0.01371,0.000397,-0.00013,0,10.11,Humid,22.75,0,51,241097.66,SABD0000000001,AAV1.0.0.11,1.1.2.0,PSt7-10,191107-136,2/17/22 12:14,0000-00,0,no battery,V
4/18/22,12:26:27,9,default,199182947,OXY-CH9,36.851,min,255.925,µmol/L,Humid,18.177,deg,92215,µV,28.603,°C,1017,hPa,35.3,pmil,0,55.4,deg,20,°C,100,%a.s.,22.63,deg,20,°C,972,hPa,0.816,-0.01371,0.000397,-0.00013,0,10.11,Humid,22.75,0,51,241072.72,SABD0000000001,AAV1.0.0.11,1.1.2.0,PSt7-10,191107-136,2/17/22 12:14,0000-00,0,no battery,V
4/18/22,12:26:28,9,default,199182947,OXY-CH9,36.868,min,255.972,µmol/L,Humid,18.176,deg,92216,µV,28.6,°C,1017,hPa,35.3,pmil,0,55.4,deg,20,°C,100,%a.s.,22.63,deg,20,°C,972,hPa,0.816,-0.01371,0.000397,-0.00013,0,10.11,Humid,22.75,0,51,241077.85,SABD0000000001,AAV1.0.0.11,1.1.2.0,PSt7-10,191107-136,2/17/22 12:14,0000-00,0,no battery,V
4/18/22,12:26:29,9,default,199182947,OXY-CH9,36.884,min,255.943,µmol/L,Humid,18.175,deg,92221,µV,28.607,°C,1017,hPa,35.3,pmil,0,55.4,deg,20,°C,100,%a.s.,22.63,deg,20,°C,972,hPa,0.816,-0.01371,0.000397,-0.00013,0,10.11,Humid,22.75,0,51,241067.58,SABD0000000001,AAV1.0.0.11,1.1.2.0,PSt7-10,191107-136,2/17/22 12:14,0000-00,0,no battery,V
4/18/22,12:26:30,9,default,199182947,OXY-CH9,36.901,min,255.895,µmol/L,Humid,18.177,deg,92227,µV,28.607,°C,1017,hPa,35.3,pmil,0,55.4,deg,20,°C,100,%a.s.,22.63,deg,20,°C,972,hPa,0.816,-0.01371,0.000397,-0.00013,0,10.11,Humid,22.75,0,51,241080.17,SABD0000000001,AAV1.0.0.11,1.1.2.0,PSt7-10,191107-136,2/17/22 12:14,0000-00,0,no battery,V
4/18/22,12:26:31,9,default,199182947,OXY-CH9,36.917,min,255.835,µmol/L,Humid,18.182,deg,92228,µV,28.599,°C,1017,hPa,35.3,pmil,0,55.4,deg,20,°C,100,%a.s.,22.63,deg,20,°C,972,hPa,0.816,-0.01371,0.000397,-0.00013,0,10.11,Humid,22.75,0,51,241085.93,SABD0000000001,AAV1.0.0.11,1.1.2.0,PSt7-10,191107-136,2/17/22 12:14,0000-00,0,no battery,V
4/18/22,12:26:32,9,default,199182947,OXY-CH9,36.934,min,255.902,µmol/L,Humid,18.177,deg,92233,µV,28.606,°C,1017,hPa,35.3,pmil,0,55.4,deg,20,°C,100,%a.s.,22.63,deg,20,°C,972,hPa,0.816,-0.01371,0.000397,-0.00013,0,10.11,Humid,22.75,0,51,241085.52,SABD0000000001,AAV1.0.0.11,1.1.2.0,PSt7-10,191107-136,2/17/22 12:14,0000-00,0,no battery,V
4/18/22,12:26:33,9,default,199182947,OXY-CH9,36.951,min,255.888,µmol/L,Humid,18.18,deg,92239,µV,28.598,°C,1017,hPa,35.3,pmil,0,55.4,deg,20,°C,100,%a.s.,22.63,deg,20,°C,972,hPa,0.816,-0.01371,0.000397,-0.00013,0,10.11,Humid,22.75,0,51,241084.08,SABD0000000001,AAV1.0.0.11,1.1.2.0,PSt7-10,191107-136,2/17/22 12:14,0000-00,0,no battery,V
4/18/22,12:26:34,9,default,199182947,OXY-CH9,36.967,min,255.801,µmol/L,Humid,18.184,deg,92239,µV,28.597,°C,1017,hPa,35.3,pmil,0,55.4,deg,20,°C,100,%a.s.,22.63,deg,20,°C,972,hPa,0.816,-0.01371,0.000397,-0.00013,0,10.11,Humid,22.75,0,51,241072.16,SABD0000000001,AAV1.0.0.11,1.1.2.0,PSt7-10,191107-136,2/17/22 12:14,0000-00,0,no battery,V
4/18/22,12:26:35,9,default,199182947,OXY-CH9,36.984,min,255.944,µmol/L,Humid,18.179,deg,92240,µV,28.594,°C,1017,hPa,35.3,pmil,0,55.4,deg,20,°C,100,%a.s.,22.63,deg,20,°C,972,hPa,0.816,-0.01371,0.000397,-0.00013,0,10.11,Humid,22.75,0,51,241076.71,SABD0000000001,AAV1.0.0.11,1.1.2.0,PSt7-10,191107-136,2/17/22 12:14,0000-00,0,no battery,V
4/18/22,12:26:36,9,default,199182947,OXY-CH9,37.001,min,255.78,µmol/L,Humid,18.179,deg,92248,µV,28.615,°C,1017,hPa,35.3,pmil,0,55.4,deg,20,°C,100,%a.s.,22.63,deg,20,°C,972,hPa,0.816,-0.01371,0.000397,-0.00013,0,10.11,Humid,22.75,0,51,241074.21,SABD0000000001,AAV1.0.0.11,1.1.2.0,PSt7-10,191107-136,2/17/22 12:14,0000-00,0,no battery,V
4/18/22,12:26:37,9,default,199182947,OXY-CH9,37.018,min,255.727,µmol/L,Humid,18.182,deg,92263,µV,28.613,°C,1017,hPa,35.3,pmil,0,55.4,deg,20,°C,100,%a.s.,22.63,deg,20,°C,972,hPa,0.816,-0.01371,0.000397,-0.00013,0,10.11,Humid,22.75,0,51,241088.78,SABD0000000001,AAV1.0.0.11,1.1.2.0,PSt7-10,191107-136,2/17/22 12:14,0000-00,0,no battery,V
4/18/22,12:26:38,9,default,199182947,OXY-CH9,37.034,min,255.875,µmol/L,Humid,18.182,deg,92257,µV,28.594,°C,1017,hPa,35.3,pmil,0,55.4,deg,20,°C,100,%a.s.,22.63,deg,20,°C,972,hPa,0.816,-0.01371,0.000397,-0.00013,0,10.11,Humid,22.75,0,51,241077.75,SABD0000000001,AAV1.0.0.11,1.1.2.0,PSt7-10,191107-136,2/17/22 12:14,0000-00,0,no battery,V
4/18/22,12:26:39,9,default,199182947,OXY-CH9,37.051,min,255.784,µmol/L,Humid,18.186,deg,92268,µV,28.593,°C,1017,hPa,35.3,pmil,0,55.4,deg,20,°C,100,%a.s.,22.63,deg,20,°C,972,hPa,0.816,-0.01371,0.000397,-0.00013,0,10.11,Humid,22.75,0,51,241083.77,SABD0000000001,AAV1.0.0.11,1.1.2.0,PSt7-10,191107-136,2/17/22 12:14,0000-00,0,no battery,V
4/18/22,12:26:40,9,default,199182947,OXY-CH9,37.068,min,255.733,µmol/L,Humid,18.185,deg,92266,µV,28.603,°C,1017,hPa,35.3,pmil,0,55.4,deg,20,°C,100,%a.s.,22.63,deg,20,°C,972,hPa,0.816,-0.01371,0.000397,-0.00013,0,10.11,Humid,22.75,0,51,241082.95,SABD0000000001,AAV1.0.0.11,1.1.2.0,PSt7-10,191107-136,2/17/22 12:14,0000-00,0,no battery,V
4/18/22,12:26:41,9,default,199182947,OXY-CH9,37.084,min,255.672,µmol/L,Humid,18.188,deg,92272,µV,28.601,°C,1017,hPa,35.3,pmil,0,55.4,deg,20,°C,100,%a.s.,22.63,deg,20,°C,972,hPa,0.816,-0.01371,0.000397,-0.00013,0,10.11,Humid,22.75,0,51,241077.81,SABD0000000001,AAV1.0.0.11,1.1.2.0,PSt7-10,191107-136,2/17/22 12:14,0000-00,0,no battery,V
4/18/22,12:26:42,9,default,199182947,OXY-CH9,37.101,min,255.656,µmol/L,Humid,18.189,deg,92278,µV,28.6,°C,1017,hPa,35.3,pmil,0,55.4,deg,20,°C,100,%a.s.,22.63,deg,20,°C,972,hPa,0.816,-0.01371,0.000397,-0.00013,0,10.11,Humid,22.75,0,51,241071.26,SABD0000000001,AAV1.0.0.11,1.1.2.0,PSt7-10,191107-136,2/17/22 12:14,0000-00,0,no battery,V
4/18/22,12:26:43,9,default,199182947,OXY-CH9,37.118,min,255.715,µmol/L,Humid,18.185,deg,92290,µV,28.605,°C,1017,hPa,35.3,pmil,0,55.4,deg,20,°C,100,%a.s.,22.63,deg,20,°C,972,hPa,0.816,-0.01371,0.000397,-0.00013,0,10.11,Humid,22.75,0,51,241076.57,SABD0000000001,AAV1.0.0.11,1.1.2.0,PSt7-10,191107-136,2/17/22 12:14,0000-00,0,no battery,V
4/18/22,12:26:44,9,default,199182947,OXY-CH9,37.134,min,255.548,µmol/L,Humid,18.191,deg,92283,µV,28.608,°C,1017,hPa,35.3,pmil,0,55.4,deg,20,°C,100,%a.s.,22.63,deg,20,°C,972,hPa,0.816,-0.01371,0.000397,-0.00013,0,10.11,Humid,22.75,0,51,241091.07,SABD0000000001,AAV1.0.0.11,1.1.2.0,PSt7-10,191107-136,2/17/22 12:14,0000-00,0,no battery,V
4/18/22,12:26:45,9,default,199182947,OXY-CH9,37.15,min,255.511,µmol/L,Humid,18.191,deg,92287,µV,28.612,°C,1017,hPa,35.3,pmil,0,55.4,deg,20,°C,100,%a.s.,22.63,deg,20,°C,972,hPa,0.816,-0.01371,0.000397,-0.00013,0,10.11,Humid,22.75,0,51,241085.55,SABD0000000001,AAV1.0.0.11,1.1.2.0,PSt7-10,191107-136,2/17/22 12:14,0000-00,0,no battery,V
4/18/22,12:26:46,9,default,199182947,OXY-CH9,37.167,min,255.588,µmol/L,Humid,18.189,deg,92289,µV,28.609,°C,1017,hPa,35.3,pmil,0,55.4,deg,20,°C,100,%a.s.,22.63,deg,20,°C,972,hPa,0.816,-0.01371,0.000397,-0.00013,0,10.11,Humid,22.75,0,51,241081.43,SABD0000000001,AAV1.0.0.11,1.1.2.0,PSt7-10,191107-136,2/17/22 12:14,0000-00,0,no battery,V
4/18/22,12:26:47,9,default,199182947,OXY-CH9,37.184,min,255.568,µmol/L,Humid,18.19,deg,92298,µV,28.608,°C,1017,hPa,35.3,pmil,0,55.4,deg,20,°C,100,%a.s.,22.63,deg,20,°C,972,hPa,0.816,-0.01371,0.000397,-0.00013,0,10.11,Humid,22.75,0,51,241073.84,SABD0000000001,AAV1.0.0.11,1.1.2.0,PSt7-10,191107-136,2/17/22 12:14,0000-00,0,no battery,V
4/18/22,12:26:48,9,default,199182947,OXY-CH9,37.201,min,255.515,µmol/L,Humid,18.194,deg,92303,µV,28.603,°C,1017,hPa,35.3,pmil,0,55.4,deg,20,°C,100,%a.s.,22.63,deg,20,°C,972,hPa,0.816,-0.01371,0.000397,-0.00013,0,10.11,Humid,22.75,0,51,241079.64,SABD0000000001,AAV1.0.0.11,1.1.2.0,PSt7-10,191107-136,2/17/22 12:14,0000-00,0,no battery,V
4/18/22,12:26:49,9,default,199182947,OXY-CH9,37.218,min,255.684,µmol/L,Humid,18.19,deg,92310,µV,28.593,°C,1017,hPa,35.3,pmil,0,55.4,deg,20,°C,100,%a.s.,22.63,deg,20,°C,972,hPa,0.816,-0.01371,0.000397,-0.00013,0,10.11,Humid,22.75,0,51,241082.46,SABD0000000001,AAV1.0.0.11,1.1.2.0,PSt7-10,191107-136,2/17/22 12:14,0000-00,0,no battery,V
4/18/22,12:26:50,9,default,199182947,OXY-CH9,37.234,min,255.592,µmol/L,Humid,18.193,deg,92316,µV,28.596,°C,1017,hPa,35.3,pmil,0,55.4,deg,20,°C,100,%a.s.,22.63,deg,20,°C,972,hPa,0.816,-0.01371,0.000397,-0.00013,0,10.11,Humid,22.75,0,51,241081.07,SABD0000000001,AAV1.0.0.11,1.1.2.0,PSt7-10,191107-136,2/17/22 12:14,0000-00,0,no battery,V
4/18/22,12:26:51,9,default,199182947,OXY-CH9,37.251,min,255.477,µmol/L,Humid,18.194,deg,92307,µV,28.607,°C,1017,hPa,35.3,pmil,0,55.4,deg,20,°C,100,%a.s.,22.63,deg,20,°C,972,hPa,0.816,-0.01371,0.000397,-0.00013,0,10.11,Humid,22.75,0,51,241080.69,SABD0000000001,AAV1.0.0.11,1.1.2.0,PSt7-10,191107-136,2/17/22 12:14,0000-00,0,no battery,V
4/18/22,12:26:52,9,default,199182947,OXY-CH9,37.268,min,255.668,µmol/L,Humid,18.194,deg,92317,µV,28.583,°C,1017,hPa,35.3,pmil,0,55.4,deg,20,°C,100,%a.s.,22.63,deg,20,°C,972,hPa,0.816,-0.01371,0.000397,-0.00013,0,10.11,Humid,22.75,0,51,241078,SABD0000000001,AAV1.0.0.11,1.1.2.0,PSt7-10,191107-136,2/17/22 12:14,0000-00,0,no battery,V
4/18/22,12:26:53,9,default,199182947,OXY-CH9,37.285,min,255.644,µmol/L,Humid,18.193,deg,92322,µV,28.589,°C,1017,hPa,35.3,pmil,0,55.4,deg,20,°C,100,%a.s.,22.63,deg,20,°C,972,hPa,0.816,-0.01371,0.000397,-0.00013,0,10.11,Humid,22.75,0,51,241076.62,SABD0000000001,AAV1.0.0.11,1.1.2.0,PSt7-10,191107-136,2/17/22 12:14,0000-00,0,no battery,V
4/18/22,12:26:54,9,default,199182947,OXY-CH9,37.301,min,255.411,µmol/L,Humid,18.194,deg,92327,µV,28.616,°C,1017,hPa,35.3,pmil,0,55.4,deg,20,°C,100,%a.s.,22.63,deg,20,°C,972,hPa,0.816,-0.01371,0.000397,-0.00013,0,10.11,Humid,22.75,0,51,241079.89,SABD0000000001,AAV1.0.0.11,1.1.2.0,PSt7-10,191107-136,2/17/22 12:14,0000-00,0,no battery,V
4/18/22,12:26:55,9,default,199182947,OXY-CH9,37.318,min,255.363,µmol/L,Humid,18.201,deg,92334,µV,28.6,°C,1017,hPa,35.3,pmil,0,55.4,deg,20,°C,100,%a.s.,22.63,deg,20,°C,972,hPa,0.816,-0.01371,0.000397,-0.00013,0,10.11,Humid,22.75,0,51,241088.48,SABD0000000001,AAV1.0.0.11,1.1.2.0,PSt7-10,191107-136,2/17/22 12:14,0000-00,0,no battery,V
4/18/22,12:26:56,9,default,199182947,OXY-CH9,37.335,min,255.308,µmol/L,Humid,18.199,deg,92336,µV,28.614,°C,1017,hPa,35.3,pmil,0,55.4,deg,20,°C,100,%a.s.,22.63,deg,20,°C,972,hPa,0.816,-0.01371,0.000397,-0.00013,0,10.11,Humid,22.75,0,51,241088.45,SABD0000000001,AAV1.0.0.11,1.1.2.0,PSt7-10,191107-136,2/17/22 12:14,0000-00,0,no battery,V
4/18/22,12:26:57,9,default,199182947,OXY-CH9,37.351,min,255.31,µmol/L,Humid,18.201,deg,92337,µV,28.607,°C,1017,hPa,35.3,pmil,0,55.4,deg,20,°C,100,%a.s.,22.63,deg,20,°C,972,hPa,0.816,-0.01371,0.000397,-0.00013,0,10.11,Humid,22.75,0,51,241073.24,SABD0000000001,AAV1.0.0.11,1.1.2.0,PSt7-10,191107-136,2/17/22 12:14,0000-00,0,no battery,V
4/18/22,12:26:58,9,default,199182947,OXY-CH9,37.367,min,255.406,µmol/L,Humid,18.199,deg,92347,µV,28.601,°C,1017,hPa,35.3,pmil,0,55.4,deg,20,°C,100,%a.s.,22.63,deg,20,°C,972,hPa,0.816,-0.01371,0.000397,-0.00013,0,10.11,Humid,22.75,0,51,241071.2,SABD0000000001,AAV1.0.0.11,1.1.2.0,PSt7-10,191107-136,2/17/22 12:14,0000-00,0,no battery,V
4/18/22,12:26:59,9,default,199182947,OXY-CH9,37.384,min,255.479,µmol/L,Humid,18.195,deg,92346,µV,28.604,°C,1017,hPa,35.3,pmil,0,55.4,deg,20,°C,100,%a.s.,22.63,deg,20,°C,972,hPa,0.816,-0.01371,0.000397,-0.00013,0,10.11,Humid,22.75,0,51,241067.55,SABD0000000001,AAV1.0.0.11,1.1.2.0,PSt7-10,191107-136,2/17/22 12:14,0000-00,0,no battery,V
4/18/22,12:27:00,9,default,199182947,OXY-CH9,37.401,min,255.462,µmol/L,Humid,18.201,deg,92348,µV,28.587,°C,1017,hPa,35.3,pmil,0,55.4,deg,20,°C,100,%a.s.,22.63,deg,20,°C,972,hPa,0.816,-0.01371,0.000397,-0.00013,0,10.11,Humid,22.75,0,51,241073.53,SABD0000000001,AAV1.0.0.11,1.1.2.0,PSt7-10,191107-136,2/17/22 12:14,0000-00,0,no battery,V
4/18/22,12:27:01,9,default,199182947,OXY-CH9,37.417,min,255.364,µmol/L,Humid,18.204,deg,92358,µV,28.591,°C,1017,hPa,35.3,pmil,0,55.4,deg,20,°C,100,%a.s.,22.63,deg,20,°C,972,hPa,0.816,-0.01371,0.000397,-0.00013,0,10.11,Humid,22.75,0,51,241076.34,SABD0000000001,AAV1.0.0.11,1.1.2.0,PSt7-10,191107-136,2/17/22 12:14,0000-00,0,no battery,V
4/18/22,12:27:02,9,default,199182947,OXY-CH9,37.434,min,255.416,µmol/L,Humid,18.2,deg,92359,µV,28.597,°C,1017,hPa,35.3,pmil,0,55.4,deg,20,°C,100,%a.s.,22.63,deg,20,°C,972,hPa,0.816,-0.01371,0.000397,-0.00013,0,10.11,Humid,22.75,0,51,241072.69,SABD0000000001,AAV1.0.0.11,1.1.2.0,PSt7-10,191107-136,2/17/22 12:14,0000-00,0,no battery,V
4/18/22,12:27:03,9,default,199182947,OXY-CH9,37.451,min,255.228,µmol/L,Humid,18.206,deg,92359,µV,28.602,°C,1017,hPa,35.3,pmil,0,55.4,deg,20,°C,100,%a.s.,22.63,deg,20,°C,972,hPa,0.816,-0.01371,0.000397,-0.00013,0,10.11,Humid,22.75,0,51,241064.54,SABD0000000001,AAV1.0.0.11,1.1.2.0,PSt7-10,191107-136,2/17/22 12:14,0000-00,0,no battery,V
4/18/22,12:27:04,9,default,199182947,OXY-CH9,37.467,min,255.234,µmol/L,Humid,18.206,deg,92365,µV,28.601,°C,1017,hPa,35.3,pmil,0,55.4,deg,20,°C,100,%a.s.,22.63,deg,20,°C,972,hPa,0.816,-0.01371,0.000397,-0.00013,0,10.11,Humid,22.75,0,51,241078.93,SABD0000000001,AAV1.0.0.11,1.1.2.0,PSt7-10,191107-136,2/17/22 12:14,0000-00,0,no battery,V
4/18/22,12:27:05,9,default,199182947,OXY-CH9,37.484,min,255.432,µmol/L,Humid,18.198,deg,92364,µV,28.601,°C,1017,hPa,35.3,pmil,0,55.4,deg,20,°C,100,%a.s.,22.63,deg,20,°C,972,hPa,0.816,-0.01371,0.000397,-0.00013,0,10.11,Humid,22.75,0,51,241066.59,SABD0000000001,AAV1.0.0.11,1.1.2.0,PSt7-10,191107-136,2/17/22 12:14,0000-00,0,no battery,V
4/18/22,12:27:06,9,default,199182947,OXY-CH9,37.501,min,255.202,µmol/L,Humid,18.206,deg,92367,µV,28.605,°C,1017,hPa,35.3,pmil,0,55.4,deg,20,°C,100,%a.s.,22.63,deg,20,°C,972,hPa,0.816,-0.01371,0.000397,-0.00013,0,10.11,Humid,22.75,0,51,241069.54,SABD0000000001,AAV1.0.0.11,1.1.2.0,PSt7-10,191107-136,2/17/22 12:14,0000-00,0,no battery,V
4/18/22,12:27:07,9,default,199182947,OXY-CH9,37.518,min,255.275,µmol/L,Humid,18.206,deg,92369,µV,28.596,°C,1017,hPa,35.3,pmil,0,55.4,deg,20,°C,100,%a.s.,22.63,deg,20,°C,972,hPa,0.816,-0.01371,0.000397,-0.00013,0,10.11,Humid,22.75,0,51,241061.68,SABD0000000001,AAV1.0.0.11,1.1.2.0,PSt7-10,191107-136,2/17/22 12:14,0000-00,0,no battery,V
4/18/22,12:27:08,9,default,199182947,OXY-CH9,37.534,min,255.315,µmol/L,Humid,18.207,deg,92375,µV,28.588,°C,1017,hPa,35.3,pmil,0,55.4,deg,20,°C,100,%a.s.,22.63,deg,20,°C,972,hPa,0.816,-0.01371,0.000397,-0.00013,0,10.11,Humid,22.75,0,51,241078.07,SABD0000000001,AAV1.0.0.11,1.1.2.0,PSt7-10,191107-136,2/17/22 12:14,0000-00,0,no battery,V
4/18/22,12:27:09,9,default,199182947,OXY-CH9,37.551,min,255.208,µmol/L,Humid,18.207,deg,92380,µV,28.601,°C,1017,hPa,35.3,pmil,0,55.4,deg,20,°C,100,%a.s.,22.63,deg,20,°C,972,hPa,0.816,-0.01371,0.000397,-0.00013,0,10.11,Humid,22.75,0,51,241063.6,SABD0000000001,AAV1.0.0.11,1.1.2.0,PSt7-10,191107-136,2/17/22 12:14,0000-00,0,no battery,V
4/18/22,12:27:10,9,default,199182947,OXY-CH9,37.568,min,255.279,µmol/L,Humid,18.208,deg,92383,µV,28.589,°C,1017,hPa,35.3,pmil,0,55.4,deg,20,°C,100,%a.s.,22.63,deg,20,°C,972,hPa,0.816,-0.01371,0.000397,-0.00013,0,10.11,Humid,22.75,0,51,241065.79,SABD0000000001,AAV1.0.0.11,1.1.2.0,PSt7-10,191107-136,2/17/22 12:14,0000-00,0,no battery,V
4/18/22,12:27:11,9,default,199182947,OXY-CH9,37.585,min,255.326,µmol/L,Humid,18.207,deg,92388,µV,28.586,°C,1017,hPa,35.3,pmil,0,55.4,deg,20,°C,100,%a.s.,22.63,deg,20,°C,972,hPa,0.816,-0.01371,0.000397,-0.00013,0,10.11,Humid,22.75,0,51,241069.39,SABD0000000001,AAV1.0.0.11,1.1.2.0,PSt7-10,191107-136,2/17/22 12:14,0000-00,0,no battery,V
4/18/22,12:27:12,9,default,199182947,OXY-CH9,37.6,min,255.16,µmol/L,Humid,18.212,deg,92387,µV,28.592,°C,1017,hPa,35.3,pmil,0,55.4,deg,20,°C,100,%a.s.,22.63,deg,20,°C,972,hPa,0.816,-0.01371,0.000397,-0.00013,0,10.11,Humid,22.75,0,51,241068.14,SABD0000000001,AAV1.0.0.11,1.1.2.0,PSt7-10,191107-136,2/17/22 12:14,0000-00,0,no battery,V
4/18/22,12:27:13,9,default,199182947,OXY-CH9,37.617,min,255.296,µmol/L,Humid,18.21,deg,92400,µV,28.581,°C,1017,hPa,35.3,pmil,0,55.4,deg,20,°C,100,%a.s.,22.63,deg,20,°C,972,hPa,0.816,-0.01371,0.000397,-0.00013,0,10.11,Humid,22.75,0,51,241072.24,SABD0000000001,AAV1.0.0.11,1.1.2.0,PSt7-10,191107-136,2/17/22 12:14,0000-00,0,no battery,V
4/18/22,12:27:14,9,default,199182947,OXY-CH9,37.634,min,254.939,µmol/L,Humid,18.215,deg,92397,µV,28.611,°C,1017,hPa,35.3,pmil,0,55.4,deg,20,°C,100,%a.s.,22.63,deg,20,°C,972,hPa,0.816,-0.01371,0.000397,-0.00013,0,10.11,Humid,22.75,0,51,241063.42,SABD0000000001,AAV1.0.0.11,1.1.2.0,PSt7-10,191107-136,2/17/22 12:14,0000-00,0,no battery,V
4/18/22,12:27:15,9,default,199182947,OXY-CH9,37.651,min,255.036,µmol/L,Humid,18.213,deg,92400,µV,28.605,°C,1017,hPa,35.3,pmil,0,55.4,deg,20,°C,100,%a.s.,22.63,deg,20,°C,972,hPa,0.816,-0.01371,0.000397,-0.00013,0,10.11,Humid,22.75,0,51,241064.51,SABD0000000001,AAV1.0.0.11,1.1.2.0,PSt7-10,191107-136,2/17/22 12:14,0000-00,0,no battery,V
4/18/22,12:27:16,9,default,199182947,OXY-CH9,37.667,min,255.027,µmol/L,Humid,18.215,deg,92397,µV,28.6,°C,1017,hPa,35.3,pmil,0,55.4,deg,20,°C,100,%a.s.,22.63,deg,20,°C,972,hPa,0.816,-0.01371,0.000397,-0.00013,0,10.11,Humid,22.75,0,51,241066.5,SABD0000000001,AAV1.0.0.11,1.1.2.0,PSt7-10,191107-136,2/17/22 12:14,0000-00,0,no battery,V
4/18/22,12:27:17,9,default,199182947,OXY-CH9,37.684,min,255.052,µmol/L,Humid,18.214,deg,92412,µV,28.6,°C,1017,hPa,35.3,pmil,0,55.4,deg,20,°C,100,%a.s.,22.63,deg,20,°C,972,hPa,0.816,-0.01371,0.000397,-0.00013,0,10.11,Humid,22.75,0,51,241063.04,SABD0000000001,AAV1.0.0.11,1.1.2.0,PSt7-10,191107-136,2/17/22 12:14,0000-00,0,no battery,V
4/18/22,12:27:18,9,default,199182947,OXY-CH9,37.701,min,255.037,µmol/L,Humid,18.215,deg,92415,µV,28.598,°C,1017,hPa,35.3,pmil,0,55.4,deg,20,°C,100,%a.s.,22.63,deg,20,°C,972,hPa,0.816,-0.01371,0.000397,-0.00013,0,10.11,Humid,22.75,0,51,241060.17,SABD0000000001,AAV1.0.0.11,1.1.2.0,PSt7-10,191107-136,2/17/22 12:14,0000-00,0,no battery,V
4/18/22,12:27:19,9,default,199182947,OXY-CH9,37.718,min,254.852,µmol/L,Humid,18.22,deg,92411,µV,28.607,°C,1017,hPa,35.3,pmil,0,55.4,deg,20,°C,100,%a.s.,22.63,deg,20,°C,972,hPa,0.816,-0.01371,0.000397,-0.00013,0,10.11,Humid,22.75,0,51,241064.53,SABD0000000001,AAV1.0.0.11,1.1.2.0,PSt7-10,191107-136,2/17/22 12:14,0000-00,0,no battery,V
4/18/22,12:27:20,9,default,199182947,OXY-CH9,37.734,min,255.072,µmol/L,Humid,18.212,deg,92420,µV,28.603,°C,1017,hPa,35.3,pmil,0,55.4,deg,20,°C,100,%a.s.,22.63,deg,20,°C,972,hPa,0.816,-0.01371,0.000397,-0.00013,0,10.11,Humid,22.75,0,51,241063.24,SABD0000000001,AAV1.0.0.11,1.1.2.0,PSt7-10,191107-136,2/17/22 12:14,0000-00,0,no battery,V
4/18/22,12:27:21,9,default,199182947,OXY-CH9,37.751,min,255.024,µmol/L,Humid,18.213,deg,92422,µV,28.606,°C,1017,hPa,35.3,pmil,0,55.4,deg,20,°C,100,%a.s.,22.63,deg,20,°C,972,hPa,0.816,-0.01371,0.000397,-0.00013,0,10.11,Humid,22.75,0,51,241063.27,SABD0000000001,AAV1.0.0.11,1.1.2.0,PSt7-10,191107-136,2/17/22 12:14,0000-00,0,no battery,V
4/18/22,12:27:22,9,default,199182947,OXY-CH9,37.768,min,254.989,µmol/L,Humid,18.219,deg,92430,µV,28.592,°C,1017,hPa,35.3,pmil,0,55.4,deg,20,°C,100,%a.s.,22.63,deg,20,°C,972,hPa,0.816,-0.01371,0.000397,-0.00013,0,10.11,Humid,22.75,0,51,241060.97,SABD0000000001,AAV1.0.0.11,1.1.2.0,PSt7-10,191107-136,2/17/22 12:14,0000-00,0,no battery,V
4/18/22,12:27:23,9,default,199182947,OXY-CH9,37.784,min,254.956,µmol/L,Humid,18.219,deg,92427,µV,28.596,°C,1017,hPa,35.3,pmil,0,55.4,deg,20,°C,100,%a.s.,22.63,deg,20,°C,972,hPa,0.816,-0.01371,0.000397,-0.00013,0,10.11,Humid,22.75,0,51,241059.41,SABD0000000001,AAV1.0.0.11,1.1.2.0,PSt7-10,191107-136,2/17/22 12:14,0000-00,0,no battery,V
4/18/22,12:27:24,9,default,199182947,OXY-CH9,37.8,min,254.837,µmol/L,Humid,18.221,deg,92436,µV,28.605,°C,1017,hPa,35.3,pmil,0,55.4,deg,20,°C,100,%a.s.,22.63,deg,20,°C,972,hPa,0.816,-0.01371,0.000397,-0.00013,0,10.11,Humid,22.75,0,51,241058.27,SABD0000000001,AAV1.0.0.11,1.1.2.0,PSt7-10,191107-136,2/17/22 12:14,0000-00,0,no battery,V
4/18/22,12:27:25,9,default,199182947,OXY-CH9,37.817,min,255.097,µmol/L,Humid,18.215,deg,92439,µV,28.591,°C,1017,hPa,35.3,pmil,0,55.4,deg,20,°C,100,%a.s.,22.63,deg,20,°C,972,hPa,0.816,-0.01371,0.000397,-0.00013,0,10.11,Humid,22.75,0,51,241056.13,SABD0000000001,AAV1.0.0.11,1.1.2.0,PSt7-10,191107-136,2/17/22 12:14,0000-00,0,no battery,V
4/18/22,12:27:26,9,default,199182947,OXY-CH9,37.834,min,254.972,µmol/L,Humid,18.218,deg,92442,µV,28.597,°C,1017,hPa,35.3,pmil,0,55.4,deg,20,°C,100,%a.s.,22.63,deg,20,°C,972,hPa,0.816,-0.01371,0.000397,-0.00013,0,10.11,Humid,22.75,0,51,241056.15,SABD0000000001,AAV1.0.0.11,1.1.2.0,PSt7-10,191107-136,2/17/22 12:14,0000-00,0,no battery,V
4/18/22,12:27:27,9,default,199182947,OXY-CH9,37.851,min,254.862,µmol/L,Humid,18.226,deg,92449,µV,28.587,°C,1017,hPa,35.3,pmil,0,55.4,deg,20,°C,100,%a.s.,22.63,deg,20,°C,972,hPa,0.816,-0.01371,0.000397,-0.00013,0,10.11,Humid,22.75,0,51,241052.13,SABD0000000001,AAV1.0.0.11,1.1.2.0,PSt7-10,191107-136,2/17/22 12:14,0000-00,0,no battery,V
4/18/22,12:27:28,9,default,199182947,OXY-CH9,37.868,min,254.935,µmol/L,Humid,18.222,deg,92451,µV,28.59,°C,1017,hPa,35.3,pmil,0,55.4,deg,20,°C,100,%a.s.,22.63,deg,20,°C,972,hPa,0.816,-0.01371,0.000397,-0.00013,0,10.11,Humid,22.75,0,51,241062.11,SABD0000000001,AAV1.0.0.11,1.1.2.0,PSt7-10,191107-136,2/17/22 12:14,0000-00,0,no battery,V
4/18/22,12:27:29,9,default,199182947,OXY-CH9,37.884,min,254.938,µmol/L,Humid,18.222,deg,92458,µV,28.589,°C,1017,hPa,35.3,pmil,0,55.4,deg,20,°C,100,%a.s.,22.63,deg,20,°C,972,hPa,0.816,-0.01371,0.000397,-0.00013,0,10.11,Humid,22.75,0,51,241051.44,SABD0000000001,AAV1.0.0.11,1.1.2.0,PSt7-10,191107-136,2/17/22 12:14,0000-00,0,no battery,V
4/18/22,12:27:30,9,default,199182947,OXY-CH9,37.901,min,254.903,µmol/L,Humid,18.224,deg,92462,µV,28.588,°C,1017,hPa,35.3,pmil,0,55.4,deg,20,°C,100,%a.s.,22.63,deg,20,°C,972,hPa,0.816,-0.01371,0.000397,-0.00013,0,10.11,Humid,22.75,0,51,241065.34,SABD0000000001,AAV1.0.0.11,1.1.2.0,PSt7-10,191107-136,2/17/22 12:14,0000-00,0,no battery,V
4/18/22,12:27:31,9,default,199182947,OXY-CH9,37.918,min,254.854,µmol/L,Humid,18.226,deg,92457,µV,28.588,°C,1017,hPa,35.3,pmil,0,55.4,deg,20,°C,100,%a.s.,22.63,deg,20,°C,972,hPa,0.816,-0.01371,0.000397,-0.00013,0,10.11,Humid,22.75,0,51,241064.34,SABD0000000001,AAV1.0.0.11,1.1.2.0,PSt7-10,191107-136,2/17/22 12:14,0000-00,0,no battery,V
4/18/22,12:27:32,9,default,199182947,OXY-CH9,37.934,min,254.917,µmol/L,Humid,18.222,deg,92459,µV,28.592,°C,1017,hPa,35.3,pmil,0,55.4,deg,20,°C,100,%a.s.,22.63,deg,20,°C,972,hPa,0.816,-0.01371,0.000397,-0.00013,0,10.11,Humid,22.75,0,51,241045.06,SABD0000000001,AAV1.0.0.11,1.1.2.0,PSt7-10,191107-136,2/17/22 12:14,0000-00,0,no battery,V
4/18/22,12:27:33,9,default,199182947,OXY-CH9,37.951,min,254.691,µmol/L,Humid,18.229,deg,92463,µV,28.599,°C,1017,hPa,35.3,pmil,0,55.4,deg,20,°C,100,%a.s.,22.63,deg,20,°C,972,hPa,0.816,-0.01371,0.000397,-0.00013,0,10.11,Humid,22.75,0,51,241047.81,SABD0000000001,AAV1.0.0.11,1.1.2.0,PSt7-10,191107-136,2/17/22 12:14,0000-00,0,no battery,V
4/18/22,12:27:34,9,default,199182947,OXY-CH9,37.967,min,254.891,µmol/L,Humid,18.223,deg,92480,µV,28.592,°C,1017,hPa,35.3,pmil,0,55.4,deg,20,°C,100,%a.s.,22.63,deg,20,°C,972,hPa,0.816,-0.01371,0.000397,-0.00013,0,10.11,Humid,22.75,0,51,241063.23,SABD0000000001,AAV1.0.0.11,1.1.2.0,PSt7-10,191107-136,2/17/22 12:14,0000-00,0,no battery,V
4/18/22,12:27:35,9,default,199182947,OXY-CH9,37.984,min,254.806,µmol/L,Humid,18.225,deg,92479,µV,28.597,°C,1017,hPa,35.3,pmil,0,55.4,deg,20,°C,100,%a.s.,22.63,deg,20,°C,972,hPa,0.816,-0.01371,0.000397,-0.00013,0,10.11,Humid,22.75,0,51,241056.74,SABD0000000001,AAV1.0.0.11,1.1.2.0,PSt7-10,191107-136,2/17/22 12:14,0000-00,0,no battery,V
4/18/22,12:27:36,9,default,199182947,OXY-CH9,38.001,min,254.688,µmol/L,Humid,18.23,deg,92486,µV,28.597,°C,1017,hPa,35.3,pmil,0,55.4,deg,20,°C,100,%a.s.,22.63,deg,20,°C,972,hPa,0.816,-0.01371,0.000397,-0.00013,0,10.11,Humid,22.75,0,51,241062.97,SABD0000000001,AAV1.0.0.11,1.1.2.0,PSt7-10,191107-136,2/17/22 12:14,0000-00,0,no battery,V
4/18/22,12:27:37,9,default,199182947,OXY-CH9,38.017,min,254.608,µmol/L,Humid,18.23,deg,92488,µV,28.607,°C,1017,hPa,35.3,pmil,0,55.4,deg,20,°C,100,%a.s.,22.63,deg,20,°C,972,hPa,0.816,-0.01371,0.000397,-0.00013,0,10.11,Humid,22.75,0,51,241046.15,SABD0000000001,AAV1.0.0.11,1.1.2.0,PSt7-10,191107-136,2/17/22 12:14,0000-00,0,no battery,V
4/18/22,12:27:38,9,default,199182947,OXY-CH9,38.034,min,254.757,µmol/L,Humid,18.229,deg,92495,µV,28.591,°C,1017,hPa,35.3,pmil,0,55.4,deg,20,°C,100,%a.s.,22.63,deg,20,°C,972,hPa,0.816,-0.01371,0.000397,-0.00013,0,10.11,Humid,22.75,0,51,241058.78,SABD0000000001,AAV1.0.0.11,1.1.2.0,PSt7-10,191107-136,2/17/22 12:14,0000-00,0,no battery,V
4/18/22,12:27:39,9,default,199182947,OXY-CH9,38.051,min,254.624,µmol/L,Humid,18.233,deg,92493,µV,28.596,°C,1017,hPa,35.3,pmil,0,55.4,deg,20,°C,100,%a.s.,22.63,deg,20,°C,972,hPa,0.816,-0.01371,0.000397,-0.00013,0,10.11,Humid,22.75,0,51,241056.53,SABD0000000001,AAV1.0.0.11,1.1.2.0,PSt7-10,191107-136,2/17/22 12:14,0000-00,0,no battery,V
4/18/22,12:27:40,9,default,199182947,OXY-CH9,38.068,min,254.75,µmol/L,Humid,18.23,deg,92503,µV,28.589,°C,1017,hPa,35.3,pmil,0,55.4,deg,20,°C,100,%a.s.,22.63,deg,20,°C,972,hPa,0.816,-0.01371,0.000397,-0.00013,0,10.11,Humid,22.75,0,51,241068.65,SABD0000000001,AAV1.0.0.11,1.1.2.0,PSt7-10,191107-136,2/17/22 12:14,0000-00,0,no battery,V
4/18/22,12:27:41,9,default,199182947,OXY-CH9,38.084,min,254.795,µmol/L,Humid,18.23,deg,92504,µV,28.583,°C,1017,hPa,35.3,pmil,0,55.4,deg,20,°C,100,%a.s.,22.63,deg,20,°C,972,hPa,0.816,-0.01371,0.000397,-0.00013,0,10.11,Humid,22.75,0,51,241062.87,SABD0000000001,AAV1.0.0.11,1.1.2.0,PSt7-10,191107-136,2/17/22 12:14,0000-00,0,no battery,V
4/18/22,12:27:42,9,default,199182947,OXY-CH9,38.101,min,254.713,µmol/L,Humid,18.231,deg,92506,µV,28.59,°C,1017,hPa,35.3,pmil,0,55.4,deg,20,°C,100,%a.s.,22.63,deg,20,°C,972,hPa,0.816,-0.01371,0.000397,-0.00013,0,10.11,Humid,22.75,0,51,241064.98,SABD0000000001,AAV1.0.0.11,1.1.2.0,PSt7-10,191107-136,2/17/22 12:14,0000-00,0,no battery,V
4/18/22,12:27:43,9,default,199182947,OXY-CH9,38.118,min,254.583,µmol/L,Humid,18.235,deg,92514,µV,28.595,°C,1017,hPa,35.3,pmil,0,55.4,deg,20,°C,100,%a.s.,22.63,deg,20,°C,972,hPa,0.816,-0.01371,0.000397,-0.00013,0,10.11,Humid,22.75,0,51,241060.03,SABD0000000001,AAV1.0.0.11,1.1.2.0,PSt7-10,191107-136,2/17/22 12:14,0000-00,0,no battery,V
4/18/22,12:27:44,9,default,199182947,OXY-CH9,38.135,min,254.681,µmol/L,Humid,18.233,deg,92522,µV,28.588,°C,1017,hPa,35.3,pmil,0,55.4,deg,20,°C,100,%a.s.,22.63,deg,20,°C,972,hPa,0.816,-0.01371,0.000397,-0.00013,0,10.11,Humid,22.75,0,51,241058.2,SABD0000000001,AAV1.0.0.11,1.1.2.0,PSt7-10,191107-136,2/17/22 12:14,0000-00,0,no battery,V
4/18/22,12:27:45,9,default,199182947,OXY-CH9,38.151,min,254.764,µmol/L,Humid,18.232,deg,92518,µV,28.581,°C,1017,hPa,35.3,pmil,0,55.4,deg,20,°C,100,%a.s.,22.63,deg,20,°C,972,hPa,0.816,-0.01371,0.000397,-0.00013,0,10.11,Humid,22.75,0,51,241050.96,SABD0000000001,AAV1.0.0.11,1.1.2.0,PSt7-10,191107-136,2/17/22 12:14,0000-00,0,no battery,V
4/18/22,12:27:46,9,default,199182947,OXY-CH9,38.167,min,254.658,µmol/L,Humid,18.236,deg,92524,µV,28.582,°C,1017,hPa,35.3,pmil,0,55.4,deg,20,°C,100,%a.s.,22.63,deg,20,°C,972,hPa,0.816,-0.01371,0.000397,-0.00013,0,10.11,Humid,22.75,0,51,241051.07,SABD0000000001,AAV1.0.0.11,1.1.2.0,PSt7-10,191107-136,2/17/22 12:14,0000-00,0,no battery,V
4/18/22,12:27:47,9,default,199182947,OXY-CH9,38.184,min,254.552,µmol/L,Humid,18.238,deg,92523,µV,28.589,°C,1017,hPa,35.3,pmil,0,55.4,deg,20,°C,100,%a.s.,22.63,deg,20,°C,972,hPa,0.816,-0.01371,0.000397,-0.00013,0,10.11,Humid,22.75,0,51,241052.5,SABD0000000001,AAV1.0.0.11,1.1.2.0,PSt7-10,191107-136,2/17/22 12:14,0000-00,0,no battery,V
4/18/22,12:27:48,9,default,199182947,OXY-CH9,38.2,min,254.569,µmol/L,Humid,18.238,deg,92533,µV,28.587,°C,1017,hPa,35.3,pmil,0,55.4,deg,20,°C,100,%a.s.,22.63,deg,20,°C,972,hPa,0.816,-0.01371,0.000397,-0.00013,0,10.11,Humid,22.75,0,51,241050.93,SABD0000000001,AAV1.0.0.11,1.1.2.0,PSt7-10,191107-136,2/17/22 12:14,0000-00,0,no battery,V
4/18/22,12:27:49,9,default,199182947,OXY-CH9,38.217,min,254.561,µmol/L,Humid,18.239,deg,92534,µV,28.585,°C,1017,hPa,35.3,pmil,0,55.4,deg,20,°C,100,%a.s.,22.63,deg,20,°C,972,hPa,0.816,-0.01371,0.000397,-0.00013,0,10.11,Humid,22.75,0,51,241053.65,SABD0000000001,AAV1.0.0.11,1.1.2.0,PSt7-10,191107-136,2/17/22 12:14,0000-00,0,no battery,V
4/18/22,12:27:50,9,default,199182947,OXY-CH9,38.234,min,254.573,µmol/L,Humid,18.237,deg,92539,µV,28.59,°C,1017,hPa,35.3,pmil,0,55.4,deg,20,°C,100,%a.s.,22.63,deg,20,°C,972,hPa,0.816,-0.01371,0.000397,-0.00013,0,10.11,Humid,22.75,0,51,241052.1,SABD0000000001,AAV1.0.0.11,1.1.2.0,PSt7-10,191107-136,2/17/22 12:14,0000-00,0,no battery,V
4/18/22,12:27:51,9,default,199182947,OXY-CH9,38.251,min,254.485,µmol/L,Humid,18.242,deg,92544,µV,28.586,°C,1017,hPa,35.3,pmil,0,55.4,deg,20,°C,100,%a.s.,22.63,deg,20,°C,972,hPa,0.816,-0.01371,0.000397,-0.00013,0,10.11,Humid,22.75,0,51,241054.36,SABD0000000001,AAV1.0.0.11,1.1.2.0,PSt7-10,191107-136,2/17/22 12:14,0000-00,0,no battery,V
4/18/22,12:27:52,9,default,199182947,OXY-CH9,38.268,min,254.511,µmol/L,Humid,18.238,deg,92543,µV,28.595,°C,1017,hPa,35.3,pmil,0,55.4,deg,20,°C,100,%a.s.,22.63,deg,20,°C,972,hPa,0.816,-0.01371,0.000397,-0.00013,0,10.11,Humid,22.75,0,51,241044.79,SABD0000000001,AAV1.0.0.11,1.1.2.0,PSt7-10,191107-136,2/17/22 12:14,0000-00,0,no battery,V
4/18/22,12:27:53,9,default,199182947,OXY-CH9,38.284,min,254.403,µmol/L,Humid,18.243,deg,92548,µV,28.593,°C,1017,hPa,35.3,pmil,0,55.4,deg,20,°C,100,%a.s.,22.63,deg,20,°C,972,hPa,0.816,-0.01371,0.000397,-0.00013,0,10.11,Humid,22.75,0,51,241051.05,SABD0000000001,AAV1.0.0.11,1.1.2.0,PSt7-10,191107-136,2/17/22 12:14,0000-00,0,no battery,V
4/18/22,12:27:54,9,default,199182947,OXY-CH9,38.301,min,254.434,µmol/L,Humid,18.242,deg,92556,µV,28.592,°C,1017,hPa,35.3,pmil,0,55.4,deg,20,°C,100,%a.s.,22.63,deg,20,°C,972,hPa,0.816,-0.01371,0.000397,-0.00013,0,10.11,Humid,22.75,0,51,241049.37,SABD0000000001,AAV1.0.0.11,1.1.2.0,PSt7-10,191107-136,2/17/22 12:14,0000-00,0,no battery,V
4/18/22,12:27:55,9,default,199182947,OXY-CH9,38.318,min,254.318,µmol/L,Humid,18.243,deg,92559,µV,28.604,°C,1017,hPa,35.3,pmil,0,55.4,deg,20,°C,100,%a.s.,22.63,deg,20,°C,972,hPa,0.816,-0.01371,0.000397,-0.00013,0,10.11,Humid,22.75,0,51,241044.87,SABD0000000001,AAV1.0.0.11,1.1.2.0,PSt7-10,191107-136,2/17/22 12:14,0000-00,0,no battery,V
4/18/22,12:27:56,9,default,199182947,OXY-CH9,38.334,min,254.371,µmol/L,Humid,18.244,deg,92562,µV,28.594,°C,1017,hPa,35.3,pmil,0,55.4,deg,20,°C,100,%a.s.,22.63,deg,20,°C,972,hPa,0.816,-0.01371,0.000397,-0.00013,0,10.11,Humid,22.75,0,51,241047.84,SABD0000000001,AAV1.0.0.11,1.1.2.0,PSt7-10,191107-136,2/17/22 12:14,0000-00,0,no battery,V
4/18/22,12:27:57,9,default,199182947,OXY-CH9,38.351,min,254.381,µmol/L,Humid,18.245,deg,92563,µV,28.589,°C,1017,hPa,35.3,pmil,0,55.4,deg,20,°C,100,%a.s.,22.63,deg,20,°C,972,hPa,0.816,-0.01371,0.000397,-0.00013,0,10.11,Humid,22.75,0,51,241040.54,SABD0000000001,AAV1.0.0.11,1.1.2.0,PSt7-10,191107-136,2/17/22 12:14,0000-00,0,no battery,V
4/18/22,12:27:58,9,default,199182947,OXY-CH9,38.367,min,254.376,µmol/L,Humid,18.243,deg,92573,µV,28.596,°C,1017,hPa,35.3,pmil,0,55.4,deg,20,°C,100,%a.s.,22.63,deg,20,°C,972,hPa,0.816,-0.01371,0.000397,-0.00013,0,10.11,Humid,22.75,0,51,241049.32,SABD0000000001,AAV1.0.0.11,1.1.2.0,PSt7-10,191107-136,2/17/22 12:14,0000-00,0,no battery,V
4/18/22,12:27:59,9,default,199182947,OXY-CH9,38.384,min,254.374,µmol/L,Humid,18.249,deg,92582,µV,28.578,°C,1017,hPa,35.3,pmil,0,55.4,deg,20,°C,100,%a.s.,22.63,deg,20,°C,972,hPa,0.816,-0.01371,0.000397,-0.00013,0,10.11,Humid,22.75,0,51,241051.13,SABD0000000001,AAV1.0.0.11,1.1.2.0,PSt7-10,191107-136,2/17/22 12:14,0000-00,0,no battery,V
4/18/22,12:28:00,9,default,199182947,OXY-CH9,38.4,min,254.365,µmol/L,Humid,18.247,deg,92578,µV,28.585,°C,1017,hPa,35.3,pmil,0,55.4,deg,20,°C,100,%a.s.,22.63,deg,20,°C,972,hPa,0.816,-0.01371,0.000397,-0.00013,0,10.11,Humid,22.75,0,51,241042.2,SABD0000000001,AAV1.0.0.11,1.1.2.0,PSt7-10,191107-136,2/17/22 12:14,0000-00,0,no battery,V
4/18/22,12:28:01,9,default,199182947,OXY-CH9,38.417,min,254.399,µmol/L,Humid,18.245,deg,92582,µV,28.587,°C,1017,hPa,35.3,pmil,0,55.4,deg,20,°C,100,%a.s.,22.63,deg,20,°C,972,hPa,0.816,-0.01371,0.000397,-0.00013,0,10.11,Humid,22.75,0,51,241049.72,SABD0000000001,AAV1.0.0.11,1.1.2.0,PSt7-10,191107-136,2/17/22 12:14,0000-00,0,no battery,V
4/18/22,12:28:02,9,default,199182947,OXY-CH9,38.434,min,254.26,µmol/L,Humid,18.248,deg,92592,µV,28.596,°C,1017,hPa,35.3,pmil,0,55.4,deg,20,°C,100,%a.s.,22.63,deg,20,°C,972,hPa,0.816,-0.01371,0.000397,-0.00013,0,10.11,Humid,22.75,0,51,241045.32,SABD0000000001,AAV1.0.0.11,1.1.2.0,PSt7-10,191107-136,2/17/22 12:14,0000-00,0,no battery,V
4/18/22,12:28:03,9,default,199182947,OXY-CH9,38.451,min,254.295,µmol/L,Humid,18.252,deg,92597,µV,28.579,°C,1017,hPa,35.3,pmil,0,55.4,deg,20,°C,100,%a.s.,22.63,deg,20,°C,972,hPa,0.816,-0.01371,0.000397,-0.00013,0,10.11,Humid,22.75,0,51,241050.07,SABD0000000001,AAV1.0.0.11,1.1.2.0,PSt7-10,191107-136,2/17/22 12:14,0000-00,0,no battery,V
4/18/22,12:28:04,9,default,199182947,OXY-CH9,38.468,min,254.403,µmol/L,Humid,18.249,deg,92594,µV,28.574,°C,1017,hPa,35.3,pmil,0,55.4,deg,20,°C,100,%a.s.,22.63,deg,20,°C,972,hPa,0.816,-0.01371,0.000397,-0.00013,0,10.11,Humid,22.75,0,51,241040.05,SABD0000000001,AAV1.0.0.11,1.1.2.0,PSt7-10,191107-136,2/17/22 12:14,0000-00,0,no battery,V
4/18/22,12:28:05,9,default,199182947,OXY-CH9,38.484,min,254.153,µmol/L,Humid,18.255,deg,92598,µV,28.588,°C,1017,hPa,35.3,pmil,0,55.4,deg,20,°C,100,%a.s.,22.63,deg,20,°C,972,hPa,0.816,-0.01371,0.000397,-0.00013,0,10.11,Humid,22.75,0,51,241035.08,SABD0000000001,AAV1.0.0.11,1.1.2.0,PSt7-10,191107-136,2/17/22 12:14,0000-00,0,no battery,V
4/18/22,12:28:06,9,default,199182947,OXY-CH9,38.501,min,254.253,µmol/L,Humid,18.252,deg,92604,µV,28.584,°C,1017,hPa,35.3,pmil,0,55.4,deg,20,°C,100,%a.s.,22.63,deg,20,°C,972,hPa,0.816,-0.01371,0.000397,-0.00013,0,10.11,Humid,22.75,0,51,241038.12,SABD0000000001,AAV1.0.0.11,1.1.2.0,PSt7-10,191107-136,2/17/22 12:14,0000-00,0,no battery,V
4/18/22,12:28:07,9,default,199182947,OXY-CH9,38.518,min,254.233,µmol/L,Humid,18.254,deg,92602,µV,28.581,°C,1017,hPa,35.3,pmil,0,55.4,deg,20,°C,100,%a.s.,22.63,deg,20,°C,972,hPa,0.816,-0.01371,0.000397,-0.00013,0,10.11,Humid,22.75,0,51,241033.77,SABD0000000001,AAV1.0.0.11,1.1.2.0,PSt7-10,191107-136,2/17/22 12:14,0000-00,0,no battery,V
4/18/22,12:28:08,9,default,199182947,OXY-CH9,38.534,min,254.256,µmol/L,Humid,18.254,deg,92604,µV,28.578,°C,1017,hPa,35.3,pmil,0,55.4,deg,20,°C,100,%a.s.,22.63,deg,20,°C,972,hPa,0.816,-0.01371,0.000397,-0.00013,0,10.11,Humid,22.75,0,51,241038.17,SABD0000000001,AAV1.0.0.11,1.1.2.0,PSt7-10,191107-136,2/17/22 12:14,0000-00,0,no battery,V
4/18/22,12:28:09,9,default,199182947,OXY-CH9,38.55,min,254.204,µmol/L,Humid,18.256,deg,92614,µV,28.578,°C,1017,hPa,35.3,pmil,0,55.4,deg,20,°C,100,%a.s.,22.63,deg,20,°C,972,hPa,0.816,-0.01371,0.000397,-0.00013,0,10.11,Humid,22.75,0,51,241037.19,SABD0000000001,AAV1.0.0.11,1.1.2.0,PSt7-10,191107-136,2/17/22 12:14,0000-00,0,no battery,V
4/18/22,12:28:10,9,default,199182947,OXY-CH9,38.567,min,254.273,µmol/L,Humid,18.254,deg,92619,µV,28.575,°C,1017,hPa,35.3,pmil,0,55.4,deg,20,°C,100,%a.s.,22.63,deg,20,°C,972,hPa,0.816,-0.01371,0.000397,-0.00013,0,10.11,Humid,22.75,0,51,241047.97,SABD0000000001,AAV1.0.0.11,1.1.2.0,PSt7-10,191107-136,2/17/22 12:14,0000-00,0,no battery,V
4/18/22,12:28:11,9,default,199182947,OXY-CH9,38.584,min,254.106,µmol/L,Humid,18.254,deg,92622,µV,28.597,°C,1017,hPa,35.3,pmil,0,55.4,deg,20,°C,100,%a.s.,22.63,deg,20,°C,972,hPa,0.816,-0.01371,0.000397,-0.00013,0,10.11,Humid,22.75,0,51,241044.51,SABD0000000001,AAV1.0.0.11,1.1.2.0,PSt7-10,191107-136,2/17/22 12:14,0000-00,0,no battery,V
4/18/22,12:28:12,9,default,199182947,OXY-CH9,38.601,min,254.099,µmol/L,Humid,18.258,deg,92623,µV,28.585,°C,1017,hPa,35.3,pmil,0,55.4,deg,20,°C,100,%a.s.,22.63,deg,20,°C,972,hPa,0.816,-0.01371,0.000397,-0.00013,0,10.11,Humid,22.75,0,51,241045.43,SABD0000000001,AAV1.0.0.11,1.1.2.0,PSt7-10,191107-136,2/17/22 12:14,0000-00,0,no battery,V
4/18/22,12:28:13,9,default,199182947,OXY-CH9,38.618,min,254.051,µmol/L,Humid,18.259,deg,92630,µV,28.589,°C,1017,hPa,35.3,pmil,0,55.4,deg,20,°C,100,%a.s.,22.63,deg,20,°C,972,hPa,0.816,-0.01371,0.000397,-0.00013,0,10.11,Humid,22.75,0,51,241042.53,SABD0000000001,AAV1.0.0.11,1.1.2.0,PSt7-10,191107-136,2/17/22 12:14,0000-00,0,no battery,V
4/18/22,12:28:14,9,default,199182947,OXY-CH9,38.634,min,254.139,µmol/L,Humid,18.258,deg,92632,µV,28.58,°C,1017,hPa,35.3,pmil,0,55.4,deg,20,°C,100,%a.s.,22.63,deg,20,°C,972,hPa,0.816,-0.01371,0.000397,-0.00013,0,10.11,Humid,22.75,0,51,241041.62,SABD0000000001,AAV1.0.0.11,1.1.2.0,PSt7-10,191107-136,2/17/22 12:14,0000-00,0,no battery,V
4/18/22,12:28:15,9,default,199182947,OXY-CH9,38.651,min,253.991,µmol/L,Humid,18.262,deg,92638,µV,28.587,°C,1017,hPa,35.3,pmil,0,55.4,deg,20,°C,100,%a.s.,22.63,deg,20,°C,972,hPa,0.816,-0.01371,0.000397,-0.00013,0,10.11,Humid,22.75,0,51,241036.92,SABD0000000001,AAV1.0.0.11,1.1.2.0,PSt7-10,191107-136,2/17/22 12:14,0000-00,0,no battery,V
4/18/22,12:28:16,9,default,199182947,OXY-CH9,38.668,min,253.927,µmol/L,Humid,18.263,deg,92647,µV,28.592,°C,1017,hPa,35.3,pmil,0,55.4,deg,20,°C,100,%a.s.,22.63,deg,20,°C,972,hPa,0.816,-0.01371,0.000397,-0.00013,0,10.11,Humid,22.75,0,51,241033.21,SABD0000000001,AAV1.0.0.11,1.1.2.0,PSt7-10,191107-136,2/17/22 12:14,0000-00,0,no battery,V
4/18/22,12:28:17,9,default,199182947,OXY-CH9,38.684,min,254.048,µmol/L,Humid,18.26,deg,92646,µV,28.586,°C,1017,hPa,35.3,pmil,0,55.4,deg,20,°C,100,%a.s.,22.63,deg,20,°C,972,hPa,0.816,-0.01371,0.000397,-0.00013,0,10.11,Humid,22.75,0,51,241036.46,SABD0000000001,AAV1.0.0.11,1.1.2.0,PSt7-10,191107-136,2/17/22 12:14,0000-00,0,no battery,V
4/18/22,12:28:18,9,default,199182947,OXY-CH9,38.701,min,254.044,µmol/L,Humid,18.259,deg,92648,µV,28.589,°C,1017,hPa,35.3,pmil,0,55.4,deg,20,°C,100,%a.s.,22.63,deg,20,°C,972,hPa,0.816,-0.01371,0.000397,-0.00013,0,10.11,Humid,22.75,0,51,241028.68,SABD0000000001,AAV1.0.0.11,1.1.2.0,PSt7-10,191107-136,2/17/22 12:14,0000-00,0,no battery,V
4/18/22,12:28:19,9,default,199182947,OXY-CH9,38.717,min,254.038,µmol/L,Humid,18.263,deg,92653,µV,28.578,°C,1017,hPa,35.3,pmil,0,55.4,deg,20,°C,100,%a.s.,22.63,deg,20,°C,972,hPa,0.816,-0.01371,0.000397,-0.00013,0,10.11,Humid,22.75,0,51,241033.68,SABD0000000001,AAV1.0.0.11,1.1.2.0,PSt7-10,191107-136,2/17/22 12:14,0000-00,0,no battery,V
4/18/22,12:28:20,9,default,199182947,OXY-CH9,38.734,min,253.941,µmol/L,Humid,18.265,deg,92655,µV,28.584,°C,1017,hPa,35.3,pmil,0,55.4,deg,20,°C,100,%a.s.,22.63,deg,20,°C,972,hPa,0.816,-0.01371,0.000397,-0.00013,0,10.11,Humid,22.75,0,51,241030.36,SABD0000000001,AAV1.0.0.11,1.1.2.0,PSt7-10,191107-136,2/17/22 12:14,0000-00,0,no battery,V
4/18/22,12:28:21,9,default,199182947,OXY-CH9,38.75,min,254.028,µmol/L,Humid,18.263,deg,92656,µV,28.579,°C,1017,hPa,35.3,pmil,0,55.4,deg,20,°C,100,%a.s.,22.63,deg,20,°C,972,hPa,0.816,-0.01371,0.000397,-0.00013,0,10.11,Humid,22.75,0,51,241025.92,SABD0000000001,AAV1.0.0.11,1.1.2.0,PSt7-10,191107-136,2/17/22 12:14,0000-00,0,no battery,V
4/18/22,12:28:22,9,default,199182947,OXY-CH9,38.767,min,253.959,µmol/L,Humid,18.266,deg,92659,µV,28.579,°C,1017,hPa,35.3,pmil,0,55.4,deg,20,°C,100,%a.s.,22.63,deg,20,°C,972,hPa,0.816,-0.01371,0.000397,-0.00013,0,10.11,Humid,22.75,0,51,241028.18,SABD0000000001,AAV1.0.0.11,1.1.2.0,PSt7-10,191107-136,2/17/22 12:14,0000-00,0,no battery,V
4/18/22,12:28:23,9,default,199182947,OXY-CH9,38.784,min,254.028,µmol/L,Humid,18.264,deg,92665,µV,28.576,°C,1017,hPa,35.3,pmil,0,55.4,deg,20,°C,100,%a.s.,22.63,deg,20,°C,972,hPa,0.816,-0.01371,0.000397,-0.00013,0,10.11,Humid,22.75,0,51,241035.21,SABD0000000001,AAV1.0.0.11,1.1.2.0,PSt7-10,191107-136,2/17/22 12:14,0000-00,0,no battery,V
4/18/22,12:28:24,9,default,199182947,OXY-CH9,38.801,min,253.925,µmol/L,Humid,18.267,deg,92671,µV,28.58,°C,1017,hPa,35.3,pmil,0,55.4,deg,20,°C,100,%a.s.,22.63,deg,20,°C,972,hPa,0.816,-0.01371,0.000397,-0.00013,0,10.11,Humid,22.75,0,51,241033.33,SABD0000000001,AAV1.0.0.11,1.1.2.0,PSt7-10,191107-136,2/17/22 12:14,0000-00,0,no battery,V
4/18/22,12:28:25,9,default,199182947,OXY-CH9,38.817,min,254.084,µmol/L,Humid,18.263,deg,92673,µV,28.572,°C,1017,hPa,35.3,pmil,0,55.4,deg,20,°C,100,%a.s.,22.63,deg,20,°C,972,hPa,0.816,-0.01371,0.000397,-0.00013,0,10.11,Humid,22.75,0,51,241041.12,SABD0000000001,AAV1.0.0.11,1.1.2.0,PSt7-10,191107-136,2/17/22 12:14,0000-00,0,no battery,V
4/18/22,12:28:26,9,default,199182947,OXY-CH9,38.834,min,253.823,µmol/L,Humid,18.272,deg,92679,µV,28.578,°C,1017,hPa,35.3,pmil,0,55.4,deg,20,°C,100,%a.s.,22.63,deg,20,°C,972,hPa,0.816,-0.01371,0.000397,-0.00013,0,10.11,Humid,22.75,0,51,241042.02,SABD0000000001,AAV1.0.0.11,1.1.2.0,PSt7-10,191107-136,2/17/22 12:14,0000-00,0,no battery,V
4/18/22,12:28:27,9,default,199182947,OXY-CH9,38.851,min,254.025,µmol/L,Humid,18.267,deg,92679,µV,28.567,°C,1017,hPa,35.3,pmil,0,55.4,deg,20,°C,100,%a.s.,22.63,deg,20,°C,972,hPa,0.816,-0.01371,0.000397,-0.00013,0,10.11,Humid,22.75,0,51,241024.82,SABD0000000001,AAV1.0.0.11,1.1.2.0,PSt7-10,191107-136,2/17/22 12:14,0000-00,0,no battery,V
4/18/22,12:28:28,9,default,199182947,OXY-CH9,38.868,min,253.979,µmol/L,Humid,18.269,deg,92682,µV,28.567,°C,1017,hPa,35.3,pmil,0,55.4,deg,20,°C,100,%a.s.,22.63,deg,20,°C,972,hPa,0.816,-0.01371,0.000397,-0.00013,0,10.11,Humid,22.75,0,51,241024.09,SABD0000000001,AAV1.0.0.11,1.1.2.0,PSt7-10,191107-136,2/17/22 12:14,0000-00,0,no battery,V
4/18/22,12:28:29,9,default,199182947,OXY-CH9,38.885,min,253.904,µmol/L,Humid,18.271,deg,92693,µV,28.57,°C,1017,hPa,35.3,pmil,0,55.4,deg,20,°C,100,%a.s.,22.63,deg,20,°C,972,hPa,0.816,-0.01371,0.000397,-0.00013,0,10.11,Humid,22.75,0,51,241033.28,SABD0000000001,AAV1.0.0.11,1.1.2.0,PSt7-10,191107-136,2/17/22 12:14,0000-00,0,no battery,V
4/18/22,12:28:30,9,default,199182947,OXY-CH9,38.901,min,253.777,µmol/L,Humid,18.272,deg,92686,µV,28.583,°C,1017,hPa,35.3,pmil,0,55.4,deg,20,°C,100,%a.s.,22.63,deg,20,°C,972,hPa,0.816,-0.01371,0.000397,-0.00013,0,10.11,Humid,22.75,0,51,241021.62,SABD0000000001,AAV1.0.0.11,1.1.2.0,PSt7-10,191107-136,2/17/22 12:14,0000-00,0,no battery,V
4/18/22,12:28:31,9,default,199182947,OXY-CH9,38.917,min,253.621,µmol/L,Humid,18.274,deg,92689,µV,28.597,°C,1017,hPa,35.3,pmil,0,55.4,deg,20,°C,100,%a.s.,22.63,deg,20,°C,972,hPa,0.816,-0.01371,0.000397,-0.00013,0,10.11,Humid,22.75,0,51,241024.41,SABD0000000001,AAV1.0.0.11,1.1.2.0,PSt7-10,191107-136,2/17/22 12:14,0000-00,0,no battery,V
4/18/22,12:28:32,9,default,199182947,OXY-CH9,38.934,min,253.734,µmol/L,Humid,18.273,deg,92695,µV,28.586,°C,1017,hPa,35.3,pmil,0,55.4,deg,20,°C,100,%a.s.,22.63,deg,20,°C,972,hPa,0.816,-0.01371,0.000397,-0.00013,0,10.11,Humid,22.75,0,51,241025.42,SABD0000000001,AAV1.0.0.11,1.1.2.0,PSt7-10,191107-136,2/17/22 12:14,0000-00,0,no battery,V
4/18/22,12:28:33,9,default,199182947,OXY-CH9,38.951,min,253.804,µmol/L,Humid,18.273,deg,92701,µV,28.577,°C,1017,hPa,35.3,pmil,0,55.4,deg,20,°C,100,%a.s.,22.63,deg,20,°C,972,hPa,0.816,-0.01371,0.000397,-0.00013,0,10.11,Humid,22.75,0,51,241016.42,SABD0000000001,AAV1.0.0.11,1.1.2.0,PSt7-10,191107-136,2/17/22 12:14,0000-00,0,no battery,V
4/18/22,12:28:34,9,default,199182947,OXY-CH9,38.967,min,253.653,µmol/L,Humid,18.276,deg,92699,µV,28.587,°C,1017,hPa,35.3,pmil,0,55.4,deg,20,°C,100,%a.s.,22.63,deg,20,°C,972,hPa,0.816,-0.01371,0.000397,-0.00013,0,10.11,Humid,22.75,0,51,241013.09,SABD0000000001,AAV1.0.0.11,1.1.2.0,PSt7-10,191107-136,2/17/22 12:14,0000-00,0,no battery,V
4/18/22,12:28:35,9,default,199182947,OXY-CH9,38.984,min,253.711,µmol/L,Humid,18.275,deg,92715,µV,28.583,°C,1017,hPa,35.3,pmil,0,55.4,deg,20,°C,100,%a.s.,22.63,deg,20,°C,972,hPa,0.816,-0.01371,0.000397,-0.00013,0,10.11,Humid,22.75,0,51,241012.65,SABD0000000001,AAV1.0.0.11,1.1.2.0,PSt7-10,191107-136,2/17/22 12:14,0000-00,0,no battery,V
4/18/22,12:28:36,9,default,199182947,OXY-CH9,39.001,min,253.717,µmol/L,Humid,18.276,deg,92717,µV,28.579,°C,1017,hPa,35.3,pmil,0,55.4,deg,20,°C,100,%a.s.,22.63,deg,20,°C,972,hPa,0.816,-0.01371,0.000397,-0.00013,0,10.11,Humid,22.75,0,51,241025.67,SABD0000000001,AAV1.0.0.11,1.1.2.0,PSt7-10,191107-136,2/17/22 12:14,0000-00,0,no battery,V
4/18/22,12:28:37,9,default,199182947,OXY-CH9,39.017,min,253.651,µmol/L,Humid,18.28,deg,92707,µV,28.575,°C,1017,hPa,35.3,pmil,0,55.4,deg,20,°C,100,%a.s.,22.63,deg,20,°C,972,hPa,0.816,-0.01371,0.000397,-0.00013,0,10.11,Humid,22.75,0,51,241031.99,SABD0000000001,AAV1.0.0.11,1.1.2.0,PSt7-10,191107-136,2/17/22 12:14,0000-00,0,no battery,V
4/18/22,12:28:38,9,default,199182947,OXY-CH9,39.034,min,253.669,µmol/L,Humid,18.277,deg,92722,µV,28.582,°C,1017,hPa,35.3,pmil,0,55.4,deg,20,°C,100,%a.s.,22.63,deg,20,°C,972,hPa,0.816,-0.01371,0.000397,-0.00013,0,10.11,Humid,22.75,0,51,241038.02,SABD0000000001,AAV1.0.0.11,1.1.2.0,PSt7-10,191107-136,2/17/22 12:14,0000-00,0,no battery,V
4/18/22,12:28:39,9,default,199182947,OXY-CH9,39.051,min,253.58,µmol/L,Humid,18.28,deg,92728,µV,28.584,°C,1017,hPa,35.3,pmil,0,55.4,deg,20,°C,100,%a.s.,22.63,deg,20,°C,972,hPa,0.816,-0.01371,0.000397,-0.00013,0,10.11,Humid,22.75,0,51,241027.19,SABD0000000001,AAV1.0.0.11,1.1.2.0,PSt7-10,191107-136,2/17/22 12:14,0000-00,0,no battery,V
4/18/22,12:28:40,9,default,199182947,OXY-CH9,39.068,min,253.548,µmol/L,Humid,18.282,deg,92724,µV,28.582,°C,1017,hPa,35.3,pmil,0,55.4,deg,20,°C,100,%a.s.,22.63,deg,20,°C,972,hPa,0.816,-0.01371,0.000397,-0.00013,0,10.11,Humid,22.75,0,51,241019.59,SABD0000000001,AAV1.0.0.11,1.1.2.0,PSt7-10,191107-136,2/17/22 12:14,0000-00,0,no battery,V
4/18/22,12:28:41,9,default,199182947,OXY-CH9,39.084,min,253.759,µmol/L,Humid,18.275,deg,92725,µV,28.576,°C,1017,hPa,35.3,pmil,0,55.4,deg,20,°C,100,%a.s.,22.63,deg,20,°C,972,hPa,0.816,-0.01371,0.000397,-0.00013,0,10.11,Humid,22.75,0,51,241021.75,SABD0000000001,AAV1.0.0.11,1.1.2.0,PSt7-10,191107-136,2/17/22 12:14,0000-00,0,no battery,V
4/18/22,12:28:42,9,default,199182947,OXY-CH9,39.101,min,253.592,µmol/L,Humid,18.281,deg,92740,µV,28.579,°C,1017,hPa,35.3,pmil,0,55.4,deg,20,°C,100,%a.s.,22.63,deg,20,°C,972,hPa,0.816,-0.01371,0.000397,-0.00013,0,10.11,Humid,22.75,0,51,241012.2,SABD0000000001,AAV1.0.0.11,1.1.2.0,PSt7-10,191107-136,2/17/22 12:14,0000-00,0,no battery,V
4/18/22,12:28:44,9,default,199182947,OXY-CH9,39.135,min,253.685,µmol/L,Humid,18.279,deg,92741,µV,28.574,°C,1017,hPa,35.3,pmil,0,55.4,deg,20,°C,100,%a.s.,22.63,deg,20,°C,972,hPa,0.816,-0.01371,0.000397,-0.00013,0,10.11,Humid,22.75,0,51,241015.65,SABD0000000001,AAV1.0.0.11,1.1.2.0,PSt7-10,191107-136,2/17/22 12:14,0000-00,0,no battery,V
4/18/22,12:28:45,9,default,199182947,OXY-CH9,39.151,min,253.59,µmol/L,Humid,18.281,deg,92748,µV,28.58,°C,1017,hPa,35.3,pmil,0,55.4,deg,20,°C,100,%a.s.,22.63,deg,20,°C,972,hPa,0.816,-0.01371,0.000397,-0.00013,0,10.11,Humid,22.75,0,51,241014.07,SABD0000000001,AAV1.0.0.11,1.1.2.0,PSt7-10,191107-136,2/17/22 12:14,0000-00,0,no battery,V
4/18/22,12:28:46,9,default,199182947,OXY-CH9,39.168,min,253.526,µmol/L,Humid,18.285,deg,92755,µV,28.575,°C,1017,hPa,35.3,pmil,0,55.4,deg,20,°C,100,%a.s.,22.63,deg,20,°C,972,hPa,0.816,-0.01371,0.000397,-0.00013,0,10.11,Humid,22.75,0,51,241015.76,SABD0000000001,AAV1.0.0.11,1.1.2.0,PSt7-10,191107-136,2/17/22 12:14,0000-00,0,no battery,V
4/18/22,12:28:47,9,default,199182947,OXY-CH9,39.184,min,253.727,µmol/L,Humid,18.281,deg,92755,µV,28.562,°C,1017,hPa,35.3,pmil,0,55.4,deg,20,°C,100,%a.s.,22.63,deg,20,°C,972,hPa,0.816,-0.01371,0.000397,-0.00013,0,10.11,Humid,22.75,0,51,241020.4,SABD0000000001,AAV1.0.0.11,1.1.2.0,PSt7-10,191107-136,2/17/22 12:14,0000-00,0,no battery,V
4/18/22,12:28:48,9,default,199182947,OXY-CH9,39.201,min,253.397,µmol/L,Humid,18.287,deg,92770,µV,28.586,°C,1017,hPa,35.3,pmil,0,55.4,deg,20,°C,100,%a.s.,22.63,deg,20,°C,972,hPa,0.816,-0.01371,0.000397,-0.00013,0,10.11,Humid,22.75,0,51,241016.09,SABD0000000001,AAV1.0.0.11,1.1.2.0,PSt7-10,191107-136,2/17/22 12:14,0000-00,0,no battery,V
4/18/22,12:28:49,9,default,199182947,OXY-CH9,39.218,min,253.333,µmol/L,Humid,18.287,deg,92772,µV,28.594,°C,1017,hPa,35.3,pmil,0,55.4,deg,20,°C,100,%a.s.,22.63,deg,20,°C,972,hPa,0.816,-0.01371,0.000397,-0.00013,0,10.11,Humid,22.75,0,51,241016.13,SABD0000000001,AAV1.0.0.11,1.1.2.0,PSt7-10,191107-136,2/17/22 12:14,0000-00,0,no battery,V
4/18/22,12:28:50,9,default,199182947,OXY-CH9,39.235,min,253.386,µmol/L,Humid,18.286,deg,92777,µV,28.59,°C,1017,hPa,35.3,pmil,0,55.4,deg,20,°C,100,%a.s.,22.63,deg,20,°C,972,hPa,0.816,-0.01371,0.000397,-0.00013,0,10.11,Humid,22.75,0,51,241020.12,SABD0000000001,AAV1.0.0.11,1.1.2.0,PSt7-10,191107-136,2/17/22 12:14,0000-00,0,no battery,V
4/18/22,12:28:51,9,default,199182947,OXY-CH9,39.251,min,253.419,µmol/L,Humid,18.29,deg,92776,µV,28.574,°C,1017,hPa,35.3,pmil,0,55.4,deg,20,°C,100,%a.s.,22.63,deg,20,°C,972,hPa,0.816,-0.01371,0.000397,-0.00013,0,10.11,Humid,22.75,0,51,241013.59,SABD0000000001,AAV1.0.0.11,1.1.2.0,PSt7-10,191107-136,2/17/22 12:14,0000-00,0,no battery,V
4/18/22,12:28:52,9,default,199182947,OXY-CH9,39.267,min,253.491,µmol/L,Humid,18.289,deg,92787,µV,28.568,°C,1017,hPa,35.3,pmil,0,55.4,deg,20,°C,100,%a.s.,22.63,deg,20,°C,972,hPa,0.816,-0.01371,0.000397,-0.00013,0,10.11,Humid,22.75,0,51,241017.71,SABD0000000001,AAV1.0.0.11,1.1.2.0,PSt7-10,191107-136,2/17/22 12:14,0000-00,0,no battery,V
4/18/22,12:28:53,9,default,199182947,OXY-CH9,39.284,min,253.405,µmol/L,Humid,18.289,deg,92787,µV,28.579,°C,1017,hPa,35.3,pmil,0,55.4,deg,20,°C,100,%a.s.,22.63,deg,20,°C,972,hPa,0.816,-0.01371,0.000397,-0.00013,0,10.11,Humid,22.75,0,51,241016.77,SABD0000000001,AAV1.0.0.11,1.1.2.0,PSt7-10,191107-136,2/17/22 12:14,0000-00,0,no battery,V
4/18/22,12:28:54,9,default,199182947,OXY-CH9,39.301,min,253.421,µmol/L,Humid,18.289,deg,92786,µV,28.577,°C,1017,hPa,35.3,pmil,0,55.4,deg,20,°C,100,%a.s.,22.63,deg,20,°C,972,hPa,0.816,-0.01371,0.000397,-0.00013,0,10.11,Humid,22.75,0,51,241015.81,SABD0000000001,AAV1.0.0.11,1.1.2.0,PSt7-10,191107-136,2/17/22 12:14,0000-00,0,no battery,V
4/18/22,12:28:55,9,default,199182947,OXY-CH9,39.317,min,253.251,µmol/L,Humid,18.295,deg,92796,µV,28.58,°C,1017,hPa,35.3,pmil,0,55.4,deg,20,°C,100,%a.s.,22.63,deg,20,°C,972,hPa,0.816,-0.01371,0.000397,-0.00013,0,10.11,Humid,22.75,0,51,241004.39,SABD0000000001,AAV1.0.0.11,1.1.2.0,PSt7-10,191107-136,2/17/22 12:14,0000-00,0,no battery,V
4/18/22,12:28:56,9,default,199182947,OXY-CH9,39.334,min,253.319,µmol/L,Humid,18.293,deg,92794,µV,28.577,°C,1017,hPa,35.3,pmil,0,55.4,deg,20,°C,100,%a.s.,22.63,deg,20,°C,972,hPa,0.816,-0.01371,0.000397,-0.00013,0,10.11,Humid,22.75,0,51,241009.95,SABD0000000001,AAV1.0.0.11,1.1.2.0,PSt7-10,191107-136,2/17/22 12:14,0000-00,0,no battery,V
4/18/22,12:28:57,9,default,199182947,OXY-CH9,39.351,min,253.414,µmol/L,Humid,18.291,deg,92804,µV,28.571,°C,1017,hPa,35.3,pmil,0,55.4,deg,20,°C,100,%a.s.,22.63,deg,20,°C,972,hPa,0.816,-0.01371,0.000397,-0.00013,0,10.11,Humid,22.75,0,51,241008.4,SABD0000000001,AAV1.0.0.11,1.1.2.0,PSt7-10,191107-136,2/17/22 12:14,0000-00,0,no battery,V
4/18/22,12:28:58,9,default,199182947,OXY-CH9,39.368,min,253.376,µmol/L,Humid,18.294,deg,92803,µV,28.567,°C,1017,hPa,35.3,pmil,0,55.4,deg,20,°C,100,%a.s.,22.63,deg,20,°C,972,hPa,0.816,-0.01371,0.000397,-0.00013,0,10.11,Humid,22.75,0,51,241021.77,SABD0000000001,AAV1.0.0.11,1.1.2.0,PSt7-10,191107-136,2/17/22 12:14,0000-00,0,no battery,V
4/18/22,12:28:59,9,default,199182947,OXY-CH9,39.384,min,253.395,µmol/L,Humid,18.291,deg,92805,µV,28.574,°C,1017,hPa,35.3,pmil,0,55.4,deg,20,°C,100,%a.s.,22.63,deg,20,°C,972,hPa,0.816,-0.01371,0.000397,-0.00013,0,10.11,Humid,22.75,0,51,241016.94,SABD0000000001,AAV1.0.0.11,1.1.2.0,PSt7-10,191107-136,2/17/22 12:14,0000-00,0,no battery,V
4/18/22,12:29:00,9,default,199182947,OXY-CH9,39.401,min,253.126,µmol/L,Humid,18.297,deg,92816,µV,28.59,°C,1017,hPa,35.3,pmil,0,55.4,deg,20,°C,100,%a.s.,22.63,deg,20,°C,972,hPa,0.816,-0.01371,0.000397,-0.00013,0,10.11,Humid,22.75,0,51,241006.76,SABD0000000001,AAV1.0.0.11,1.1.2.0,PSt7-10,191107-136,2/17/22 12:14,0000-00,0,no battery,V
4/18/22,12:29:01,9,default,199182947,OXY-CH9,39.418,min,253.266,µmol/L,Humid,18.298,deg,92821,µV,28.569,°C,1017,hPa,35.3,pmil,0,55.4,deg,20,°C,100,%a.s.,22.63,deg,20,°C,972,hPa,0.816,-0.01371,0.000397,-0.00013,0,10.11,Humid,22.75,0,51,241018.37,SABD0000000001,AAV1.0.0.11,1.1.2.0,PSt7-10,191107-136,2/17/22 12:14,0000-00,0,no battery,V
4/18/22,12:29:02,9,default,199182947,OXY-CH9,39.434,min,253.217,µmol/L,Humid,18.3,deg,92812,µV,28.569,°C,1017,hPa,35.3,pmil,0,55.4,deg,20,°C,100,%a.s.,22.63,deg,20,°C,972,hPa,0.816,-0.01371,0.000397,-0.00013,0,10.11,Humid,22.75,0,51,241016.05,SABD0000000001,AAV1.0.0.11,1.1.2.0,PSt7-10,191107-136,2/17/22 12:14,0000-00,0,no battery,V
4/18/22,12:29:03,9,default,199182947,OXY-CH9,39.451,min,253.098,µmol/L,Humid,18.304,deg,92823,µV,28.572,°C,1017,hPa,35.3,pmil,0,55.4,deg,20,°C,100,%a.s.,22.63,deg,20,°C,972,hPa,0.816,-0.01371,0.000397,-0.00013,0,10.11,Humid,22.75,0,51,241013.51,SABD0000000001,AAV1.0.0.11,1.1.2.0,PSt7-10,191107-136,2/17/22 12:14,0000-00,0,no battery,V
4/18/22,12:29:04,9,default,199182947,OXY-CH9,39.467,min,253.364,µmol/L,Humid,18.295,deg,92831,µV,28.565,°C,1017,hPa,35.3,pmil,0,55.4,deg,20,°C,100,%a.s.,22.63,deg,20,°C,972,hPa,0.816,-0.01371,0.000397,-0.00013,0,10.11,Humid,22.75,0,51,241009.06,SABD0000000001,AAV1.0.0.11,1.1.2.0,PSt7-10,191107-136,2/17/22 12:14,0000-00,0,no battery,V
4/18/22,12:29:05,9,default,199182947,OXY-CH9,39.484,min,253.434,µmol/L,Humid,18.292,deg,92830,µV,28.566,°C,1017,hPa,35.3,pmil,0,55.4,deg,20,°C,100,%a.s.,22.63,deg,20,°C,972,hPa,0.816,-0.01371,0.000397,-0.00013,0,10.11,Humid,22.75,0,51,241007.61,SABD0000000001,AAV1.0.0.11,1.1.2.0,PSt7-10,191107-136,2/17/22 12:14,0000-00,0,no battery,V
4/18/22,12:29:06,9,default,199182947,OXY-CH9,39.501,min,253.169,µmol/L,Humid,18.307,deg,92835,µV,28.553,°C,1017,hPa,35.3,pmil,0,55.4,deg,20,°C,100,%a.s.,22.63,deg,20,°C,972,hPa,0.816,-0.01371,0.000397,-0.00013,0,10.11,Humid,22.75,0,51,241011.76,SABD0000000001,AAV1.0.0.11,1.1.2.0,PSt7-10,191107-136,2/17/22 12:14,0000-00,0,no battery,V
4/18/22,12:29:07,9,default,199182947,OXY-CH9,39.517,min,253.258,µmol/L,Humid,18.298,deg,92839,µV,28.57,°C,1017,hPa,35.3,pmil,0,55.4,deg,20,°C,100,%a.s.,22.63,deg,20,°C,972,hPa,0.816,-0.01371,0.000397,-0.00013,0,10.11,Humid,22.75,0,51,241015.28,SABD0000000001,AAV1.0.0.11,1.1.2.0,PSt7-10,191107-136,2/17/22 12:14,0000-00,0,no battery,V
4/18/22,12:29:08,9,default,199182947,OXY-CH9,39.534,min,253.205,µmol/L,Humid,18.3,deg,92838,µV,28.57,°C,1017,hPa,35.3,pmil,0,55.4,deg,20,°C,100,%a.s.,22.63,deg,20,°C,972,hPa,0.816,-0.01371,0.000397,-0.00013,0,10.11,Humid,22.75,0,51,241005.34,SABD0000000001,AAV1.0.0.11,1.1.2.0,PSt7-10,191107-136,2/17/22 12:14,0000-00,0,no battery,V
4/18/22,12:29:09,9,default,199182947,OXY-CH9,39.551,min,252.984,µmol/L,Humid,18.301,deg,92843,µV,28.596,°C,1017,hPa,35.3,pmil,0,55.4,deg,20,°C,100,%a.s.,22.63,deg,20,°C,972,hPa,0.816,-0.01371,0.000397,-0.00013,0,10.11,Humid,22.75,0,51,241018.69,SABD0000000001,AAV1.0.0.11,1.1.2.0,PSt7-10,191107-136,2/17/22 12:14,0000-00,0,no battery,V
4/18/22,12:29:10,9,default,199182947,OXY-CH9,39.567,min,253.058,µmol/L,Humid,18.303,deg,92851,µV,28.58,°C,1017,hPa,35.3,pmil,0,55.4,deg,20,°C,100,%a.s.,22.63,deg,20,°C,972,hPa,0.816,-0.01371,0.000397,-0.00013,0,10.11,Humid,22.75,0,51,241018.27,SABD0000000001,AAV1.0.0.11,1.1.2.0,PSt7-10,191107-136,2/17/22 12:14,0000-00,0,no battery,V
4/18/22,12:29:11,9,default,199182947,OXY-CH9,39.584,min,253.139,µmol/L,Humid,18.302,deg,92849,µV,28.573,°C,1017,hPa,35.3,pmil,0,55.4,deg,20,°C,100,%a.s.,22.63,deg,20,°C,972,hPa,0.816,-0.01371,0.000397,-0.00013,0,10.11,Humid,22.75,0,51,241014.47,SABD0000000001,AAV1.0.0.11,1.1.2.0,PSt7-10,191107-136,2/17/22 12:14,0000-00,0,no battery,V
4/18/22,12:29:12,9,default,199182947,OXY-CH9,39.601,min,253.118,µmol/L,Humid,18.303,deg,92855,µV,28.572,°C,1017,hPa,35.3,pmil,0,55.4,deg,20,°C,100,%a.s.,22.63,deg,20,°C,972,hPa,0.816,-0.01371,0.000397,-0.00013,0,10.11,Humid,22.75,0,51,241005.14,SABD0000000001,AAV1.0.0.11,1.1.2.0,PSt7-10,191107-136,2/17/22 12:14,0000-00,0,no battery,V
4/18/22,12:29:13,9,default,199182947,OXY-CH9,39.617,min,252.991,µmol/L,Humid,18.307,deg,92869,µV,28.576,°C,1017,hPa,35.3,pmil,0,55.4,deg,20,°C,100,%a.s.,22.63,deg,20,°C,972,hPa,0.816,-0.01371,0.000397,-0.00013,0,10.11,Humid,22.75,0,51,241004.86,SABD0000000001,AAV1.0.0.11,1.1.2.0,PSt7-10,191107-136,2/17/22 12:14,0000-00,0,no battery,V
4/18/22,12:29:14,9,default,199182947,OXY-CH9,39.634,min,253.013,µmol/L,Humid,18.303,deg,92867,µV,28.586,°C,1017,hPa,35.3,pmil,0,55.4,deg,20,°C,100,%a.s.,22.63,deg,20,°C,972,hPa,0.816,-0.01371,0.000397,-0.00013,0,10.11,Humid,22.75,0,51,241007.76,SABD0000000001,AAV1.0.0.11,1.1.2.0,PSt7-10,191107-136,2/17/22 12:14,0000-00,0,no battery,V
4/18/22,12:29:15,9,default,199182947,OXY-CH9,39.651,min,253.084,µmol/L,Humid,18.308,deg,92873,µV,28.561,°C,1017,hPa,35.3,pmil,0,55.4,deg,20,°C,100,%a.s.,22.63,deg,20,°C,972,hPa,0.816,-0.01371,0.000397,-0.00013,0,10.11,Humid,22.75,0,51,241004.86,SABD0000000001,AAV1.0.0.11,1.1.2.0,PSt7-10,191107-136,2/17/22 12:14,0000-00,0,no battery,V
4/18/22,12:29:16,9,default,199182947,OXY-CH9,39.668,min,252.994,µmol/L,Humid,18.31,deg,92881,µV,28.567,°C,1017,hPa,35.3,pmil,0,55.4,deg,20,°C,100,%a.s.,22.63,deg,20,°C,972,hPa,0.816,-0.01371,0.000397,-0.00013,0,10.11,Humid,22.75,0,51,241010.42,SABD0000000001,AAV1.0.0.11,1.1.2.0,PSt7-10,191107-136,2/17/22 12:14,0000-00,0,no battery,V
4/18/22,12:29:17,9,default,199182947,OXY-CH9,39.684,min,252.944,µmol/L,Humid,18.311,deg,92885,µV,28.57,°C,1017,hPa,35.3,pmil,0,55.4,deg,20,°C,100,%a.s.,22.63,deg,20,°C,972,hPa,0.816,-0.01371,0.000397,-0.00013,0,10.11,Humid,22.75,0,51,241004.2,SABD0000000001,AAV1.0.0.11,1.1.2.0,PSt7-10,191107-136,2/17/22 12:14,0000-00,0,no battery,V
4/18/22,12:29:18,9,default,199182947,OXY-CH9,39.701,min,252.956,µmol/L,Humid,18.31,deg,92880,µV,28.572,°C,1017,hPa,35.3,pmil,0,55.4,deg,20,°C,100,%a.s.,22.63,deg,20,°C,972,hPa,0.816,-0.01371,0.000397,-0.00013,0,10.11,Humid,22.75,0,51,241004.74,SABD0000000001,AAV1.0.0.11,1.1.2.0,PSt7-10,191107-136,2/17/22 12:14,0000-00,0,no battery,V
4/18/22,12:29:19,9,default,199182947,OXY-CH9,39.718,min,252.961,µmol/L,Humid,18.31,deg,92889,µV,28.571,°C,1017,hPa,35.3,pmil,0,55.4,deg,20,°C,100,%a.s.,22.63,deg,20,°C,972,hPa,0.816,-0.01371,0.000397,-0.00013,0,10.11,Humid,22.75,0,51,241003.11,SABD0000000001,AAV1.0.0.11,1.1.2.0,PSt7-10,191107-136,2/17/22 12:14,0000-00,0,no battery,V
4/18/22,12:29:20,9,default,199182947,OXY-CH9,39.734,min,252.815,µmol/L,Humid,18.317,deg,92893,µV,28.568,°C,1017,hPa,35.3,pmil,0,55.4,deg,20,°C,100,%a.s.,22.63,deg,20,°C,972,hPa,0.816,-0.01371,0.000397,-0.00013,0,10.11,Humid,22.75,0,51,241005.74,SABD0000000001,AAV1.0.0.11,1.1.2.0,PSt7-10,191107-136,2/17/22 12:14,0000-00,0,no battery,V
4/18/22,12:29:21,9,default,199182947,OXY-CH9,39.751,min,252.968,µmol/L,Humid,18.314,deg,92889,µV,28.558,°C,1017,hPa,35.3,pmil,0,55.4,deg,20,°C,100,%a.s.,22.63,deg,20,°C,972,hPa,0.816,-0.01371,0.000397,-0.00013,0,10.11,Humid,22.75,0,51,240999.41,SABD0000000001,AAV1.0.0.11,1.1.2.0,PSt7-10,191107-136,2/17/22 12:14,0000-00,0,no battery,V
4/18/22,12:29:22,9,default,199182947,OXY-CH9,39.768,min,253.014,µmol/L,Humid,18.308,deg,92894,µV,28.57,°C,1017,hPa,35.3,pmil,0,55.4,deg,20,°C,100,%a.s.,22.63,deg,20,°C,972,hPa,0.816,-0.01371,0.000397,-0.00013,0,10.11,Humid,22.75,0,51,241000.45,SABD0000000001,AAV1.0.0.11,1.1.2.0,PSt7-10,191107-136,2/17/22 12:14,0000-00,0,no battery,V
4/18/22,12:29:23,9,default,199182947,OXY-CH9,39.784,min,252.756,µmol/L,Humid,18.317,deg,92898,µV,28.576,°C,1017,hPa,35.3,pmil,0,55.4,deg,20,°C,100,%a.s.,22.63,deg,20,°C,972,hPa,0.816,-0.01371,0.000397,-0.00013,0,10.11,Humid,22.75,0,51,241002.28,SABD0000000001,AAV1.0.0.11,1.1.2.0,PSt7-10,191107-136,2/17/22 12:14,0000-00,0,no battery,V
4/18/22,12:29:24,9,default,199182947,OXY-CH9,39.801,min,252.92,µmol/L,Humid,18.313,deg,92905,µV,28.567,°C,1017,hPa,35.3,pmil,0,55.4,deg,20,°C,100,%a.s.,22.63,deg,20,°C,972,hPa,0.816,-0.01371,0.000397,-0.00013,0,10.11,Humid,22.75,0,51,241007.52,SABD0000000001,AAV1.0.0.11,1.1.2.0,PSt7-10,191107-136,2/17/22 12:14,0000-00,0,no battery,V
4/18/22,12:29:25,9,default,199182947,OXY-CH9,39.817,min,252.939,µmol/L,Humid,18.313,deg,92906,µV,28.565,°C,1017,hPa,35.3,pmil,0,55.4,deg,20,°C,100,%a.s.,22.63,deg,20,°C,972,hPa,0.816,-0.01371,0.000397,-0.00013,0,10.11,Humid,22.75,0,51,240996.65,SABD0000000001,AAV1.0.0.11,1.1.2.0,PSt7-10,191107-136,2/17/22 12:14,0000-00,0,no battery,V
4/18/22,12:29:26,9,default,199182947,OXY-CH9,39.834,min,252.891,µmol/L,Humid,18.316,deg,92912,µV,28.561,°C,1017,hPa,35.3,pmil,0,55.4,deg,20,°C,100,%a.s.,22.63,deg,20,°C,972,hPa,0.816,-0.01371,0.000397,-0.00013,0,10.11,Humid,22.75,0,51,240994.85,SABD0000000001,AAV1.0.0.11,1.1.2.0,PSt7-10,191107-136,2/17/22 12:14,0000-00,0,no battery,V
4/18/22,12:29:27,9,default,199182947,OXY-CH9,39.851,min,252.774,µmol/L,Humid,18.315,deg,92911,µV,28.58,°C,1017,hPa,35.3,pmil,0,55.4,deg,20,°C,100,%a.s.,22.63,deg,20,°C,972,hPa,0.816,-0.01371,0.000397,-0.00013,0,10.11,Humid,22.75,0,51,240999.49,SABD0000000001,AAV1.0.0.11,1.1.2.0,PSt7-10,191107-136,2/17/22 12:14,0000-00,0,no battery,V
4/18/22,12:29:28,9,default,199182947,OXY-CH9,39.867,min,252.705,µmol/L,Humid,18.317,deg,92917,µV,28.582,°C,1017,hPa,35.3,pmil,0,55.4,deg,20,°C,100,%a.s.,22.63,deg,20,°C,972,hPa,0.816,-0.01371,0.000397,-0.00013,0,10.11,Humid,22.75,0,51,240998.19,SABD0000000001,AAV1.0.0.11,1.1.2.0,PSt7-10,191107-136,2/17/22 12:14,0000-00,0,no battery,V
4/18/22,12:29:29,9,default,199182947,OXY-CH9,39.884,min,252.78,µmol/L,Humid,18.317,deg,92920,µV,28.573,°C,1017,hPa,35.3,pmil,0,55.4,deg,20,°C,100,%a.s.,22.63,deg,20,°C,972,hPa,0.816,-0.01371,0.000397,-0.00013,0,10.11,Humid,22.75,0,51,241003.69,SABD0000000001,AAV1.0.0.11,1.1.2.0,PSt7-10,191107-136,2/17/22 12:14,0000-00,0,no battery,V
4/18/22,12:29:30,9,default,199182947,OXY-CH9,39.901,min,252.768,µmol/L,Humid,18.318,deg,92909,µV,28.571,°C,1017,hPa,35.3,pmil,0,55.4,deg,20,°C,100,%a.s.,22.63,deg,20,°C,972,hPa,0.816,-0.01371,0.000397,-0.00013,0,10.11,Humid,22.75,0,51,240986.07,SABD0000000001,AAV1.0.0.11,1.1.2.0,PSt7-10,191107-136,2/17/22 12:14,0000-00,0,no battery,V
4/18/22,12:29:31,9,default,199182947,OXY-CH9,39.918,min,252.739,µmol/L,Humid,18.317,deg,92926,µV,28.578,°C,1017,hPa,35.3,pmil,0,55.4,deg,20,°C,100,%a.s.,22.63,deg,20,°C,972,hPa,0.816,-0.01371,0.000397,-0.00013,0,10.11,Humid,22.75,0,51,240995.9,SABD0000000001,AAV1.0.0.11,1.1.2.0,PSt7-10,191107-136,2/17/22 12:14,0000-00,0,no battery,V
4/18/22,12:29:32,9,default,199182947,OXY-CH9,39.934,min,252.676,µmol/L,Humid,18.319,deg,92923,µV,28.58,°C,1017,hPa,35.3,pmil,0,55.4,deg,20,°C,100,%a.s.,22.63,deg,20,°C,972,hPa,0.816,-0.01371,0.000397,-0.00013,0,10.11,Humid,22.75,0,51,240991.42,SABD0000000001,AAV1.0.0.11,1.1.2.0,PSt7-10,191107-136,2/17/22 12:14,0000-00,0,no battery,V
4/18/22,12:29:33,9,default,199182947,OXY-CH9,39.951,min,252.759,µmol/L,Humid,18.318,deg,92929,µV,28.572,°C,1017,hPa,35.3,pmil,0,55.4,deg,20,°C,100,%a.s.,22.63,deg,20,°C,972,hPa,0.816,-0.01371,0.000397,-0.00013,0,10.11,Humid,22.75,0,51,240981.49,SABD0000000001,AAV1.0.0.11,1.1.2.0,PSt7-10,191107-136,2/17/22 12:14,0000-00,0,no battery,V
4/18/22,12:29:34,9,default,199182947,OXY-CH9,39.968,min,252.647,µmol/L,Humid,18.322,deg,92933,µV,28.575,°C,1017,hPa,35.3,pmil,0,55.4,deg,20,°C,100,%a.s.,22.63,deg,20,°C,972,hPa,0.816,-0.01371,0.000397,-0.00013,0,10.11,Humid,22.75,0,51,240989.95,SABD0000000001,AAV1.0.0.11,1.1.2.0,PSt7-10,191107-136,2/17/22 12:14,0000-00,0,no battery,V
4/18/22,12:29:35,9,default,199182947,OXY-CH9,39.984,min,252.761,µmol/L,Humid,18.32,deg,92936,µV,28.566,°C,1017,hPa,35.3,pmil,0,55.4,deg,20,°C,100,%a.s.,22.63,deg,20,°C,972,hPa,0.816,-0.01371,0.000397,-0.00013,0,10.11,Humid,22.75,0,51,240992.4,SABD0000000001,AAV1.0.0.11,1.1.2.0,PSt7-10,191107-136,2/17/22 12:14,0000-00,0,no battery,V
4/18/22,12:29:36,9,default,199182947,OXY-CH9,40.001,min,252.646,µmol/L,Humid,18.324,deg,92954,µV,28.568,°C,1017,hPa,35.3,pmil,0,55.4,deg,20,°C,100,%a.s.,22.63,deg,20,°C,972,hPa,0.816,-0.01371,0.000397,-0.00013,0,10.11,Humid,22.75,0,51,240996.04,SABD0000000001,AAV1.0.0.11,1.1.2.0,PSt7-10,191107-136,2/17/22 12:14,0000-00,0,no battery,V
4/18/22,12:29:37,9,default,199182947,OXY-CH9,40.018,min,252.58,µmol/L,Humid,18.325,deg,92946,µV,28.574,°C,1017,hPa,35.3,pmil,0,55.4,deg,20,°C,100,%a.s.,22.63,deg,20,°C,972,hPa,0.816,-0.01371,0.000397,-0.00013,0,10.11,Humid,22.75,0,51,240989.29,SABD0000000001,AAV1.0.0.11,1.1.2.0,PSt7-10,191107-136,2/17/22 12:14,0000-00,0,no battery,V
4/18/22,12:29:38,9,default,199182947,OXY-CH9,40.034,min,252.713,µmol/L,Humid,18.321,deg,92946,µV,28.569,°C,1017,hPa,35.3,pmil,0,55.4,deg,20,°C,100,%a.s.,22.63,deg,20,°C,972,hPa,0.816,-0.01371,0.000397,-0.00013,0,10.11,Humid,22.75,0,51,240975.04,SABD0000000001,AAV1.0.0.11,1.1.2.0,PSt7-10,191107-136,2/17/22 12:14,0000-00,0,no battery,V
4/18/22,12:29:39,9,default,199182947,OXY-CH9,40.051,min,252.68,µmol/L,Humid,18.325,deg,92949,µV,28.561,°C,1017,hPa,35.3,pmil,0,55.4,deg,20,°C,100,%a.s.,22.63,deg,20,°C,972,hPa,0.816,-0.01371,0.000397,-0.00013,0,10.11,Humid,22.75,0,51,240987.4,SABD0000000001,AAV1.0.0.11,1.1.2.0,PSt7-10,191107-136,2/17/22 12:14,0000-00,0,no battery,V
4/18/22,12:29:40,9,default,199182947,OXY-CH9,40.068,min,252.795,µmol/L,Humid,18.322,deg,92961,µV,28.555,°C,1017,hPa,35.3,pmil,0,55.4,deg,20,°C,100,%a.s.,22.63,deg,20,°C,972,hPa,0.816,-0.01371,0.000397,-0.00013,0,10.11,Humid,22.75,0,51,240988.59,SABD0000000001,AAV1.0.0.11,1.1.2.0,PSt7-10,191107-136,2/17/22 12:14,0000-00,0,no battery,V
4/18/22,12:29:41,9,default,199182947,OXY-CH9,40.085,min,252.6,µmol/L,Humid,18.327,deg,92965,µV,28.565,°C,1017,hPa,35.3,pmil,0,55.4,deg,20,°C,100,%a.s.,22.63,deg,20,°C,972,hPa,0.816,-0.01371,0.000397,-0.00013,0,10.11,Humid,22.75,0,51,240977.52,SABD0000000001,AAV1.0.0.11,1.1.2.0,PSt7-10,191107-136,2/17/22 12:14,0000-00,0,no battery,V
4/18/22,12:29:42,9,default,199182947,OXY-CH9,40.101,min,252.573,µmol/L,Humid,18.33,deg,92967,µV,28.559,°C,1017,hPa,35.3,pmil,0,55.4,deg,20,°C,100,%a.s.,22.63,deg,20,°C,972,hPa,0.816,-0.01371,0.000397,-0.00013,0,10.11,Humid,22.75,0,51,240978.93,SABD0000000001,AAV1.0.0.11,1.1.2.0,PSt7-10,191107-136,2/17/22 12:14,0000-00,0,no battery,V
4/18/22,12:29:43,9,default,199182947,OXY-CH9,40.118,min,252.58,µmol/L,Humid,18.329,deg,92977,µV,28.561,°C,1017,hPa,35.3,pmil,0,55.4,deg,20,°C,100,%a.s.,22.63,deg,20,°C,972,hPa,0.816,-0.01371,0.000397,-0.00013,0,10.11,Humid,22.75,0,51,240986.96,SABD0000000001,AAV1.0.0.11,1.1.2.0,PSt7-10,191107-136,2/17/22 12:14,0000-00,0,no battery,V
4/18/22,12:29:44,9,default,199182947,OXY-CH9,40.135,min,252.594,µmol/L,Humid,18.33,deg,92974,µV,28.556,°C,1017,hPa,35.3,pmil,0,55.4,deg,20,°C,100,%a.s.,22.63,deg,20,°C,972,hPa,0.816,-0.01371,0.000397,-0.00013,0,10.11,Humid,22.75,0,51,240986.79,SABD0000000001,AAV1.0.0.11,1.1.2.0,PSt7-10,191107-136,2/17/22 12:14,0000-00,0,no battery,V
4/18/22,12:29:45,9,default,199182947,OXY-CH9,40.151,min,252.706,µmol/L,Humid,18.327,deg,92982,µV,28.551,°C,1017,hPa,35.3,pmil,0,55.4,deg,20,°C,100,%a.s.,22.63,deg,20,°C,972,hPa,0.816,-0.01371,0.000397,-0.00013,0,10.11,Humid,22.75,0,51,240982.69,SABD0000000001,AAV1.0.0.11,1.1.2.0,PSt7-10,191107-136,2/17/22 12:14,0000-00,0,no battery,V
4/18/22,12:29:46,9,default,199182947,OXY-CH9,40.167,min,252.562,µmol/L,Humid,18.332,deg,92989,µV,28.554,°C,1017,hPa,35.3,pmil,0,55.4,deg,20,°C,100,%a.s.,22.63,deg,20,°C,972,hPa,0.816,-0.01371,0.000397,-0.00013,0,10.11,Humid,22.75,0,51,240988.04,SABD0000000001,AAV1.0.0.11,1.1.2.0,PSt7-10,191107-136,2/17/22 12:14,0000-00,0,no battery,V
4/18/22,12:29:47,9,default,199182947,OXY-CH9,40.184,min,252.551,µmol/L,Humid,18.331,deg,92993,µV,28.559,°C,1017,hPa,35.3,pmil,0,55.4,deg,20,°C,100,%a.s.,22.63,deg,20,°C,972,hPa,0.816,-0.01371,0.000397,-0.00013,0,10.11,Humid,22.75,0,51,240979.25,SABD0000000001,AAV1.0.0.11,1.1.2.0,PSt7-10,191107-136,2/17/22 12:14,0000-00,0,no battery,V
4/18/22,12:29:48,9,default,199182947,OXY-CH9,40.201,min,252.359,µmol/L,Humid,18.332,deg,92989,µV,28.581,°C,1017,hPa,35.3,pmil,0,55.4,deg,20,°C,100,%a.s.,22.63,deg,20,°C,972,hPa,0.816,-0.01371,0.000397,-0.00013,0,10.11,Humid,22.75,0,51,240982.69,SABD0000000001,AAV1.0.0.11,1.1.2.0,PSt7-10,191107-136,2/17/22 12:14,0000-00,0,no battery,V
4/18/22,12:29:49,9,default,199182947,OXY-CH9,40.217,min,252.472,µmol/L,Humid,18.334,deg,92993,µV,28.56,°C,1017,hPa,35.3,pmil,0,55.4,deg,20,°C,100,%a.s.,22.63,deg,20,°C,972,hPa,0.816,-0.01371,0.000397,-0.00013,0,10.11,Humid,22.75,0,51,240979.54,SABD0000000001,AAV1.0.0.11,1.1.2.0,PSt7-10,191107-136,2/17/22 12:14,0000-00,0,no battery,V
4/18/22,12:29:50,9,default,199182947,OXY-CH9,40.234,min,252.499,µmol/L,Humid,18.333,deg,93004,µV,28.559,°C,1017,hPa,35.3,pmil,0,55.4,deg,20,°C,100,%a.s.,22.63,deg,20,°C,972,hPa,0.816,-0.01371,0.000397,-0.00013,0,10.11,Humid,22.75,0,51,240979.51,SABD0000000001,AAV1.0.0.11,1.1.2.0,PSt7-10,191107-136,2/17/22 12:14,0000-00,0,no battery,V
4/18/22,12:29:51,9,default,199182947,OXY-CH9,40.251,min,252.382,µmol/L,Humid,18.336,deg,93011,µV,28.565,°C,1017,hPa,35.3,pmil,0,55.4,deg,20,°C,100,%a.s.,22.63,deg,20,°C,972,hPa,0.816,-0.01371,0.000397,-0.00013,0,10.11,Humid,22.75,0,51,240980.83,SABD0000000001,AAV1.0.0.11,1.1.2.0,PSt7-10,191107-136,2/17/22 12:14,0000-00,0,no battery,V
4/18/22,12:29:52,9,default,199182947,OXY-CH9,40.267,min,252.312,µmol/L,Humid,18.337,deg,93002,µV,28.571,°C,1017,hPa,35.3,pmil,0,55.4,deg,20,°C,100,%a.s.,22.63,deg,20,°C,972,hPa,0.816,-0.01371,0.000397,-0.00013,0,10.11,Humid,22.75,0,51,240980.45,SABD0000000001,AAV1.0.0.11,1.1.2.0,PSt7-10,191107-136,2/17/22 12:14,0000-00,0,no battery,V
4/18/22,12:29:53,9,default,199182947,OXY-CH9,40.284,min,252.383,µmol/L,Humid,18.337,deg,93016,µV,28.562,°C,1017,hPa,35.3,pmil,0,55.4,deg,20,°C,100,%a.s.,22.63,deg,20,°C,972,hPa,0.816,-0.01371,0.000397,-0.00013,0,10.11,Humid,22.75,0,51,240988.31,SABD0000000001,AAV1.0.0.11,1.1.2.0,PSt7-10,191107-136,2/17/22 12:14,0000-00,0,no battery,V
4/18/22,12:29:54,9,default,199182947,OXY-CH9,40.301,min,252.302,µmol/L,Humid,18.341,deg,93016,µV,28.56,°C,1017,hPa,35.3,pmil,0,55.4,deg,20,°C,100,%a.s.,22.63,deg,20,°C,972,hPa,0.816,-0.01371,0.000397,-0.00013,0,10.11,Humid,22.75,0,51,240977.9,SABD0000000001,AAV1.0.0.11,1.1.2.0,PSt7-10,191107-136,2/17/22 12:14,0000-00,0,no battery,V
4/18/22,12:29:55,9,default,199182947,OXY-CH9,40.318,min,252.448,µmol/L,Humid,18.337,deg,93026,µV,28.554,°C,1017,hPa,35.3,pmil,0,55.4,deg,20,°C,100,%a.s.,22.63,deg,20,°C,972,hPa,0.816,-0.01371,0.000397,-0.00013,0,10.11,Humid,22.75,0,51,240989.23,SABD0000000001,AAV1.0.0.11,1.1.2.0,PSt7-10,191107-136,2/17/22 12:14,0000-00,0,no battery,V
4/18/22,12:29:56,9,default,199182947,OXY-CH9,40.334,min,252.168,µmol/L,Humid,18.341,deg,93021,µV,28.578,°C,1017,hPa,35.3,pmil,0,55.4,deg,20,°C,100,%a.s.,22.63,deg,20,°C,972,hPa,0.816,-0.01371,0.000397,-0.00013,0,10.11,Humid,22.75,0,51,240980.85,SABD0000000001,AAV1.0.0.11,1.1.2.0,PSt7-10,191107-136,2/17/22 12:14,0000-00,0,no battery,V
4/18/22,12:29:57,9,default,199182947,OXY-CH9,40.351,min,252.355,µmol/L,Humid,18.34,deg,93026,µV,28.556,°C,1017,hPa,35.3,pmil,0,55.4,deg,20,°C,100,%a.s.,22.63,deg,20,°C,972,hPa,0.816,-0.01371,0.000397,-0.00013,0,10.11,Humid,22.75,0,51,240972.74,SABD0000000001,AAV1.0.0.11,1.1.2.0,PSt7-10,191107-136,2/17/22 12:14,0000-00,0,no battery,V
4/18/22,12:29:58,9,default,199182947,OXY-CH9,40.367,min,252.262,µmol/L,Humid,18.343,deg,93034,µV,28.559,°C,1017,hPa,35.3,pmil,0,55.4,deg,20,°C,100,%a.s.,22.63,deg,20,°C,972,hPa,0.816,-0.01371,0.000397,-0.00013,0,10.11,Humid,22.75,0,51,240982.44,SABD0000000001,AAV1.0.0.11,1.1.2.0,PSt7-10,191107-136,2/17/22 12:14,0000-00,0,no battery,V
4/18/22,12:29:59,9,default,199182947,OXY-CH9,40.384,min,252.427,µmol/L,Humid,18.336,deg,93041,µV,28.56,°C,1017,hPa,35.3,pmil,0,55.4,deg,20,°C,100,%a.s.,22.63,deg,20,°C,972,hPa,0.816,-0.01371,0.000397,-0.00013,0,10.11,Humid,22.75,0,51,240975.36,SABD0000000001,AAV1.0.0.11,1.1.2.0,PSt7-10,191107-136,2/17/22 12:14,0000-00,0,no battery,V
4/18/22,12:30:00,9,default,199182947,OXY-CH9,40.401,min,252.225,µmol/L,Humid,18.345,deg,93035,µV,28.558,°C,1017,hPa,35.3,pmil,0,55.4,deg,20,°C,100,%a.s.,22.63,deg,20,°C,972,hPa,0.816,-0.01371,0.000397,-0.00013,0,10.11,Humid,22.75,0,51,240980.04,SABD0000000001,AAV1.0.0.11,1.1.2.0,PSt7-10,191107-136,2/17/22 12:14,0000-00,0,no battery,V
4/18/22,12:30:01,9,default,199182947,OXY-CH9,40.417,min,252.301,µmol/L,Humid,18.341,deg,93042,µV,28.56,°C,1017,hPa,35.3,pmil,0,55.4,deg,20,°C,100,%a.s.,22.63,deg,20,°C,972,hPa,0.816,-0.01371,0.000397,-0.00013,0,10.11,Humid,22.75,0,51,240996.05,SABD0000000001,AAV1.0.0.11,1.1.2.0,PSt7-10,191107-136,2/17/22 12:14,0000-00,0,no battery,V
4/18/22,12:30:02,9,default,199182947,OXY-CH9,40.434,min,252.258,µmol/L,Humid,18.343,deg,93045,µV,28.56,°C,1017,hPa,35.3,pmil,0,55.4,deg,20,°C,100,%a.s.,22.63,deg,20,°C,972,hPa,0.816,-0.01371,0.000397,-0.00013,0,10.11,Humid,22.75,0,51,240981.91,SABD0000000001,AAV1.0.0.11,1.1.2.0,PSt7-10,191107-136,2/17/22 12:14,0000-00,0,no battery,V
4/18/22,12:30:03,9,default,199182947,OXY-CH9,40.451,min,252.382,µmol/L,Humid,18.342,deg,93054,µV,28.547,°C,1017,hPa,35.3,pmil,0,55.4,deg,20,°C,100,%a.s.,22.63,deg,20,°C,972,hPa,0.816,-0.01371,0.000397,-0.00013,0,10.11,Humid,22.75,0,51,240986.98,SABD0000000001,AAV1.0.0.11,1.1.2.0,PSt7-10,191107-136,2/17/22 12:14,0000-00,0,no battery,V
4/18/22,12:30:04,9,default,199182947,OXY-CH9,40.468,min,252.288,µmol/L,Humid,18.346,deg,93057,µV,28.546,°C,1017,hPa,35.3,pmil,0,55.4,deg,20,°C,100,%a.s.,22.63,deg,20,°C,972,hPa,0.816,-0.01371,0.000397,-0.00013,0,10.11,Humid,22.75,0,51,240978.9,SABD0000000001,AAV1.0.0.11,1.1.2.0,PSt7-10,191107-136,2/17/22 12:14,0000-00,0,no battery,V
4/18/22,12:30:05,9,default,199182947,OXY-CH9,40.484,min,252.312,µmol/L,Humid,18.341,deg,93057,µV,28.559,°C,1017,hPa,35.3,pmil,0,55.4,deg,20,°C,100,%a.s.,22.63,deg,20,°C,972,hPa,0.816,-0.01371,0.000397,-0.00013,0,10.11,Humid,22.75,0,51,240973.69,SABD0000000001,AAV1.0.0.11,1.1.2.0,PSt7-10,191107-136,2/17/22 12:14,0000-00,0,no battery,V
4/18/22,12:30:06,9,default,199182947,OXY-CH9,40.501,min,251.95,µmol/L,Humid,18.349,deg,93059,µV,28.581,°C,1017,hPa,35.3,pmil,0,55.4,deg,20,°C,100,%a.s.,22.63,deg,20,°C,972,hPa,0.816,-0.01371,0.000397,-0.00013,0,10.11,Humid,22.75,0,51,240962.28,SABD0000000001,AAV1.0.0.11,1.1.2.0,PSt7-10,191107-136,2/17/22 12:14,0000-00,0,no battery,V
4/18/22,12:30:07,9,default,199182947,OXY-CH9,40.518,min,252.123,µmol/L,Humid,18.347,deg,93058,µV,28.565,°C,1017,hPa,35.3,pmil,0,55.4,deg,20,°C,100,%a.s.,22.63,deg,20,°C,972,hPa,0.816,-0.01371,0.000397,-0.00013,0,10.11,Humid,22.75,0,51,240979.69,SABD0000000001,AAV1.0.0.11,1.1.2.0,PSt7-10,191107-136,2/17/22 12:14,0000-00,0,no battery,V
4/18/22,12:30:08,9,default,199182947,OXY-CH9,40.534,min,252.102,µmol/L,Humid,18.348,deg,93069,µV,28.565,°C,1017,hPa,35.3,pmil,0,55.4,deg,20,°C,100,%a.s.,22.63,deg,20,°C,972,hPa,0.816,-0.01371,0.000397,-0.00013,0,10.11,Humid,22.75,0,51,240976.02,SABD0000000001,AAV1.0.0.11,1.1.2.0,PSt7-10,191107-136,2/17/22 12:14,0000-00,0,no battery,V
4/18/22,12:30:09,9,default,199182947,OXY-CH9,40.55,min,252.071,µmol/L,Humid,18.348,deg,93069,µV,28.569,°C,1017,hPa,35.3,pmil,0,55.4,deg,20,°C,100,%a.s.,22.63,deg,20,°C,972,hPa,0.816,-0.01371,0.000397,-0.00013,0,10.11,Humid,22.75,0,51,240974.86,SABD0000000001,AAV1.0.0.11,1.1.2.0,PSt7-10,191107-136,2/17/22 12:14,0000-00,0,no battery,V
4/18/22,12:30:10,9,default,199182947,OXY-CH9,40.567,min,252.1,µmol/L,Humid,18.349,deg,93079,µV,28.562,°C,1017,hPa,35.3,pmil,0,55.4,deg,20,°C,100,%a.s.,22.63,deg,20,°C,972,hPa,0.816,-0.01371,0.000397,-0.00013,0,10.11,Humid,22.75,0,51,240975.71,SABD0000000001,AAV1.0.0.11,1.1.2.0,PSt7-10,191107-136,2/17/22 12:14,0000-00,0,no battery,V
4/18/22,12:30:11,9,default,199182947,OXY-CH9,40.584,min,252.074,µmol/L,Humid,18.347,deg,93078,µV,28.571,°C,1017,hPa,35.3,pmil,0,55.4,deg,20,°C,100,%a.s.,22.63,deg,20,°C,972,hPa,0.816,-0.01371,0.000397,-0.00013,0,10.11,Humid,22.75,0,51,240978.44,SABD0000000001,AAV1.0.0.11,1.1.2.0,PSt7-10,191107-136,2/17/22 12:14,0000-00,0,no battery,V
4/18/22,12:30:12,9,default,199182947,OXY-CH9,40.601,min,252.103,µmol/L,Humid,18.349,deg,93087,µV,28.561,°C,1017,hPa,35.3,pmil,0,55.4,deg,20,°C,100,%a.s.,22.63,deg,20,°C,972,hPa,0.816,-0.01371,0.000397,-0.00013,0,10.11,Humid,22.75,0,51,240974.96,SABD0000000001,AAV1.0.0.11,1.1.2.0,PSt7-10,191107-136,2/17/22 12:14,0000-00,0,no battery,V
4/18/22,12:30:13,9,default,199182947,OXY-CH9,40.617,min,252.057,µmol/L,Humid,18.351,deg,93096,µV,28.561,°C,1017,hPa,35.3,pmil,0,55.4,deg,20,°C,100,%a.s.,22.63,deg,20,°C,972,hPa,0.816,-0.01371,0.000397,-0.00013,0,10.11,Humid,22.75,0,51,240981.81,SABD0000000001,AAV1.0.0.11,1.1.2.0,PSt7-10,191107-136,2/17/22 12:14,0000-00,0,no battery,V
4/18/22,12:30:14,9,default,199182947,OXY-CH9,40.634,min,252.052,µmol/L,Humid,18.351,deg,93095,µV,28.562,°C,1017,hPa,35.3,pmil,0,55.4,deg,20,°C,100,%a.s.,22.63,deg,20,°C,972,hPa,0.816,-0.01371,0.000397,-0.00013,0,10.11,Humid,22.75,0,51,240985.97,SABD0000000001,AAV1.0.0.11,1.1.2.0,PSt7-10,191107-136,2/17/22 12:14,0000-00,0,no battery,V
4/18/22,12:30:15,9,default,199182947,OXY-CH9,40.651,min,252.087,µmol/L,Humid,18.351,deg,93093,µV,28.557,°C,1017,hPa,35.3,pmil,0,55.4,deg,20,°C,100,%a.s.,22.63,deg,20,°C,972,hPa,0.816,-0.01371,0.000397,-0.00013,0,10.11,Humid,22.75,0,51,240982.22,SABD0000000001,AAV1.0.0.11,1.1.2.0,PSt7-10,191107-136,2/17/22 12:14,0000-00,0,no battery,V
4/18/22,12:30:16,9,default,199182947,OXY-CH9,40.668,min,252.019,µmol/L,Humid,18.351,deg,93097,µV,28.566,°C,1017,hPa,35.3,pmil,0,55.4,deg,20,°C,100,%a.s.,22.63,deg,20,°C,972,hPa,0.816,-0.01371,0.000397,-0.00013,0,10.11,Humid,22.75,0,51,240986.13,SABD0000000001,AAV1.0.0.11,1.1.2.0,PSt7-10,191107-136,2/17/22 12:14,0000-00,0,no battery,V
4/18/22,12:30:17,9,default,199182947,OXY-CH9,40.684,min,251.897,µmol/L,Humid,18.359,deg,93106,µV,28.557,°C,1017,hPa,35.3,pmil,0,55.4,deg,20,°C,100,%a.s.,22.63,deg,20,°C,972,hPa,0.816,-0.01371,0.000397,-0.00013,0,10.11,Humid,22.75,0,51,240982.54,SABD0000000001,AAV1.0.0.11,1.1.2.0,PSt7-10,191107-136,2/17/22 12:14,0000-00,0,no battery,V
4/18/22,12:30:18,9,default,199182947,OXY-CH9,40.701,min,252.12,µmol/L,Humid,18.354,deg,93108,µV,28.544,°C,1017,hPa,35.3,pmil,0,55.4,deg,20,°C,100,%a.s.,22.63,deg,20,°C,972,hPa,0.816,-0.01371,0.000397,-0.00013,0,10.11,Humid,22.75,0,51,240967.75,SABD0000000001,AAV1.0.0.11,1.1.2.0,PSt7-10,191107-136,2/17/22 12:14,0000-00,0,no battery,V
4/18/22,12:30:19,9,default,199182947,OXY-CH9,40.718,min,251.907,µmol/L,Humid,18.363,deg,93111,µV,28.543,°C,1017,hPa,35.3,pmil,0,55.4,deg,20,°C,100,%a.s.,22.63,deg,20,°C,972,hPa,0.816,-0.01371,0.000397,-0.00013,0,10.11,Humid,22.75,0,51,240979.64,SABD0000000001,AAV1.0.0.11,1.1.2.0,PSt7-10,191107-136,2/17/22 12:14,0000-00,0,no battery,V
4/18/22,12:30:20,9,default,199182947,OXY-CH9,40.735,min,251.996,µmol/L,Humid,18.359,deg,93116,µV,28.544,°C,1017,hPa,35.3,pmil,0,55.4,deg,20,°C,100,%a.s.,22.63,deg,20,°C,972,hPa,0.816,-0.01371,0.000397,-0.00013,0,10.11,Humid,22.75,0,51,240977.29,SABD0000000001,AAV1.0.0.11,1.1.2.0,PSt7-10,191107-136,2/17/22 12:14,0000-00,0,no battery,V
4/18/22,12:30:21,9,default,199182947,OXY-CH9,40.751,min,251.963,µmol/L,Humid,18.358,deg,93119,µV,28.552,°C,1017,hPa,35.3,pmil,0,55.4,deg,20,°C,100,%a.s.,22.63,deg,20,°C,972,hPa,0.816,-0.01371,0.000397,-0.00013,0,10.11,Humid,22.75,0,51,240972.83,SABD0000000001,AAV1.0.0.11,1.1.2.0,PSt7-10,191107-136,2/17/22 12:14,0000-00,0,no battery,V
4/18/22,12:30:22,9,default,199182947,OXY-CH9,40.767,min,252.162,µmol/L,Humid,18.355,deg,93124,µV,28.535,°C,1017,hPa,35.3,pmil,0,55.4,deg,20,°C,100,%a.s.,22.63,deg,20,°C,972,hPa,0.816,-0.01371,0.000397,-0.00013,0,10.11,Humid,22.75,0,51,240974.21,SABD0000000001,AAV1.0.0.11,1.1.2.0,PSt7-10,191107-136,2/17/22 12:14,0000-00,0,no battery,V
4/18/22,12:30:23,9,default,199182947,OXY-CH9,40.784,min,252.012,µmol/L,Humid,18.361,deg,93125,µV,28.536,°C,1017,hPa,35.3,pmil,0,55.4,deg,20,°C,100,%a.s.,22.63,deg,20,°C,972,hPa,0.816,-0.01371,0.000397,-0.00013,0,10.11,Humid,22.75,0,51,240973.72,SABD0000000001,AAV1.0.0.11,1.1.2.0,PSt7-10,191107-136,2/17/22 12:14,0000-00,0,no battery,V
4/18/22,12:30:24,9,default,199182947,OXY-CH9,40.801,min,251.883,µmol/L,Humid,18.359,deg,93126,µV,28.559,°C,1017,hPa,35.3,pmil,0,55.4,deg,20,°C,100,%a.s.,22.63,deg,20,°C,972,hPa,0.816,-0.01371,0.000397,-0.00013,0,10.11,Humid,22.75,0,51,240966.35,SABD0000000001,AAV1.0.0.11,1.1.2.0,PSt7-10,191107-136,2/17/22 12:14,0000-00,0,no battery,V
4/18/22,12:30:25,9,default,199182947,OXY-CH9,40.817,min,251.776,µmol/L,Humid,18.363,deg,93130,µV,28.56,°C,1017,hPa,35.3,pmil,0,55.4,deg,20,°C,100,%a.s.,22.63,deg,20,°C,972,hPa,0.816,-0.01371,0.000397,-0.00013,0,10.11,Humid,22.75,0,51,240967.86,SABD0000000001,AAV1.0.0.11,1.1.2.0,PSt7-10,191107-136,2/17/22 12:14,0000-00,0,no battery,V
4/18/22,12:30:26,9,default,199182947,OXY-CH9,40.834,min,251.794,µmol/L,Humid,18.365,deg,93141,µV,28.552,°C,1017,hPa,35.3,pmil,0,55.4,deg,20,°C,100,%a.s.,22.63,deg,20,°C,972,hPa,0.816,-0.01371,0.000397,-0.00013,0,10.11,Humid,22.75,0,51,240982.22,SABD0000000001,AAV1.0.0.11,1.1.2.0,PSt7-10,191107-136,2/17/22 12:14,0000-00,0,no battery,V
4/18/22,12:30:27,9,default,199182947,OXY-CH9,40.851,min,251.774,µmol/L,Humid,18.363,deg,93145,µV,28.561,°C,1017,hPa,35.3,pmil,0,55.4,deg,20,°C,100,%a.s.,22.63,deg,20,°C,972,hPa,0.816,-0.01371,0.000397,-0.00013,0,10.11,Humid,22.75,0,51,240981.82,SABD0000000001,AAV1.0.0.11,1.1.2.0,PSt7-10,191107-136,2/17/22 12:14,0000-00,0,no battery,V
4/18/22,12:30:28,9,default,199182947,OXY-CH9,40.867,min,251.802,µmol/L,Humid,18.362,deg,93142,µV,28.56,°C,1017,hPa,35.3,pmil,0,55.4,deg,20,°C,100,%a.s.,22.63,deg,20,°C,972,hPa,0.816,-0.01371,0.000397,-0.00013,0,10.11,Humid,22.75,0,51,240970.12,SABD0000000001,AAV1.0.0.11,1.1.2.0,PSt7-10,191107-136,2/17/22 12:14,0000-00,0,no battery,V
4/18/22,12:30:29,9,default,199182947,OXY-CH9,40.884,min,251.799,µmol/L,Humid,18.365,deg,93147,µV,28.551,°C,1017,hPa,35.3,pmil,0,55.4,deg,20,°C,100,%a.s.,22.63,deg,20,°C,972,hPa,0.816,-0.01371,0.000397,-0.00013,0,10.11,Humid,22.75,0,51,240963.82,SABD0000000001,AAV1.0.0.11,1.1.2.0,PSt7-10,191107-136,2/17/22 12:14,0000-00,0,no battery,V
4/18/22,12:30:30,9,default,199182947,OXY-CH9,40.901,min,251.785,µmol/L,Humid,18.366,deg,93148,µV,28.55,°C,1017,hPa,35.3,pmil,0,55.4,deg,20,°C,100,%a.s.,22.63,deg,20,°C,972,hPa,0.816,-0.01371,0.000397,-0.00013,0,10.11,Humid,22.75,0,51,240958.79,SABD0000000001,AAV1.0.0.11,1.1.2.0,PSt7-10,191107-136,2/17/22 12:14,0000-00,0,no battery,V
4/18/22,12:30:31,9,default,199182947,OXY-CH9,40.918,min,251.83,µmol/L,Humid,18.364,deg,93156,µV,28.55,°C,1017,hPa,35.3,pmil,0,55.4,deg,20,°C,100,%a.s.,22.63,deg,20,°C,972,hPa,0.816,-0.01371,0.000397,-0.00013,0,10.11,Humid,22.75,0,51,240967.79,SABD0000000001,AAV1.0.0.11,1.1.2.0,PSt7-10,191107-136,2/17/22 12:14,0000-00,0,no battery,V
4/18/22,12:30:32,9,default,199182947,OXY-CH9,40.934,min,251.752,µmol/L,Humid,18.368,deg,93156,µV,28.548,°C,1017,hPa,35.3,pmil,0,55.4,deg,20,°C,100,%a.s.,22.63,deg,20,°C,972,hPa,0.816,-0.01371,0.000397,-0.00013,0,10.11,Humid,22.75,0,51,240963.89,SABD0000000001,AAV1.0.0.11,1.1.2.0,PSt7-10,191107-136,2/17/22 12:14,0000-00,0,no battery,V
4/18/22,12:30:33,9,default,199182947,OXY-CH9,40.951,min,251.659,µmol/L,Humid,18.369,deg,93164,µV,28.557,°C,1017,hPa,35.3,pmil,0,55.4,deg,20,°C,100,%a.s.,22.63,deg,20,°C,972,hPa,0.816,-0.01371,0.000397,-0.00013,0,10.11,Humid,22.75,0,51,240973.78,SABD0000000001,AAV1.0.0.11,1.1.2.0,PSt7-10,191107-136,2/17/22 12:14,0000-00,0,no battery,V
4/18/22,12:30:34,9,default,199182947,OXY-CH9,40.968,min,251.714,µmol/L,Humid,18.367,deg,93166,µV,28.556,°C,1017,hPa,35.3,pmil,0,55.4,deg,20,°C,100,%a.s.,22.63,deg,20,°C,972,hPa,0.816,-0.01371,0.000397,-0.00013,0,10.11,Humid,22.75,0,51,240965.21,SABD0000000001,AAV1.0.0.11,1.1.2.0,PSt7-10,191107-136,2/17/22 12:14,0000-00,0,no battery,V
4/18/22,12:30:35,9,default,199182947,OXY-CH9,40.984,min,251.578,µmol/L,Humid,18.368,deg,93170,µV,28.571,°C,1017,hPa,35.3,pmil,0,55.4,deg,20,°C,100,%a.s.,22.63,deg,20,°C,972,hPa,0.816,-0.01371,0.000397,-0.00013,0,10.11,Humid,22.75,0,51,240976.61,SABD0000000001,AAV1.0.0.11,1.1.2.0,PSt7-10,191107-136,2/17/22 12:14,0000-00,0,no battery,V
4/18/22,12:30:36,9,default,199182947,OXY-CH9,41.001,min,251.563,µmol/L,Humid,18.375,deg,93177,µV,28.551,°C,1017,hPa,35.3,pmil,0,55.4,deg,20,°C,100,%a.s.,22.63,deg,20,°C,972,hPa,0.816,-0.01371,0.000397,-0.00013,0,10.11,Humid,22.75,0,51,240966.96,SABD0000000001,AAV1.0.0.11,1.1.2.0,PSt7-10,191107-136,2/17/22 12:14,0000-00,0,no battery,V
4/18/22,12:30:37,9,default,199182947,OXY-CH9,41.018,min,251.683,µmol/L,Humid,18.371,deg,93176,µV,28.548,°C,1017,hPa,35.3,pmil,0,55.4,deg,20,°C,100,%a.s.,22.63,deg,20,°C,972,hPa,0.816,-0.01371,0.000397,-0.00013,0,10.11,Humid,22.75,0,51,240958.94,SABD0000000001,AAV1.0.0.11,1.1.2.0,PSt7-10,191107-136,2/17/22 12:14,0000-00,0,no battery,V
4/18/22,12:30:38,9,default,199182947,OXY-CH9,41.035,min,251.692,µmol/L,Humid,18.37,deg,93182,µV,28.55,°C,1017,hPa,35.3,pmil,0,55.4,deg,20,°C,100,%a.s.,22.63,deg,20,°C,972,hPa,0.816,-0.01371,0.000397,-0.00013,0,10.11,Humid,22.75,0,51,240963.26,SABD0000000001,AAV1.0.0.11,1.1.2.0,PSt7-10,191107-136,2/17/22 12:14,0000-00,0,no battery,V
4/18/22,12:30:39,9,default,199182947,OXY-CH9,41.051,min,251.795,µmol/L,Humid,18.368,deg,93182,µV,28.542,°C,1017,hPa,35.3,pmil,0,55.4,deg,20,°C,100,%a.s.,22.63,deg,20,°C,972,hPa,0.816,-0.01371,0.000397,-0.00013,0,10.11,Humid,22.75,0,51,240965.54,SABD0000000001,AAV1.0.0.11,1.1.2.0,PSt7-10,191107-136,2/17/22 12:14,0000-00,0,no battery,V
4/18/22,12:30:40,9,default,199182947,OXY-CH9,41.068,min,251.644,µmol/L,Humid,18.372,deg,93181,µV,28.55,°C,1017,hPa,35.3,pmil,0,55.4,deg,20,°C,100,%a.s.,22.63,deg,20,°C,972,hPa,0.816,-0.01371,0.000397,-0.00013,0,10.11,Humid,22.75,0,51,240961.37,SABD0000000001,AAV1.0.0.11,1.1.2.0,PSt7-10,191107-136,2/17/22 12:14,0000-00,0,no battery,V
4/18/22,12:30:41,9,default,199182947,OXY-CH9,41.084,min,251.701,µmol/L,Humid,18.371,deg,93194,µV,28.545,°C,1017,hPa,35.3,pmil,0,55.4,deg,20,°C,100,%a.s.,22.63,deg,20,°C,972,hPa,0.816,-0.01371,0.000397,-0.00013,0,10.11,Humid,22.75,0,51,240960.44,SABD0000000001,AAV1.0.0.11,1.1.2.0,PSt7-10,191107-136,2/17/22 12:14,0000-00,0,no battery,V
4/18/22,12:30:42,9,default,199182947,OXY-CH9,41.1,min,251.709,µmol/L,Humid,18.374,deg,93196,µV,28.535,°C,1017,hPa,35.3,pmil,0,55.4,deg,20,°C,100,%a.s.,22.63,deg,20,°C,972,hPa,0.816,-0.01371,0.000397,-0.00013,0,10.11,Humid,22.75,0,51,240967,SABD0000000001,AAV1.0.0.11,1.1.2.0,PSt7-10,191107-136,2/17/22 12:14,0000-00,0,no battery,V
4/18/22,12:30:43,9,default,199182947,OXY-CH9,41.118,min,251.635,µmol/L,Humid,18.372,deg,93196,µV,28.551,°C,1017,hPa,35.3,pmil,0,55.4,deg,20,°C,100,%a.s.,22.63,deg,20,°C,972,hPa,0.816,-0.01371,0.000397,-0.00013,0,10.11,Humid,22.75,0,51,240965.65,SABD0000000001,AAV1.0.0.11,1.1.2.0,PSt7-10,191107-136,2/17/22 12:14,0000-00,0,no battery,V
4/18/22,12:30:44,9,default,199182947,OXY-CH9,41.134,min,251.433,µmol/L,Humid,18.38,deg,93203,µV,28.552,°C,1017,hPa,35.3,pmil,0,55.4,deg,20,°C,100,%a.s.,22.63,deg,20,°C,972,hPa,0.816,-0.01371,0.000397,-0.00013,0,10.11,Humid,22.75,0,51,240961.7,SABD0000000001,AAV1.0.0.11,1.1.2.0,PSt7-10,191107-136,2/17/22 12:14,0000-00,0,no battery,V
4/18/22,12:30:45,9,default,199182947,OXY-CH9,41.15,min,251.452,µmol/L,Humid,18.376,deg,93203,µV,28.562,°C,1017,hPa,35.3,pmil,0,55.4,deg,20,°C,100,%a.s.,22.63,deg,20,°C,972,hPa,0.816,-0.01371,0.000397,-0.00013,0,10.11,Humid,22.75,0,51,240959.2,SABD0000000001,AAV1.0.0.11,1.1.2.0,PSt7-10,191107-136,2/17/22 12:14,0000-00,0,no battery,V
4/18/22,12:30:46,9,default,199182947,OXY-CH9,41.167,min,251.503,µmol/L,Humid,18.376,deg,93214,µV,28.556,°C,1017,hPa,35.3,pmil,0,55.4,deg,20,°C,100,%a.s.,22.63,deg,20,°C,972,hPa,0.816,-0.01371,0.000397,-0.00013,0,10.11,Humid,22.75,0,51,240952.85,SABD0000000001,AAV1.0.0.11,1.1.2.0,PSt7-10,191107-136,2/17/22 12:14,0000-00,0,no battery,V
4/18/22,12:30:47,9,default,199182947,OXY-CH9,41.184,min,251.456,µmol/L,Humid,18.378,deg,93215,µV,28.556,°C,1017,hPa,35.3,pmil,0,55.4,deg,20,°C,100,%a.s.,22.63,deg,20,°C,972,hPa,0.816,-0.01371,0.000397,-0.00013,0,10.11,Humid,22.75,0,51,240957.76,SABD0000000001,AAV1.0.0.11,1.1.2.0,PSt7-10,191107-136,2/17/22 12:14,0000-00,0,no battery,V
4/18/22,12:30:48,9,default,199182947,OXY-CH9,41.201,min,251.39,µmol/L,Humid,18.381,deg,93216,µV,28.555,°C,1017,hPa,35.3,pmil,0,55.4,deg,20,°C,100,%a.s.,22.63,deg,20,°C,972,hPa,0.816,-0.01371,0.000397,-0.00013,0,10.11,Humid,22.75,0,51,240962.3,SABD0000000001,AAV1.0.0.11,1.1.2.0,PSt7-10,191107-136,2/17/22 12:14,0000-00,0,no battery,V
4/18/22,12:30:49,9,default,199182947,OXY-CH9,41.217,min,251.465,µmol/L,Humid,18.38,deg,93218,µV,28.548,°C,1017,hPa,35.3,pmil,0,55.4,deg,20,°C,100,%a.s.,22.63,deg,20,°C,972,hPa,0.816,-0.01371,0.000397,-0.00013,0,10.11,Humid,22.75,0,51,240957.61,SABD0000000001,AAV1.0.0.11,1.1.2.0,PSt7-10,191107-136,2/17/22 12:14,0000-00,0,no battery,V
4/18/22,12:30:50,9,default,199182947,OXY-CH9,41.234,min,251.509,µmol/L,Humid,18.381,deg,93225,µV,28.539,°C,1017,hPa,35.3,pmil,0,55.4,deg,20,°C,100,%a.s.,22.63,deg,20,°C,972,hPa,0.816,-0.01371,0.000397,-0.00013,0,10.11,Humid,22.75,0,51,240953.04,SABD0000000001,AAV1.0.0.11,1.1.2.0,PSt7-10,191107-136,2/17/22 12:14,0000-00,0,no battery,V
4/18/22,12:30:51,9,default,199182947,OXY-CH9,41.251,min,251.567,µmol/L,Humid,18.375,deg,93232,µV,28.55,°C,1017,hPa,35.3,pmil,0,55.4,deg,20,°C,100,%a.s.,22.63,deg,20,°C,972,hPa,0.816,-0.01371,0.000397,-0.00013,0,10.11,Humid,22.75,0,51,240953.85,SABD0000000001,AAV1.0.0.11,1.1.2.0,PSt7-10,191107-136,2/17/22 12:14,0000-00,0,no battery,V
4/18/22,12:30:52,9,default,199182947,OXY-CH9,41.268,min,251.311,µmol/L,Humid,18.386,deg,93234,µV,28.55,°C,1017,hPa,35.3,pmil,0,55.4,deg,20,°C,100,%a.s.,22.63,deg,20,°C,972,hPa,0.816,-0.01371,0.000397,-0.00013,0,10.11,Humid,22.75,0,51,240967.51,SABD0000000001,AAV1.0.0.11,1.1.2.0,PSt7-10,191107-136,2/17/22 12:14,0000-00,0,no battery,V
4/18/22,12:30:53,9,default,199182947,OXY-CH9,41.284,min,251.31,µmol/L,Humid,18.384,deg,93240,µV,28.556,°C,1017,hPa,35.3,pmil,0,55.4,deg,20,°C,100,%a.s.,22.63,deg,20,°C,972,hPa,0.816,-0.01371,0.000397,-0.00013,0,10.11,Humid,22.75,0,51,240951.05,SABD0000000001,AAV1.0.0.11,1.1.2.0,PSt7-10,191107-136,2/17/22 12:14,0000-00,0,no battery,V
4/18/22,12:30:54,9,default,199182947,OXY-CH9,41.301,min,251.348,µmol/L,Humid,18.382,deg,93243,µV,28.557,°C,1017,hPa,35.3,pmil,0,55.4,deg,20,°C,100,%a.s.,22.63,deg,20,°C,972,hPa,0.816,-0.01371,0.000397,-0.00013,0,10.11,Humid,22.75,0,51,240944.62,SABD0000000001,AAV1.0.0.11,1.1.2.0,PSt7-10,191107-136,2/17/22 12:14,0000-00,0,no battery,V
4/18/22,12:30:55,9,default,199182947,OXY-CH9,41.318,min,251.271,µmol/L,Humid,18.386,deg,93250,µV,28.555,°C,1017,hPa,35.3,pmil,0,55.4,deg,20,°C,100,%a.s.,22.63,deg,20,°C,972,hPa,0.816,-0.01371,0.000397,-0.00013,0,10.11,Humid,22.75,0,51,240951.27,SABD0000000001,AAV1.0.0.11,1.1.2.0,PSt7-10,191107-136,2/17/22 12:14,0000-00,0,no battery,V
4/18/22,12:30:56,9,default,199182947,OXY-CH9,41.334,min,251.265,µmol/L,Humid,18.387,deg,93252,µV,28.553,°C,1017,hPa,35.3,pmil,0,55.4,deg,20,°C,100,%a.s.,22.63,deg,20,°C,972,hPa,0.816,-0.01371,0.000397,-0.00013,0,10.11,Humid,22.75,0,51,240960.96,SABD0000000001,AAV1.0.0.11,1.1.2.0,PSt7-10,191107-136,2/17/22 12:14,0000-00,0,no battery,V
4/18/22,12:30:57,9,default,199182947,OXY-CH9,41.35,min,251.389,µmol/L,Humid,18.384,deg,93249,µV,28.546,°C,1017,hPa,35.3,pmil,0,55.4,deg,20,°C,100,%a.s.,22.63,deg,20,°C,972,hPa,0.816,-0.01371,0.000397,-0.00013,0,10.11,Humid,22.75,0,51,240954.73,SABD0000000001,AAV1.0.0.11,1.1.2.0,PSt7-10,191107-136,2/17/22 12:14,0000-00,0,no battery,V
4/18/22,12:30:58,9,default,199182947,OXY-CH9,41.367,min,251.427,µmol/L,Humid,18.384,deg,93259,µV,28.541,°C,1017,hPa,35.3,pmil,0,55.4,deg,20,°C,100,%a.s.,22.63,deg,20,°C,972,hPa,0.816,-0.01371,0.000397,-0.00013,0,10.11,Humid,22.75,0,51,240948.03,SABD0000000001,AAV1.0.0.11,1.1.2.0,PSt7-10,191107-136,2/17/22 12:14,0000-00,0,no battery,V
4/18/22,12:30:59,9,default,199182947,OXY-CH9,41.384,min,251.412,µmol/L,Humid,18.384,deg,93260,µV,28.543,°C,1017,hPa,35.3,pmil,0,55.4,deg,20,°C,100,%a.s.,22.63,deg,20,°C,972,hPa,0.816,-0.01371,0.000397,-0.00013,0,10.11,Humid,22.75,0,51,240955.73,SABD0000000001,AAV1.0.0.11,1.1.2.0,PSt7-10,191107-136,2/17/22 12:14,0000-00,0,no battery,V
4/18/22,12:31:00,9,default,199182947,OXY-CH9,41.401,min,251.199,µmol/L,Humid,18.39,deg,93266,µV,28.552,°C,1017,hPa,35.3,pmil,0,55.4,deg,20,°C,100,%a.s.,22.63,deg,20,°C,972,hPa,0.816,-0.01371,0.000397,-0.00013,0,10.11,Humid,22.75,0,51,240952.01,SABD0000000001,AAV1.0.0.11,1.1.2.0,PSt7-10,191107-136,2/17/22 12:14,0000-00,0,no battery,V
4/18/22,12:31:01,9,default,199182947,OXY-CH9,41.417,min,251.483,µmol/L,Humid,18.386,deg,93265,µV,28.527,°C,1017,hPa,35.3,pmil,0,55.4,deg,20,°C,100,%a.s.,22.63,deg,20,°C,972,hPa,0.816,-0.01371,0.000397,-0.00013,0,10.11,Humid,22.75,0,51,240960.35,SABD0000000001,AAV1.0.0.11,1.1.2.0,PSt7-10,191107-136,2/17/22 12:14,0000-00,0,no battery,V
4/18/22,12:31:02,9,default,199182947,OXY-CH9,41.434,min,251.414,µmol/L,Humid,18.387,deg,93272,µV,28.533,°C,1017,hPa,35.3,pmil,0,55.4,deg,20,°C,100,%a.s.,22.63,deg,20,°C,972,hPa,0.816,-0.01371,0.000397,-0.00013,0,10.11,Humid,22.75,0,51,240953.72,SABD0000000001,AAV1.0.0.11,1.1.2.0,PSt7-10,191107-136,2/17/22 12:14,0000-00,0,no battery,V
4/18/22,12:31:03,9,default,199182947,OXY-CH9,41.451,min,251.198,µmol/L,Humid,18.387,deg,93281,µV,28.561,°C,1017,hPa,35.3,pmil,0,55.4,deg,20,°C,100,%a.s.,22.63,deg,20,°C,972,hPa,0.816,-0.01371,0.000397,-0.00013,0,10.11,Humid,22.75,0,51,240961.97,SABD0000000001,AAV1.0.0.11,1.1.2.0,PSt7-10,191107-136,2/17/22 12:14,0000-00,0,no battery,V
4/18/22,12:31:04,9,default,199182947,OXY-CH9,41.468,min,251.15,µmol/L,Humid,18.39,deg,93280,µV,28.558,°C,1017,hPa,35.3,pmil,0,55.4,deg,20,°C,100,%a.s.,22.63,deg,20,°C,972,hPa,0.816,-0.01371,0.000397,-0.00013,0,10.11,Humid,22.75,0,51,240952.24,SABD0000000001,AAV1.0.0.11,1.1.2.0,PSt7-10,191107-136,2/17/22 12:14,0000-00,0,no battery,V
4/18/22,12:31:05,9,default,199182947,OXY-CH9,41.484,min,251.011,µmol/L,Humid,18.394,deg,93284,µV,28.564,°C,1017,hPa,35.3,pmil,0,55.4,deg,20,°C,100,%a.s.,22.63,deg,20,°C,972,hPa,0.816,-0.01371,0.000397,-0.00013,0,10.11,Humid,22.75,0,51,240945.28,SABD0000000001,AAV1.0.0.11,1.1.2.0,PSt7-10,191107-136,2/17/22 12:14,0000-00,0,no battery,V
4/18/22,12:31:06,9,default,199182947,OXY-CH9,41.5,min,251.21,µmol/L,Humid,18.391,deg,93274,µV,28.547,°C,1017,hPa,35.3,pmil,0,55.4,deg,20,°C,100,%a.s.,22.63,deg,20,°C,972,hPa,0.816,-0.01371,0.000397,-0.00013,0,10.11,Humid,22.75,0,51,240946.52,SABD0000000001,AAV1.0.0.11,1.1.2.0,PSt7-10,191107-136,2/17/22 12:14,0000-00,0,no battery,V
4/18/22,12:31:07,9,default,199182947,OXY-CH9,41.517,min,251.104,µmol/L,Humid,18.392,deg,93292,µV,28.558,°C,1017,hPa,35.3,pmil,0,55.4,deg,20,°C,100,%a.s.,22.63,deg,20,°C,972,hPa,0.816,-0.01371,0.000397,-0.00013,0,10.11,Humid,22.75,0,51,240941.57,SABD0000000001,AAV1.0.0.11,1.1.2.0,PSt7-10,191107-136,2/17/22 12:14,0000-00,0,no battery,V
4/18/22,12:31:08,9,default,199182947,OXY-CH9,41.534,min,251.051,µmol/L,Humid,18.396,deg,93292,µV,28.553,°C,1017,hPa,35.3,pmil,0,55.4,deg,20,°C,100,%a.s.,22.63,deg,20,°C,972,hPa,0.816,-0.01371,0.000397,-0.00013,0,10.11,Humid,22.75,0,51,240945.83,SABD0000000001,AAV1.0.0.11,1.1.2.0,PSt7-10,191107-136,2/17/22 12:14,0000-00,0,no battery,V
4/18/22,12:31:09,9,default,199182947,OXY-CH9,41.551,min,250.913,µmol/L,Humid,18.399,deg,93305,µV,28.561,°C,1017,hPa,35.3,pmil,0,55.4,deg,20,°C,100,%a.s.,22.63,deg,20,°C,972,hPa,0.816,-0.01371,0.000397,-0.00013,0,10.11,Humid,22.75,0,51,240950.77,SABD0000000001,AAV1.0.0.11,1.1.2.0,PSt7-10,191107-136,2/17/22 12:14,0000-00,0,no battery,V
4/18/22,12:31:10,9,default,199182947,OXY-CH9,41.567,min,250.992,µmol/L,Humid,18.398,deg,93298,µV,28.554,°C,1017,hPa,35.3,pmil,0,55.4,deg,20,°C,100,%a.s.,22.63,deg,20,°C,972,hPa,0.816,-0.01371,0.000397,-0.00013,0,10.11,Humid,22.75,0,51,240945.67,SABD0000000001,AAV1.0.0.11,1.1.2.0,PSt7-10,191107-136,2/17/22 12:14,0000-00,0,no battery,V
4/18/22,12:31:11,9,default,199182947,OXY-CH9,41.584,min,251.023,µmol/L,Humid,18.401,deg,93301,µV,28.541,°C,1017,hPa,35.3,pmil,0,55.4,deg,20,°C,100,%a.s.,22.63,deg,20,°C,972,hPa,0.816,-0.01371,0.000397,-0.00013,0,10.11,Humid,22.75,0,51,240942.86,SABD0000000001,AAV1.0.0.11,1.1.2.0,PSt7-10,191107-136,2/17/22 12:14,0000-00,0,no battery,V
4/18/22,12:31:12,9,default,199182947,OXY-CH9,41.601,min,251.144,µmol/L,Humid,18.393,deg,93302,µV,28.55,°C,1017,hPa,35.3,pmil,0,55.4,deg,20,°C,100,%a.s.,22.63,deg,20,°C,972,hPa,0.816,-0.01371,0.000397,-0.00013,0,10.11,Humid,22.75,0,51,240941.62,SABD0000000001,AAV1.0.0.11,1.1.2.0,PSt7-10,191107-136,2/17/22 12:14,0000-00,0,no battery,V
4/18/22,12:31:13,9,default,199182947,OXY-CH9,41.618,min,250.902,µmol/L,Humid,18.399,deg,93304,µV,28.563,°C,1017,hPa,35.3,pmil,0,55.4,deg,20,°C,100,%a.s.,22.63,deg,20,°C,972,hPa,0.816,-0.01371,0.000397,-0.00013,0,10.11,Humid,22.75,0,51,240947.55,SABD0000000001,AAV1.0.0.11,1.1.2.0,PSt7-10,191107-136,2/17/22 12:14,0000-00,0,no battery,V
4/18/22,12:31:14,9,default,199182947,OXY-CH9,41.634,min,251.098,µmol/L,Humid,18.399,deg,93305,µV,28.537,°C,1017,hPa,35.3,pmil,0,55.4,deg,20,°C,100,%a.s.,22.63,deg,20,°C,972,hPa,0.816,-0.01371,0.000397,-0.00013,0,10.11,Humid,22.75,0,51,240944.31,SABD0000000001,AAV1.0.0.11,1.1.2.0,PSt7-10,191107-136,2/17/22 12:14,0000-00,0,no battery,V
4/18/22,12:31:15,9,default,199182947,OXY-CH9,41.651,min,251.166,µmol/L,Humid,18.398,deg,93311,µV,28.532,°C,1017,hPa,35.3,pmil,0,55.4,deg,20,°C,100,%a.s.,22.63,deg,20,°C,972,hPa,0.816,-0.01371,0.000397,-0.00013,0,10.11,Humid,22.75,0,51,240944.52,SABD0000000001,AAV1.0.0.11,1.1.2.0,PSt7-10,191107-136,2/17/22 12:14,0000-00,0,no battery,V
4/18/22,12:31:16,9,default,199182947,OXY-CH9,41.668,min,250.996,µmol/L,Humid,18.401,deg,93326,µV,28.544,°C,1017,hPa,35.3,pmil,0,55.4,deg,20,°C,100,%a.s.,22.63,deg,20,°C,972,hPa,0.816,-0.01371,0.000397,-0.00013,0,10.11,Humid,22.75,0,51,240945.05,SABD0000000001,AAV1.0.0.11,1.1.2.0,PSt7-10,191107-136,2/17/22 12:14,0000-00,0,no battery,V
4/18/22,12:31:17,9,default,199182947,OXY-CH9,41.684,min,251.01,µmol/L,Humid,18.4,deg,93312,µV,28.546,°C,1017,hPa,35.3,pmil,0,55.4,deg,20,°C,100,%a.s.,22.63,deg,20,°C,972,hPa,0.816,-0.01371,0.000397,-0.00013,0,10.11,Humid,22.75,0,51,240931.36,SABD0000000001,AAV1.0.0.11,1.1.2.0,PSt7-10,191107-136,2/17/22 12:14,0000-00,0,no battery,V
4/18/22,12:31:18,9,default,199182947,OXY-CH9,41.701,min,250.931,µmol/L,Humid,18.402,deg,93324,µV,28.55,°C,1017,hPa,35.3,pmil,0,55.4,deg,20,°C,100,%a.s.,22.63,deg,20,°C,972,hPa,0.816,-0.01371,0.000397,-0.00013,0,10.11,Humid,22.75,0,51,240952.85,SABD0000000001,AAV1.0.0.11,1.1.2.0,PSt7-10,191107-136,2/17/22 12:14,0000-00,0,no battery,V
4/18/22,12:31:19,9,default,199182947,OXY-CH9,41.718,min,250.992,µmol/L,Humid,18.405,deg,93333,µV,28.532,°C,1017,hPa,35.3,pmil,0,55.4,deg,20,°C,100,%a.s.,22.63,deg,20,°C,972,hPa,0.816,-0.01371,0.000397,-0.00013,0,10.11,Humid,22.75,0,51,240940.06,SABD0000000001,AAV1.0.0.11,1.1.2.0,PSt7-10,191107-136,2/17/22 12:14,0000-00,0,no battery,V
4/18/22,12:31:20,9,default,199182947,OXY-CH9,41.734,min,251.044,µmol/L,Humid,18.402,deg,93326,µV,28.535,°C,1017,hPa,35.3,pmil,0,55.4,deg,20,°C,100,%a.s.,22.63,deg,20,°C,972,hPa,0.816,-0.01371,0.000397,-0.00013,0,10.11,Humid,22.75,0,51,240944.03,SABD0000000001,AAV1.0.0.11,1.1.2.0,PSt7-10,191107-136,2/17/22 12:14,0000-00,0,no battery,V
4/18/22,12:31:21,9,default,199182947,OXY-CH9,41.751,min,250.965,µmol/L,Humid,18.404,deg,93336,µV,28.539,°C,1017,hPa,35.3,pmil,0,55.4,deg,20,°C,100,%a.s.,22.63,deg,20,°C,972,hPa,0.816,-0.01371,0.000397,-0.00013,0,10.11,Humid,22.75,0,51,240922.15,SABD0000000001,AAV1.0.0.11,1.1.2.0,PSt7-10,191107-136,2/17/22 12:14,0000-00,0,no battery,V
4/18/22,12:31:22,9,default,199182947,OXY-CH9,41.767,min,250.852,µmol/L,Humid,18.405,deg,93325,µV,28.551,°C,1017,hPa,35.3,pmil,0,55.4,deg,20,°C,100,%a.s.,22.63,deg,20,°C,972,hPa,0.816,-0.01371,0.000397,-0.00013,0,10.11,Humid,22.75,0,51,240924.39,SABD0000000001,AAV1.0.0.11,1.1.2.0,PSt7-10,191107-136,2/17/22 12:14,0000-00,0,no battery,V
4/18/22,12:31:23,9,default,199182947,OXY-CH9,41.784,min,250.932,µmol/L,Humid,18.399,deg,93344,µV,28.559,°C,1017,hPa,35.3,pmil,0,55.4,deg,20,°C,100,%a.s.,22.63,deg,20,°C,972,hPa,0.816,-0.01371,0.000397,-0.00013,0,10.11,Humid,22.75,0,51,240935.51,SABD0000000001,AAV1.0.0.11,1.1.2.0,PSt7-10,191107-136,2/17/22 12:14,0000-00,0,no battery,V
4/18/22,12:31:24,9,default,199182947,OXY-CH9,41.801,min,250.845,µmol/L,Humid,18.406,deg,93338,µV,28.549,°C,1017,hPa,35.3,pmil,0,55.4,deg,20,°C,100,%a.s.,22.63,deg,20,°C,972,hPa,0.816,-0.01371,0.000397,-0.00013,0,10.11,Humid,22.75,0,51,240933.25,SABD0000000001,AAV1.0.0.11,1.1.2.0,PSt7-10,191107-136,2/17/22 12:14,0000-00,0,no battery,V
4/18/22,12:31:25,9,default,199182947,OXY-CH9,41.817,min,250.731,µmol/L,Humid,18.407,deg,93337,µV,28.56,°C,1017,hPa,35.3,pmil,0,55.4,deg,20,°C,100,%a.s.,22.63,deg,20,°C,972,hPa,0.816,-0.01371,0.000397,-0.00013,0,10.11,Humid,22.75,0,51,240926.95,SABD0000000001,AAV1.0.0.11,1.1.2.0,PSt7-10,191107-136,2/17/22 12:14,0000-00,0,no battery,V
,,,,,,,,,,,,,,,,,,,,,,,,,,,,,,,,,,,,,,,,,,,,,,,,,,,,,,
Date,Time,delta_t,Device_Serial,Channel,User,Annotation,,,,,,,,,,,,,,,,,,,,,,,,,,,,,,,,,,,,,,,,,,,,,,,,